0 0.6202328431372549 0.2262353515625 0.0476593137254902 0.0520849609375
0 0.532406045751634 0.2132177734375 0.049019607843137254 0.0520849609375
0 0.35266748366013073 0.2848291015625 0.054464869281045755 0.0520849609375
0 0.37854166666666667 0.4671240234375 0.049019607843137254 0.0651025390625
0 0.25871323529411766 0.6070947265625 0.049019607843137254 0.0716162109375
0 0.6311274509803921 0.75439453125 0.05854983660130719 0.0764990234375
0 0.7598039215686274 0.4264306640625 0.046294934640522874 0.0651025390625
0 0.7421037581699347 0.30517578125 0.049019607843137254 0.0699853515625
0 0.6924019607843137 0.30517578125 0.042209967320261436 0.0569677734375
0 0.6604044117647059 0.3507470703125 0.054464869281045755 0.0602197265625
