0 0.2089093137254902 0.4036669921875 0.02525735294117647 0.0256005859375
0 0.214015522875817 0.4444482421875 0.02321486928104575 0.0339208984375
0 0.21115604575163396 0.482177734375 0.025665849673202613 0.02880859375
0 0.2586437908496732 0.5105029296875 0.01238562091503268 0.026865234375
0 0.2904003267973856 0.6180712890625 0.020755718954248367 0.0247119140625
0 0.5296650326797385 0.6942578125 0.019297385620915035 0.03060546875
0 0.4692116013071896 0.79095703125 0.02093954248366013 0.0286962890625
0 0.5244566993464052 0.8014599609375 0.031348039215686276 0.025283203125
0 0.5762295751633987 0.795107421875 0.02255718954248366 0.0223486328125
0 0.724812091503268 0.66849609375 0.027647058823529413 0.02546875
0 0.7533047385620915 0.3023291015625 0.029481209150326797 0.032880859375
0 0.37526143790849675 0.1978173828125 0.02911764705882353 0.0386962890625
0 0.4431699346405229 0.4057421875 0.02400326797385621 0.0273095703125
