0 0.7682148692810458 0.4517724609375 0.014366830065359477 0.0192724609375
0 0.5018872549019607 0.6131884765625 0.020935457516339868 0.0247119140625
0 0.5534599673202614 0.412216796875 0.023991013071895422 0.0280419921875
0 0.6652777777777777 0.312705078125 0.012745098039215686 0.02189453125
0 0.7062254901960784 0.3015966796875 0.010902777777777779 0.0167626953125
0 0.2777410130718954 0.3339501953125 0.01993872549019608 0.020439453125
0 0.6214705882352941 0.8065869140625 0.017038398692810458 0.020888671875
0 0.4582843137254902 0.7914453125 0.01338235294117647 0.0199072265625
0 0.4453145424836602 0.84578125 0.009910130718954248 0.0187060546875
0 0.2093218954248366 0.510869140625 0.01790441176470588 0.0105029296875
