0 0.41784313725490196 0.449580078125 0.03054330065359477 0.0392919921875
0 0.3692361111111111 0.216982421875 0.023194444444444445 0.02576171875
0 0.5078104575163398 0.2720458984375 0.020522875816993465 0.0211474609375
0 0.3006127450980392 0.38779296875 0.016666666666666666 0.00849609375
0 0.26446486928104573 0.4199072265625 0.013815359477124183 0.016572265625
0 0.24301879084967318 0.4420068359375 0.015857843137254902 0.019267578125
0 0.3856781045751634 0.697919921875 0.029526143790849675 0.02328125
0 0.26906045751633983 0.6030517578125 0.02095996732026144 0.021533203125
0 0.2837622549019608 0.5667919921875 0.01769199346405229 0.0295751953125
0 0.28713235294117645 0.6644677734375 0.014219771241830065 0.0198486328125
0 0.2878472222222222 0.6213671875 0.009522058823529411 0.023984375
0 0.3116421568627451 0.6324755859375 0.014215686274509802 0.019345703125
