0 0.3405800653594771 0.428251953125 0.026785130718954244 0.0285888671875
0 0.35444852941176475 0.5163037109375 0.02582924836601307 0.0331640625
0 0.17411764705882354 0.49171875 0.022961601307189543 0.0320166015625
0 0.218125 0.505439453125 0.028700980392156863 0.0320166015625
0 0.24730392156862743 0.335625 0.02582924836601307 0.026298828125
0 0.46255718954248365 0.41224609375 0.022001633986928105 0.024013671875
0 0.42667892156862747 0.419677734375 0.02104575163398693 0.02515625
0 0.3530147058823529 0.6146484375 0.030612745098039216 0.0331640625
0 0.2846119281045752 0.6209375 0.027745098039215686 0.0205859375
0 0.30231209150326793 0.5546142578125 0.026785130718954244 0.0274462890625
0 0.3300531045751634 0.5734814453125 0.013394607843137254 0.024013671875
0 0.401327614379085 0.417958984375 0.0181781045751634 0.021728515625
0 0.4085049019607843 0.609501953125 0.022961601307189543 0.02287109375
