0 0.30949754901960785 0.1704638671875 0.028308823529411765 0.032822265625
0 0.27324754901960785 0.695966796875 0.01912173202614379 0.019375
0 0.31123366013071896 0.7437060546875 0.013398692810457516 0.0294091796875
0 0.33196486928104574 0.759091796875 0.01605392156862745 0.02599609375
0 0.40681781045751636 0.8129345703125 0.02482434640522876 0.0238232421875
0 0.48963643790849676 0.7692236328125 0.012765522875816993 0.0194091796875
0 0.598390522875817 0.774228515625 0.015816993464052288 0.0172119140625
0 0.6429125816993464 0.4527490234375 0.01499591503267974 0.0212255859375
0 0.5745955882352941 0.4402978515625 0.027459150326797386 0.030498046875
0 0.5626470588235294 0.3990283203125 0.021948529411764704 0.021201171875
0 0.42887254901960786 0.3649609375 0.019922385620915035 0.0189892578125
0 0.7595343137254902 0.4597119140625 0.015388071895424838 0.0229345703125
0 0.7610661764705882 0.511357421875 0.012324346405228758 0.02125
0 0.7928227124183006 0.5493310546875 0.012524509803921568 0.0215087890625
0 0.5881781045751634 0.7186767578125 0.019901960784313725 0.020849609375
0 0.39864787581699346 0.728935546875 0.02482843137254902 0.0316015625
0 0.45726307189542487 0.73552734375 0.015424836601307189 0.02037109375
0 0.3949714052287582 0.1879248046875 0.01747549019607843 0.0213525390625
0 0.3026552287581699 0.234931640625 0.020751633986928104 0.0250390625
