0 0.37985702614379085 0.691083984375 0.02809640522875817 0.029140625
0 0.49729166666666663 0.852861328125 0.021956699346405227 0.0377587890625
0 0.5681617647058823 0.8444384765625 0.02889297385620915 0.0233447265625
0 0.7588194444444444 0.3423779296875 0.020085784313725492 0.0250830078125
0 0.7851633986928104 0.6387060546875 0.019677287581699347 0.0244775390625
0 0.34473039215686274 0.8036572265625 0.03136846405228758 0.034560546875
0 0.39548202614379085 0.5007373046875 0.02462418300653595 0.0268603515625
0 0.3124591503267974 0.3853515625 0.01584967320261438 0.0231494140625
0 0.33349673202614377 0.249462890625 0.012990196078431373 0.0272412109375
0 0.5089338235294117 0.2113671875 0.01664624183006536 0.0194091796875
0 0.4146813725490196 0.2241845703125 0.013999183006535949 0.0230810546875
0 0.39047794117647056 0.28474609375 0.0329983660130719 0.02701171875
0 0.322875816993464 0.2875537109375 0.01625816993464052 0.015537109375
0 0.2852941176470588 0.593408203125 0.022798202614379086 0.0193310546875
0 0.31776960784313724 0.630888671875 0.01830065359477124 0.0283837890625
0 0.291625816993464 0.7004833984375 0.015036764705882354 0.016201171875
0 0.5022957516339869 0.13224609375 0.021752450980392156 0.0271923828125
