0 0.6331699346405228 0.75439453125 0.038125 0.0667333984375
0 0.3737745098039216 0.46142578125 0.03948937908496732 0.0504541015625
0 0.25462826797385624 0.6111669921875 0.035404411764705886 0.0634765625
0 0.35266748366013073 0.2889013671875 0.038125 0.0472021484375
0 0.5392156862745098 0.2181005859375 0.051744281045751635 0.0520849609375
0 0.6161478758169935 0.224609375 0.04493464052287582 0.0520849609375
0 0.7434640522875817 0.3035498046875 0.049019607843137254 0.0537109375
0 0.688999183006536 0.30029296875 0.038125 0.0439453125
0 0.6610825163398693 0.3523779296875 0.04493464052287582 0.0504541015625
0 0.7645710784313726 0.4313134765625 0.04493464052287582 0.0651025390625
