0 0.3383700980392157 0.42724609375 0.04493464052287582 0.0406884765625
0 0.24509803921568626 0.3401708984375 0.027234477124183008 0.0423193359375
0 0.2178635620915033 0.4280615234375 0.035404411764705886 0.0455712890625
0 0.219906045751634 0.5045556640625 0.055829248366013065 0.048828125
0 0.17020833333333335 0.4899072265625 0.038125 0.0455712890625
0 0.3499468954248366 0.5167626953125 0.029955065359477125 0.0374365234375
0 0.30092728758169934 0.5550146484375 0.024509803921568627 0.029296875
0 0.35130718954248363 0.61279296875 0.021785130718954247 0.0244140625
0 0.4234763071895425 0.4231787109375 0.021785130718954247 0.0358056640625
0 0.4643259803921569 0.41748046875 0.019064542483660133 0.0374365234375
0 0.4089093137254902 0.611337890625 0.023615196078431374 0.0267431640625
0 0.3284313725490196 0.57419921875 0.018022875816993463 0.02525390625
0 0.2799591503267974 0.620625 0.02050653594771242 0.02302734375
0 0.2507516339869281 0.48357421875 0.030449346405228762 0.034169921875
0 0.4011397058823529 0.4222900390625 0.01926470588235294 0.0200537109375
0 0.38840277777777776 0.4872900390625 0.017401960784313726 0.02080078125
