0 0.482687908496732 0.4586181640625 0.0642361111111111 0.0671435546875
0 0.6727328431372549 0.1972021484375 0.01744281045751634 0.0301513671875
0 0.6371936274509804 0.1685107421875 0.019897875816993465 0.028916015625
0 0.45113562091503273 0.1831591796875 0.011339869281045752 0.0191552734375
0 0.4770751633986929 0.1809619140625 0.010114379084967321 0.0196435546875
0 0.4931045751633987 0.14482421875 0.015625 0.0157177734375
0 0.5028063725490196 0.1826708984375 0.012561274509803922 0.0181787109375
0 0.56734477124183 0.2113671875 0.019089052287581697 0.0194091796875
0 0.5908333333333333 0.28865234375 0.021127450980392155 0.02505859375
0 0.2876429738562091 0.3390771484375 0.013198529411764706 0.0258154296875
0 0.6710988562091503 0.7980419921875 0.022344771241830066 0.0282080078125
0 0.25496732026143787 0.40818359375 0.013202614379084968 0.01265625
0 0.30837418300653596 0.5416357421875 0.01584967320261438 0.013447265625
0 0.3395220588235294 0.70353515625 0.018909313725490196 0.0198681640625
0 0.3576960784313725 0.774716796875 0.010330882352941176 0.0181884765625
