0 0.1318359375 0.17578125 0.263671875 0.3515625
0 0.044921875 0.3740234375 0.08984375 0.115234375
0 0.201171875 0.421875 0.1513671875 0.228515625
0 0.986328125 0.0205078125 0.021484375 0.041015625
0 0.9697265625 0.0244140625 0.0361328125 0.0439453125
0 0.802734375 0.033203125 0.0234375 0.0390625
0 0.814453125 0.0361328125 0.03125 0.048828125
0 0.6298828125 0.017578125 0.0341796875 0.0341796875
0 0.96875 0.0732421875 0.0234375 0.03125
0 0.6181640625 0.0244140625 0.0283203125 0.048828125
0 0.986328125 0.08984375 0.025390625 0.041015625
0 0.748046875 0.048828125 0.0439453125 0.0751953125
0 0.763671875 0.060546875 0.0361328125 0.048828125
0 0.3701171875 0.013671875 0.052734375 0.02734375
0 0.41796875 0.01953125 0.0439453125 0.0390625
0 0.595703125 0.060546875 0.03125 0.044921875
0 0.818359375 0.10546875 0.0263671875 0.0390625
0 0.544921875 0.05859375 0.0263671875 0.0361328125
0 0.9306640625 0.134765625 0.029296875 0.048828125
0 0.6064453125 0.087890625 0.0263671875 0.0263671875
0 0.556640625 0.08203125 0.0361328125 0.0439453125
0 0.7548828125 0.1181640625 0.0390625 0.048828125
0 0.951171875 0.169921875 0.037109375 0.052734375
0 0.3955078125 0.076171875 0.041015625 0.0439453125
0 0.9716796875 0.189453125 0.0390625 0.0625
0 0.939453125 0.212890625 0.03125 0.044921875
0 0.353515625 0.11328125 0.03125 0.029296875
0 0.7724609375 0.1943359375 0.041015625 0.048828125
0 0.54296875 0.154296875 0.029296875 0.044921875
0 0.3623046875 0.146484375 0.033203125 0.033203125
0 0.537109375 0.203125 0.0263671875 0.0361328125
0 0.9375 0.283203125 0.0283203125 0.0390625
0 0.5517578125 0.22265625 0.0263671875 0.03125
0 0.396484375 0.197265625 0.03125 0.0625
0 0.734375 0.255859375 0.037109375 0.056640625
0 0.7626953125 0.279296875 0.0498046875 0.0673828125
0 0.9169921875 0.310546875 0.041015625 0.044921875
0 0.505859375 0.25 0.0419921875 0.0576171875
0 0.9443359375 0.326171875 0.0283203125 0.0390625
0 0.736328125 0.3056640625 0.03125 0.0390625
0 0.5537109375 0.27734375 0.03125 0.0361328125
0 0.75390625 0.31640625 0.0185546875 0.021484375
0 0.375 0.251953125 0.0283203125 0.0390625
0 0.9140625 0.3505859375 0.044921875 0.0625
0 0.5546875 0.306640625 0.0185546875 0.03125
0 0.357421875 0.279296875 0.03125 0.033203125
0 0.75 0.3525390625 0.0341796875 0.044921875
0 0.9287109375 0.39453125 0.037109375 0.052734375
0 0.361328125 0.310546875 0.0361328125 0.0439453125
0 0.7626953125 0.3818359375 0.0390625 0.052734375
0 0.5712890625 0.357421875 0.03125 0.052734375
0 0.93359375 0.4375 0.041015625 0.0439453125
0 0.728515625 0.423828125 0.0341796875 0.0439453125
0 0.564453125 0.4111328125 0.0341796875 0.048828125
0 0.9091796875 0.47265625 0.03125 0.041015625
0 0.7578125 0.455078125 0.0341796875 0.056640625
0 0.728515625 0.462890625 0.0283203125 0.0361328125
0 0.3349609375 0.3955078125 0.0263671875 0.0361328125
0 0.310546875 0.41015625 0.03125 0.044921875
0 0.919921875 0.51953125 0.03125 0.0341796875
0 0.7607421875 0.5107421875 0.0205078125 0.0361328125
0 0.7529296875 0.521484375 0.015625 0.025390625
0 0.7294921875 0.521484375 0.03125 0.0283203125
0 0.564453125 0.494140625 0.03125 0.044921875
0 0.517578125 0.48828125 0.03125 0.0341796875
0 0.322265625 0.455078125 0.015625 0.025390625
0 0.3447265625 0.46484375 0.0263671875 0.041015625
0 0.7138671875 0.521484375 0.0390625 0.0283203125
0 0.5380859375 0.5107421875 0.0185546875 0.03125
0 0.5048828125 0.51953125 0.0341796875 0.0341796875
0 0.32421875 0.4951171875 0.0390625 0.048828125
0 0.955078125 0.0068359375 0.0390625 0.013671875
0 0.203125 0.7392578125 0.1044921875 0.142578125
0 0.251953125 0.78515625 0.0517578125 0.1279296875
0 0.744140625 0.767578125 0.5078125 0.458984375
0 0.408203125 0.84375 0.2578125 0.259765625
0 0.580078125 0.953125 0.228515625 0.0888671875