0 0.220703125 0.18359375 0.0390625 0.0263671875
0 0.220703125 0.212890625 0.0205078125 0.037109375
0 0.2392578125 0.00390625 0.0263671875 0.0078125
0 0.2548828125 0.013671875 0.025390625 0.0263671875
0 0.201171875 0.0263671875 0.041015625 0.052734375
0 0.28125 0.0283203125 0.029296875 0.056640625
0 0.251953125 0.0322265625 0.021484375 0.029296875
0 0.140625 0.0244140625 0.03125 0.048828125
0 0.158203125 0.0380859375 0.037109375 0.0625
0 0.22265625 0.052734375 0.0126953125 0.0341796875
0 0.1240234375 0.0478515625 0.0263671875 0.033203125
0 0.2431640625 0.0595703125 0.0205078125 0.0283203125
0 0.2275390625 0.076171875 0.0263671875 0.0419921875
0 0.1376953125 0.0693359375 0.029296875 0.046875
0 0.162109375 0.0771484375 0.029296875 0.0546875
0 0.173828125 0.11328125 0.029296875 0.041015625
0 0.201171875 0.134765625 0.0263671875 0.033203125
0 0.1826171875 0.134765625 0.029296875 0.046875
0 0.224609375 0.1376953125 0.0263671875 0.044921875
0 0.1923828125 0.14453125 0.025390625 0.029296875
0 0.7587890625 0.1376953125 0.0361328125 0.0361328125
0 0.6015625 0.16015625 0.029296875 0.037109375
0 0.591796875 0.19140625 0.025390625 0.044921875
0 0.6611328125 0.208984375 0.0439453125 0.0439453125
0 0.7158203125 0.22265625 0.0517578125 0.044921875
0 0.830078125 0.236328125 0.0439453125 0.025390625
0 0.5869140625 0.216796875 0.013671875 0.0361328125
0 0.6513671875 0.23046875 0.0439453125 0.0341796875
0 0.630859375 0.1015625 0.033203125 0.0361328125
0 0.2509765625 0.3447265625 0.150390625 0.142578125
0 0.3251953125 0.451171875 0.2080078125 0.279296875
0 0.234375 0.55078125 0.224609375 0.2421875
0 0.306640625 0.76953125 0.1220703125 0.154296875
0 0.1845703125 0.7587890625 0.115234375 0.142578125
0 0.1708984375 0.86328125 0.064453125 0.0830078125
0 0.1982421875 0.8994140625 0.0517578125 0.072265625
0 0.470703125 0.880859375 0.212890625 0.232421875
0 0.1708984375 0.919921875 0.0595703125 0.083984375
0 0.376953125 0.326171875 0.09375 0.1513671875
0 0.482421875 0.3857421875 0.1875 0.271484375
0 0.908203125 0.3544921875 0.099609375 0.1171875
0 0.904296875 0.548828125 0.064453125 0.0517578125
0 0.9912109375 0.5869140625 0.0126953125 0.048828125
0 0.8115234375 0.587890625 0.0908203125 0.0859375
0 0.900390625 0.611328125 0.0703125 0.0439453125
0 0.615234375 0.65625 0.072265625 0.072265625
0 0.796875 0.6787109375 0.0859375 0.064453125
0 0.931640625 0.705078125 0.0751953125 0.064453125
0 0.666015625 0.724609375 0.0439453125 0.03125
0 0.6220703125 0.740234375 0.0654296875 0.0673828125
0 0.728515625 0.751953125 0.0439453125 0.0390625
0 0.81640625 0.7919921875 0.056640625 0.0361328125
0 0.8291015625 0.8359375 0.0654296875 0.0703125
0 0.9072265625 0.84765625 0.078125 0.0859375
0 0.6748046875 0.880859375 0.09375 0.0654296875
0 0.587890625 0.892578125 0.017578125 0.076171875
0 0.8486328125 0.9619140625 0.0966796875 0.072265625
0 0.89453125 0.986328125 0.076171875 0.021484375