0 0.232421875 0.2431640625 0.46484375 0.486328125
0 0.564453125 0.0205078125 0.103515625 0.041015625
0 0.642578125 0.0224609375 0.080078125 0.044921875
0 0.921875 0.0068359375 0.0361328125 0.013671875
0 0.748046875 0.017578125 0.041015625 0.0341796875
0 0.7080078125 0.017578125 0.041015625 0.0341796875
0 0.7890625 0.029296875 0.04296875 0.05859375
0 0.6181640625 0.0419921875 0.0341796875 0.0654296875
0 0.673828125 0.048828125 0.0390625 0.060546875
0 0.716796875 0.048828125 0.048828125 0.052734375
0 0.646484375 0.0615234375 0.0361328125 0.0703125
0 0.908203125 0.0556640625 0.060546875 0.091796875
0 0.8193359375 0.09375 0.0810546875 0.1357421875
0 0.55859375 0.119140625 0.169921875 0.2373046875
0 0.673828125 0.111328125 0.087890625 0.091796875
0 0.759765625 0.126953125 0.0751953125 0.1015625
0 0.716796875 0.142578125 0.0732421875 0.109375
0 0.486328125 0.1611328125 0.0361328125 0.1875
0 0.9248046875 0.205078125 0.056640625 0.0986328125
0 0.865234375 0.232421875 0.0810546875 0.119140625
0 0.728515625 0.2470703125 0.0390625 0.060546875
0 0.689453125 0.25 0.0517578125 0.068359375
0 0.4736328125 0.3173828125 0.009765625 0.091796875
0 0.7919921875 0.3271484375 0.0419921875 0.0673828125
0 0.2900390625 0.767578125 0.353515625 0.458984375
0 0.060546875 0.9267578125 0.12109375 0.138671875
0 0.263671875 0.5107421875 0.1796875 0.044921875
0 0.107421875 0.5361328125 0.2138671875 0.0966796875
0 0.658203125 0.64453125 0.2109375 0.1455078125
0 0.5556640625 0.7255859375 0.173828125 0.173828125
0 0.9013671875 0.796875 0.1923828125 0.1767578125
0 0.94921875 0.90234375 0.0966796875 0.1904296875
0 0.865234375 0.939453125 0.0830078125 0.0576171875
0 0.6875 0.943359375 0.201171875 0.107421875
0 0.8818359375 0.95703125 0.115234375 0.0830078125