0 0.24609375 0.009765625 0.107421875 0.0185546875
0 0.1357421875 0.193359375 0.271484375 0.38671875
0 0.291015625 0.111328125 0.072265625 0.087890625
0 0.193359375 0.392578125 0.1279296875 0.1279296875
0 0.28515625 0.357421875 0.083984375 0.216796875
0 0.650390625 0.0615234375 0.0185546875 0.0283203125
0 0.2236328125 0.48828125 0.1064453125 0.0390625
0 0.29296875 0.556640625 0.0673828125 0.1513671875
0 0.392578125 0.568359375 0.1279296875 0.142578125
0 0.697265625 0.5390625 0.1123046875 0.1123046875
0 0.89453125 0.5263671875 0.125 0.115234375
0 0.806640625 0.607421875 0.0830078125 0.083984375
0 0.384765625 0.728515625 0.111328125 0.1591796875
0 0.65625 0.705078125 0.125 0.1376953125
0 0.7587890625 0.697265625 0.1044921875 0.095703125
0 0.904296875 0.6640625 0.1123046875 0.1123046875
0 0.529296875 0.76171875 0.0966796875 0.095703125
0 0.9375 0.7607421875 0.0830078125 0.0888671875
0 0.587890625 0.8525390625 0.1328125 0.181640625
0 0.810546875 0.8203125 0.1015625 0.130859375