0 0.0693359375 0.0263671875 0.138671875 0.052734375
0 0.0888671875 0.0107421875 0.076171875 0.021484375
0 0.16796875 0.3193359375 0.298828125 0.638671875
0 0.0244140625 0.41796875 0.048828125 0.111328125
0 0.142578125 0.498046875 0.169921875 0.181640625
0 0.2021484375 0.5283203125 0.0732421875 0.0908203125
0 0.0791015625 0.638671875 0.138671875 0.15625
0 0.1357421875 0.673828125 0.060546875 0.087890625
0 0.353515625 0.0498046875 0.0390625 0.0703125
0 0.70703125 0.1005859375 0.0546875 0.0810546875
0 0.396484375 0.115234375 0.0439453125 0.060546875
0 0.3369140625 0.142578125 0.0341796875 0.072265625
0 0.470703125 0.154296875 0.0517578125 0.064453125
0 0.384765625 0.169921875 0.033203125 0.0654296875
0 0.5517578125 0.1767578125 0.0546875 0.044921875
0 0.4580078125 0.216796875 0.0595703125 0.0986328125
0 0.392578125 0.26171875 0.0732421875 0.095703125
0 0.505859375 0.2919921875 0.0361328125 0.0654296875
0 0.755859375 0.294921875 0.0419921875 0.0703125
0 0.55859375 0.306640625 0.0517578125 0.0625
0 0.517578125 0.3291015625 0.041015625 0.056640625
0 0.7099609375 0.3369140625 0.0361328125 0.048828125
0 0.4140625 0.3486328125 0.052734375 0.076171875
0 0.5712890625 0.3466796875 0.046875 0.064453125
0 0.779296875 0.3603515625 0.044921875 0.046875
0 0.623046875 0.3671875 0.041015625 0.060546875
0 0.763671875 0.3779296875 0.0439453125 0.0546875
0 0.591796875 0.396484375 0.0673828125 0.080078125
0 0.435546875 0.4189453125 0.041015625 0.044921875
0 0.4072265625 0.421875 0.03125 0.041015625
0 0.462890625 0.421875 0.03125 0.041015625
0 0.626953125 0.423828125 0.0390625 0.048828125
0 0.611328125 0.4443359375 0.048828125 0.0625
0 0.427734375 0.451171875 0.060546875 0.033203125
0 0.7548828125 0.462890625 0.076171875 0.1123046875
0 0.580078125 0.4716796875 0.0439453125 0.0732421875
0 0.6923828125 0.4912109375 0.048828125 0.068359375
0 0.720703125 0.53515625 0.0576171875 0.0654296875
0 0.689453125 0.546875 0.0576171875 0.0654296875
0 0.6904296875 0.5966796875 0.0263671875 0.041015625
0 0.66796875 0.6015625 0.0234375 0.0498046875
0 0.76953125 0.626953125 0.0390625 0.060546875
0 0.673828125 0.642578125 0.0546875 0.080078125
0 0.193359375 0.935546875 0.146484375 0.125
0 0.064453125 0.9560546875 0.12890625 0.083984375
0 0.23828125 0.8125 0.1591796875 0.1064453125
0 0.134765625 0.84765625 0.091796875 0.099609375
0 0.2861328125 0.849609375 0.0625 0.1279296875
0 0.9462890625 0.763671875 0.03125 0.0078125
0 0.91796875 0.7724609375 0.0341796875 0.0263671875
0 0.5712890625 0.7763671875 0.0263671875 0.0341796875
0 0.654296875 0.783203125 0.0263671875 0.0439453125
0 0.6884765625 0.830078125 0.03125 0.0390625
0 0.6572265625 0.8447265625 0.0205078125 0.03125
0 0.646484375 0.84765625 0.015625 0.0185546875
0 0.708984375 0.8447265625 0.0185546875 0.03125
0 0.7431640625 0.861328125 0.015625 0.025390625
0 0.6728515625 0.865234375 0.0234375 0.033203125
0 0.7197265625 0.86328125 0.015625 0.025390625
0 0.6484375 0.8681640625 0.013671875 0.025390625
0 0.5029296875 0.876953125 0.0361328125 0.046875
0 0.6826171875 0.876953125 0.015625 0.0234375
0 0.6640625 0.8779296875 0.015625 0.025390625
0 0.853515625 0.87109375 0.0185546875 0.03125
0 0.8251953125 0.87890625 0.03125 0.041015625
0 0.5810546875 0.8955078125 0.0283203125 0.0361328125
0 0.396484375 0.900390625 0.046875 0.052734375
0 0.5166015625 0.90625 0.0283203125 0.0439453125
0 0.6064453125 0.90625 0.03125 0.0439453125
0 0.4501953125 0.91796875 0.03125 0.0341796875
0 0.685546875 0.9228515625 0.025390625 0.0341796875
0 0.53515625 0.935546875 0.0283203125 0.0361328125
0 0.4140625 0.943359375 0.03125 0.0361328125
0 0.6884765625 0.953125 0.03125 0.046875
0 0.8056640625 0.951171875 0.0283203125 0.052734375
0 0.736328125 0.9619140625 0.03125 0.0439453125
0 0.619140625 0.9775390625 0.03125 0.041015625
0 0.76171875 0.9775390625 0.02734375 0.044921875
0 0.673828125 0.986328125 0.025390625 0.025390625
0 0.580078125 0.9775390625 0.083984375 0.041015625
0 0.517578125 0.978515625 0.080078125 0.0390625
0 0.720703125 0.982421875 0.048828125 0.03125
0 0.689453125 0.9912109375 0.025390625 0.0126953125