0 0.1796875 0.328125 0.1826171875 0.166015625
0 0.0673828125 0.373046875 0.134765625 0.181640625
0 0.203125 0.421875 0.267578125 0.107421875
0 0.330078125 0.0517578125 0.25 0.103515625
0 0.125 0.080078125 0.25 0.16015625
0 0.080078125 0.21484375 0.1591796875 0.1953125
0 0.40625 0.306640625 0.1015625 0.2392578125
0 0.619140625 0.3603515625 0.099609375 0.109375
0 0.7392578125 0.41796875 0.2001953125 0.115234375
0 0.560546875 0.451171875 0.1279296875 0.0517578125
0 0.435546875 0.607421875 0.041015625 0.15625
0 0.0537109375 0.6923828125 0.107421875 0.2548828125
0 0.279296875 0.80859375 0.345703125 0.3779296875
0 0.091796875 0.896484375 0.1826171875 0.201171875
0 0.310546875 0.97265625 0.2578125 0.0517578125
0 0.576171875 0.5400390625 0.1455078125 0.123046875
0 0.580078125 0.6611328125 0.1064453125 0.138671875
0 0.51171875 0.69921875 0.1064453125 0.177734375
0 0.6494140625 0.880859375 0.1298828125 0.1513671875
0 0.53125 0.88671875 0.1455078125 0.150390625
0 0.615234375 0.951171875 0.197265625 0.09375
0 0.513671875 0.498046875 0.111328125 0.0390625