0 0.34375 0.33984375 0.212890625 0.1328125
0 0.533203125 0.33984375 0.212890625 0.1328125
0 0.1611328125 0.341796875 0.216796875 0.1279296875
0 0.060546875 0.134765625 0.1201171875 0.2685546875
0 0.201171875 0.140625 0.2080078125 0.28125
0 0.390625 0.1455078125 0.2001953125 0.291015625
0 0.564453125 0.14453125 0.1826171875 0.2890625
0 0.7216796875 0.1748046875 0.091796875 0.1064453125
0 0.849609375 0.2412109375 0.1845703125 0.1748046875
0 0.6982421875 0.3017578125 0.080078125 0.0986328125
0 0.892578125 0.3193359375 0.087890625 0.095703125
0 0.953125 0.337890625 0.041015625 0.0654296875
0 0.826171875 0.361328125 0.119140625 0.091796875
0 0.9482421875 0.392578125 0.0986328125 0.029296875
0 0.078125 0.48828125 0.0361328125 0.0673828125
0 0.01171875 0.537109375 0.0234375 0.0625
0 0.4169921875 0.5498046875 0.0517578125 0.0810546875
0 0.1044921875 0.552734375 0.041015625 0.0576171875
0 0.0263671875 0.578125 0.052734375 0.0703125
0 0.166015625 0.5927734375 0.048828125 0.060546875
0 0.078125 0.607421875 0.03125 0.0625
0 0.2421875 0.619140625 0.0517578125 0.0419921875
0 0.1396484375 0.6552734375 0.052734375 0.095703125
0 0.0625 0.697265625 0.068359375 0.0908203125
0 0.166015625 0.734375 0.033203125 0.0654296875
0 0.416015625 0.7431640625 0.0390625 0.0673828125
0 0.216796875 0.7490234375 0.048828125 0.060546875
0 0.16796875 0.767578125 0.0390625 0.056640625
0 0.357421875 0.78125 0.033203125 0.048828125
0 0.060546875 0.787109375 0.048828125 0.0732421875
0 0.216796875 0.787109375 0.0439453125 0.060546875
0 0.4208984375 0.8095703125 0.044921875 0.046875
0 0.26171875 0.810546875 0.0390625 0.0576171875
0 0.400390625 0.826171875 0.0390625 0.0517578125
0 0.2236328125 0.8369140625 0.0625 0.076171875
0 0.064453125 0.857421875 0.037109375 0.0419921875
0 0.0341796875 0.859375 0.03125 0.041015625
0 0.0908203125 0.859375 0.0283203125 0.041015625
0 0.251953125 0.8662109375 0.037109375 0.046875
0 0.23046875 0.884765625 0.0439453125 0.0595703125
0 0.044921875 0.88671875 0.060546875 0.029296875
0 0.369140625 0.908203125 0.072265625 0.109375
0 0.19140625 0.9140625 0.041015625 0.0732421875
0 0.298828125 0.935546875 0.044921875 0.068359375
0 0.314453125 0.97265625 0.0576171875 0.0517578125
0 0.283203125 0.978515625 0.0576171875 0.0390625
0 0.939453125 0.5234375 0.048828125 0.072265625
0 0.8974609375 0.5556640625 0.0361328125 0.072265625
0 0.990234375 0.56640625 0.013671875 0.080078125
0 0.7021484375 0.5771484375 0.048828125 0.078125
0 0.736328125 0.5810546875 0.046875 0.0859375
0 0.787109375 0.67578125 0.0517578125 0.078125
0 0.70703125 0.7822265625 0.052734375 0.0888671875
0 0.7578125 0.8349609375 0.0595703125 0.0888671875
0 0.986328125 0.841796875 0.025390625 0.076171875
0 0.939453125 0.84765625 0.041015625 0.0751953125
0 0.875 0.9140625 0.052734375 0.0830078125
0 0.98828125 0.9267578125 0.0205078125 0.0751953125
0 0.9658203125 0.927734375 0.060546875 0.0810546875