0 0.830078125 0.27734375 0.0966796875 0.2998046875
0 0.619140625 0.40625 0.1142578125 0.2841796875
0 0.41015625 0.427734375 0.072265625 0.185546875
0 0.8994140625 0.4306640625 0.0673828125 0.173828125
0 0.060546875 0.4482421875 0.072265625 0.1953125
0 0.677734375 0.447265625 0.0751953125 0.220703125
0 0.025390625 0.4736328125 0.05078125 0.294921875
0 0.568359375 0.498046875 0.091796875 0.2421875
0 0.169921875 0.052734375 0.0517578125 0.1044921875
0 0.431640625 0.5400390625 0.0888671875 0.271484375
0 0.287109375 0.5908203125 0.064453125 0.2060546875
0 0.822265625 0.640625 0.095703125 0.2529296875
0 0.9404296875 0.6787109375 0.0986328125 0.291015625
0 0.1845703125 0.708984375 0.0673828125 0.216796875
0 0.26953125 0.7412109375 0.103515625 0.2529296875
0 0.857421875 0.763671875 0.0830078125 0.2392578125
0 0.115234375 0.7724609375 0.087890625 0.271484375
0 0.619140625 0.794921875 0.0751953125 0.267578125
0 0.51953125 0.81640625 0.091796875 0.296875
0 0.3203125 0.841796875 0.087890625 0.279296875
0 0.576171875 0.845703125 0.056640625 0.1953125
0 0.763671875 0.947265625 0.1201171875 0.1044921875
0 0.1806640625 0.9580078125 0.0439453125 0.080078125
0 0.5341796875 0.103515625 0.1171875 0.2060546875
0 0.1982421875 0.138671875 0.0517578125 0.2060546875
0 0.693359375 0.142578125 0.0888671875 0.236328125
0 0.734375 0.142578125 0.107421875 0.283203125
0 0.83203125 0.150390625 0.068359375 0.2236328125
0 0.26171875 0.1962890625 0.099609375 0.306640625
0 0.5 0.197265625 0.087890625 0.236328125
0 0.1083984375 0.275390625 0.0986328125 0.296875