0 0.13671875 0.150390625 0.2734375 0.2998046875
0 0.88671875 0.044921875 0.0966796875 0.0888671875
0 0.7919921875 0.044921875 0.0546875 0.076171875
0 0.748046875 0.0732421875 0.0439453125 0.076171875
0 0.8564453125 0.0986328125 0.0576171875 0.0810546875
0 0.5517578125 0.0654296875 0.0546875 0.083984375
0 0.583984375 0.0751953125 0.052734375 0.0888671875
0 0.626953125 0.1767578125 0.0576171875 0.083984375
0 0.8564453125 0.2412109375 0.091796875 0.1123046875
0 0.53515625 0.2724609375 0.060546875 0.09375
0 0.857421875 0.341796875 0.0751953125 0.0966796875
0 0.580078125 0.3330078125 0.0673828125 0.09375
0 0.822265625 0.373046875 0.068359375 0.0830078125
0 0.7578125 0.37109375 0.048828125 0.078125
0 0.6865234375 0.4287109375 0.060546875 0.0888671875
0 0.8076171875 0.453125 0.052734375 0.0654296875
0 0.7724609375 0.4482421875 0.0703125 0.0751953125
0 0.869140625 0.466796875 0.09375 0.0361328125
0 0.0673828125 0.5859375 0.048828125 0.056640625
0 0.0458984375 0.607421875 0.064453125 0.087890625
0 0.080078125 0.623046875 0.0390625 0.048828125
0 0.255859375 0.6826171875 0.1611328125 0.1826171875
0 0.248046875 0.767578125 0.177734375 0.2314453125
0 0.123046875 0.7509765625 0.126953125 0.1279296875
0 0.2294921875 0.7646484375 0.0654296875 0.0830078125
0 0.1650390625 0.79296875 0.060546875 0.076171875
0 0.109375 0.787109375 0.21875 0.310546875
0 0.28515625 0.8193359375 0.060546875 0.0810546875
0 0.125 0.8359375 0.0732421875 0.0751953125
0 0.060546875 0.828125 0.12109375 0.18359375
0 0.19140625 0.880859375 0.1044921875 0.126953125
0 0.236328125 0.9404296875 0.087890625 0.0888671875
0 0.1357421875 0.93359375 0.21875 0.1279296875
0 0.0869140625 0.501953125 0.076171875 0.0283203125
0 0.310546875 0.533203125 0.0517578125 0.0888671875
0 0.041015625 0.517578125 0.076171875 0.0595703125
0 0.0087890625 0.51171875 0.017578125 0.048828125
0 0.19921875 0.5849609375 0.263671875 0.1953125
0 0.220703125 0.56640625 0.1513671875 0.15625
0 0.017578125 0.544921875 0.0341796875 0.0517578125
0 0.9599609375 0.546875 0.0751953125 0.119140625
0 0.845703125 0.5419921875 0.1064453125 0.107421875
0 0.607421875 0.5224609375 0.0830078125 0.0703125
0 0.38671875 0.525390625 0.091796875 0.0751953125
0 0.685546875 0.611328125 0.1171875 0.140625
0 0.439453125 0.595703125 0.1279296875 0.134765625
0 0.9033203125 0.6630859375 0.0908203125 0.1201171875
0 0.787109375 0.6572265625 0.087890625 0.1123046875
0 0.3701171875 0.697265625 0.052734375 0.0751953125
0 0.439453125 0.736328125 0.1279296875 0.1455078125
0 0.728515625 0.8154296875 0.111328125 0.1171875
0 0.919921875 0.853515625 0.119140625 0.1533203125
0 0.353515625 0.7861328125 0.029296875 0.0966796875
0 0.798828125 0.916015625 0.0830078125 0.0888671875
0 0.380859375 0.876953125 0.083984375 0.1640625
0 0.62109375 0.94140625 0.1279296875 0.1142578125
0 0.720703125 0.96484375 0.103515625 0.0654296875
0 0.865234375 0.970703125 0.111328125 0.052734375
0 0.484375 0.955078125 0.0986328125 0.083984375