0 0.1767578125 0.068359375 0.150390625 0.13671875
0 0.3232421875 0.1728515625 0.0654296875 0.0908203125
0 0.3330078125 0.310546875 0.0654296875 0.126953125
0 0.041015625 0.244140625 0.0810546875 0.154296875
0 0.201171875 0.3427734375 0.1123046875 0.142578125
0 0.0263671875 0.453125 0.052734375 0.205078125
0 0.19921875 0.552734375 0.072265625 0.0673828125
0 0.767578125 0.5439453125 0.0576171875 0.0595703125
0 0.45703125 0.572265625 0.1201171875 0.0283203125
0 0.603515625 0.015625 0.115234375 0.03125
0 0.515625 0.021484375 0.0703125 0.04296875
0 0.568359375 0.064453125 0.044921875 0.048828125
0 0.98046875 0.240234375 0.0341796875 0.0908203125
0 0.70703125 0.185546875 0.064453125 0.0751953125
0 0.5703125 0.171875 0.0732421875 0.0654296875
0 0.4462890625 0.1591796875 0.0888671875 0.103515625
0 0.958984375 0.3466796875 0.048828125 0.0439453125
0 0.6611328125 0.353515625 0.0576171875 0.0546875
0 0.630859375 0.3857421875 0.0361328125 0.0361328125
0 0.4423828125 0.3359375 0.134765625 0.1298828125
0 0.845703125 0.490234375 0.0517578125 0.060546875
0 0.62890625 0.47265625 0.0419921875 0.0654296875
0 0.1826171875 0.79296875 0.365234375 0.4091796875
0 0.966796875 0.708984375 0.0625 0.1298828125
0 0.865234375 0.677734375 0.0576171875 0.0751953125
0 0.744140625 0.7021484375 0.0439453125 0.0341796875
0 0.7802734375 0.71484375 0.0595703125 0.0546875
0 0.7666015625 0.740234375 0.0517578125 0.0419921875
0 0.7021484375 0.787109375 0.0576171875 0.0546875
0 0.697265625 0.837890625 0.0283203125 0.03125
0 0.6357421875 0.8984375 0.0546875 0.046875
0 0.6904296875 0.9482421875 0.044921875 0.037109375
0 0.876953125 0.990234375 0.0439453125 0.013671875
0 0.7490234375 0.9697265625 0.0595703125 0.0546875
0 0.806640625 0.9931640625 0.0517578125 0.009765625