0 0.0869140625 0.30859375 0.078125 0.041015625
0 0.123046875 0.3251953125 0.0625 0.029296875
0 0.009765625 0.3271484375 0.0185546875 0.044921875
0 0.095703125 0.375 0.0830078125 0.025390625
0 0.744140625 0.013671875 0.09375 0.0263671875
0 0.50390625 0.01171875 0.1044921875 0.0234375
0 0.6357421875 0.056640625 0.15625 0.1123046875
0 0.908203125 0.0712890625 0.0859375 0.083984375
0 0.8466796875 0.0947265625 0.130859375 0.1142578125
0 0.4150390625 0.087890625 0.1044921875 0.0703125
0 0.9599609375 0.13671875 0.0654296875 0.060546875
0 0.6953125 0.126953125 0.068359375 0.0751953125
0 0.982421875 0.193359375 0.03125 0.0654296875
0 0.9599609375 0.224609375 0.0751953125 0.060546875
0 0.482421875 0.197265625 0.171875 0.1689453125
0 0.412109375 0.23046875 0.1279296875 0.197265625
0 0.71484375 0.2587890625 0.353515625 0.2578125
0 0.939453125 0.345703125 0.1015625 0.0830078125
0 0.435546875 0.3544921875 0.1767578125 0.0654296875
0 0.154296875 0.498046875 0.1279296875 0.1201171875
0 0.2080078125 0.5712890625 0.095703125 0.0703125
0 0.048828125 0.67578125 0.0966796875 0.1923828125
0 0.19921875 0.7607421875 0.2939453125 0.34375
0 0.07421875 0.9453125 0.0625 0.0595703125
0 0.138671875 0.9599609375 0.111328125 0.0751953125
0 0.083984375 0.4169921875 0.1064453125 0.056640625
0 0.248046875 0.4306640625 0.076171875 0.0830078125
0 0.033203125 0.4365234375 0.06640625 0.095703125
0 0.404296875 0.931640625 0.072265625 0.0625
0 0.74609375 0.916015625 0.291015625 0.1640625
0 0.90625 0.41015625 0.1591796875 0.041015625
0 0.486328125 0.431640625 0.0966796875 0.083984375
0 0.7744140625 0.5146484375 0.138671875 0.1201171875
0 0.7099609375 0.583984375 0.4638671875 0.388671875
0 0.423828125 0.5712890625 0.1513671875 0.1142578125
0 0.53125 0.716796875 0.193359375 0.1640625
0 0.38671875 0.720703125 0.076171875 0.232421875
0 0.8798828125 0.7724609375 0.087890625 0.0986328125
0 0.650390625 0.814453125 0.0625 0.0810546875
0 0.3994140625 0.8076171875 0.1015625 0.1591796875
0 0.564453125 0.91796875 0.2001953125 0.162109375