0 0.330078125 0.013671875 0.0625 0.0263671875
0 0.501953125 0.0205078125 0.056640625 0.041015625
0 0.46875 0.03515625 0.0673828125 0.0654296875
0 0.3662109375 0.0712890625 0.0703125 0.0654296875
0 0.3095703125 0.111328125 0.0703125 0.083984375
0 0.0107421875 0.1787109375 0.021484375 0.107421875
0 0.779296875 0.017578125 0.048828125 0.0341796875
0 0.92578125 0.056640625 0.0498046875 0.0361328125
0 0.91015625 0.064453125 0.0283203125 0.0283203125
0 0.896484375 0.0791015625 0.029296875 0.0234375
0 0.83203125 0.0869140625 0.044921875 0.029296875
0 0.861328125 0.099609375 0.0341796875 0.0263671875
0 0.869140625 0.1181640625 0.033203125 0.0205078125
0 0.9404296875 0.1357421875 0.0341796875 0.0263671875
0 0.697265625 0.150390625 0.0751953125 0.037109375
0 0.736328125 0.185546875 0.0654296875 0.056640625
0 0.7001953125 0.318359375 0.03125 0.0361328125
0 0.73828125 0.3486328125 0.052734375 0.0341796875
0 0.435546875 0.3974609375 0.1279296875 0.060546875
0 0.06640625 0.419921875 0.1328125 0.1064453125
0 0.33984375 0.404296875 0.0654296875 0.052734375
0 0.427734375 0.4130859375 0.052734375 0.072265625
0 0.158203125 0.4736328125 0.0908203125 0.0810546875
0 0.0791015625 0.4951171875 0.095703125 0.1064453125
0 0.37109375 0.490234375 0.140625 0.1591796875
0 0.427734375 0.5400390625 0.068359375 0.083984375
0 0.1650390625 0.5576171875 0.103515625 0.115234375
0 0.11328125 0.58203125 0.0673828125 0.0673828125
0 0.4296875 0.6103515625 0.1767578125 0.1611328125
0 0.076171875 0.6455078125 0.0654296875 0.0703125
0 0.3681640625 0.6484375 0.0732421875 0.0888671875
0 0.099609375 0.728515625 0.0830078125 0.1044921875
0 0.193359375 0.736328125 0.0810546875 0.087890625
0 0.4150390625 0.7294921875 0.060546875 0.0654296875
0 0.4072265625 0.775390625 0.09375 0.1220703125
0 0.1455078125 0.830078125 0.1171875 0.1171875
0 0.43359375 0.8203125 0.0595703125 0.0888671875
0 0.388671875 0.84375 0.1328125 0.134765625
0 0.15234375 0.935546875 0.060546875 0.0576171875
0 0.404296875 0.9296875 0.0888671875 0.099609375
0 0.658203125 0.37890625 0.044921875 0.021484375
0 0.638671875 0.3974609375 0.0625 0.060546875
0 0.6796875 0.392578125 0.037109375 0.046875
0 0.87890625 0.435546875 0.181640625 0.1376953125
0 0.6044921875 0.50390625 0.0703125 0.0888671875
0 0.8974609375 0.5 0.2001953125 0.216796875
0 0.7607421875 0.509765625 0.1220703125 0.1201171875
0 0.8681640625 0.505859375 0.064453125 0.080078125
0 0.810546875 0.54296875 0.0576171875 0.072265625
0 0.7353515625 0.552734375 0.25 0.2919921875
0 0.9375 0.5478515625 0.0595703125 0.076171875
0 0.7861328125 0.5927734375 0.0732421875 0.0703125
0 0.7099609375 0.599609375 0.1376953125 0.171875
0 0.8642578125 0.623046875 0.0986328125 0.1201171875
0 0.9248046875 0.673828125 0.0859375 0.0830078125
0 0.8388671875 0.7353515625 0.212890625 0.2109375
0 0.8779296875 0.8134765625 0.15625 0.169921875
0 0.869140625 0.888671875 0.158203125 0.1533203125
0 0.8662109375 0.970703125 0.0654296875 0.056640625
0 0.935546875 0.978515625 0.056640625 0.0390625
0 0.8193359375 0.9892578125 0.0439453125 0.017578125
0 0.791015625 0.9912109375 0.0439453125 0.0126953125
0 0.7724609375 0.3974609375 0.2578125 0.060546875