0 0.4775390625 0.01953125 0.1142578125 0.0390625
0 0.513671875 0.1669921875 0.0673828125 0.0546875
0 0.431640625 0.232421875 0.0986328125 0.095703125
0 0.5224609375 0.2275390625 0.0751953125 0.0517578125
0 0.123046875 0.30859375 0.072265625 0.0654296875
0 0.25390625 0.353515625 0.080078125 0.072265625
0 0.4365234375 0.322265625 0.0888671875 0.0703125
0 0.5576171875 0.310546875 0.0576171875 0.072265625
0 0.3193359375 0.4052734375 0.046875 0.037109375
0 0.08203125 0.451171875 0.0966796875 0.0908203125
0 0.2783203125 0.43359375 0.0703125 0.0751953125
0 0.384765625 0.4140625 0.046875 0.0439453125
0 0.478515625 0.4296875 0.0576171875 0.0419921875
0 0.498046875 0.4677734375 0.0732421875 0.0751953125
0 0.560546875 0.455078125 0.052734375 0.09375
0 0.111328125 0.5517578125 0.1064453125 0.03125
0 0.357421875 0.5419921875 0.1064453125 0.0517578125
0 0.5400390625 0.556640625 0.09375 0.021484375
0 0.60546875 0.13671875 0.0341796875 0.0576171875
0 0.646484375 0.1494140625 0.0390625 0.0625
0 0.599609375 0.1650390625 0.021484375 0.044921875
0 0.802734375 0.126953125 0.046875 0.080078125
0 0.8369140625 0.14453125 0.0439453125 0.0576171875
0 0.595703125 0.1982421875 0.013671875 0.044921875
0 0.7587890625 0.1689453125 0.080078125 0.072265625
0 0.865234375 0.1826171875 0.033203125 0.0390625
0 0.7998046875 0.224609375 0.060546875 0.083984375
0 0.7431640625 0.24609375 0.0673828125 0.0888671875
0 0.80078125 0.3974609375 0.0390625 0.0654296875
0 0.759765625 0.4091796875 0.033203125 0.0361328125
0 0.607421875 0.45703125 0.0390625 0.0576171875
0 0.7236328125 0.4375 0.0390625 0.0673828125
0 0.7080078125 0.4736328125 0.0361328125 0.052734375
0 0.796875 0.4609375 0.044921875 0.060546875
0 0.763671875 0.470703125 0.041015625 0.052734375
0 0.61328125 0.513671875 0.048828125 0.0888671875
0 0.7568359375 0.509765625 0.0234375 0.0439453125
0 0.7109375 0.5234375 0.056640625 0.0908203125
0 0.697265625 0.5380859375 0.048828125 0.0576171875
0 0.794921875 0.521484375 0.0703125 0.0908203125
0 0.7236328125 0.564453125 0.0205078125 0.0078125
0 0.1298828125 0.876953125 0.1064453125 0.0576171875
0 0.091796875 0.5830078125 0.0751953125 0.0263671875
0 0.0439453125 0.6220703125 0.0546875 0.037109375
0 0.0068359375 0.6357421875 0.013671875 0.044921875
0 0.0439453125 0.6572265625 0.0595703125 0.0439453125
0 0.0576171875 0.732421875 0.091796875 0.072265625
0 0.064453125 0.798828125 0.087890625 0.068359375
0 0.0107421875 0.8369140625 0.021484375 0.0625
0 0.1015625 0.857421875 0.0595703125 0.0419921875
0 0.7900390625 0.673828125 0.1279296875 0.193359375
0 0.611328125 0.791015625 0.044921875 0.1455078125
0 0.9306640625 0.837890625 0.138671875 0.19140625