0 0.189453125 0.2568359375 0.134765625 0.1689453125
0 0.08203125 0.302734375 0.1640625 0.1826171875
0 0.185546875 0.4111328125 0.1455078125 0.2314453125
0 0.0673828125 0.4755859375 0.134765625 0.1015625
0 0.12890625 0.044921875 0.2578125 0.0888671875
0 0.091796875 0.1416015625 0.18359375 0.197265625
0 0.9267578125 0.029296875 0.056640625 0.05859375
0 0.884765625 0.064453125 0.1064453125 0.1279296875
0 0.701171875 0.048828125 0.0908203125 0.0966796875
0 0.921875 0.12109375 0.0654296875 0.078125
0 0.3798828125 0.0478515625 0.0576171875 0.0908203125
0 0.7080078125 0.140625 0.0703125 0.09375
0 0.427734375 0.1103515625 0.064453125 0.0908203125
0 0.673828125 0.1708984375 0.0654296875 0.078125
0 0.609375 0.1611328125 0.046875 0.076171875
0 0.5400390625 0.2158203125 0.0546875 0.0859375
0 0.6640625 0.25390625 0.048828125 0.0751953125
0 0.62890625 0.2490234375 0.0654296875 0.0859375
0 0.978515625 0.37109375 0.0390625 0.0751953125
0 0.728515625 0.31640625 0.087890625 0.1279296875
0 0.8232421875 0.380859375 0.0751953125 0.107421875
0 0.501953125 0.322265625 0.0439453125 0.078125
0 0.98046875 0.451171875 0.0341796875 0.0625
0 0.8193359375 0.44140625 0.0439453125 0.0517578125
0 0.78125 0.4501953125 0.052734375 0.087890625
0 0.2705078125 0.3486328125 0.021484375 0.1015625
0 0.359375 0.37890625 0.0517578125 0.0654296875
0 0.4853515625 0.419921875 0.1279296875 0.1796875
0 0.9580078125 0.5087890625 0.080078125 0.0361328125
0 0.77734375 0.5 0.123046875 0.052734375
0 0.5556640625 0.6640625 0.0595703125 0.091796875
0 0.3076171875 0.630859375 0.0341796875 0.0498046875
0 0.279296875 0.654296875 0.041015625 0.080078125
0 0.3701171875 0.6982421875 0.0390625 0.0654296875
0 0.4150390625 0.7626953125 0.0546875 0.091796875
0 0.326171875 0.818359375 0.03125 0.064453125
0 0.376953125 0.837890625 0.052734375 0.080078125
0 0.4130859375 0.8828125 0.0341796875 0.0546875
0 0.361328125 0.90625 0.0439453125 0.0673828125