0 0.705078125 0.017578125 0.0908203125 0.0341796875
0 0.6123046875 0.072265625 0.2216796875 0.1435546875
0 0.64453125 0.1259765625 0.1591796875 0.166015625
0 0.6259765625 0.19921875 0.1611328125 0.1484375
0 0.615234375 0.287109375 0.0654296875 0.0703125
0 0.681640625 0.302734375 0.0517578125 0.052734375
0 0.564453125 0.3134765625 0.0439453125 0.0546875
0 0.53515625 0.3134765625 0.0419921875 0.044921875
0 0.607421875 0.3369140625 0.0654296875 0.068359375
0 0.56640625 0.390625 0.095703125 0.0703125
0 0.619140625 0.400390625 0.037109375 0.044921875
0 0.833984375 0.01171875 0.1123046875 0.0234375
0 0.791015625 0.025390625 0.0263671875 0.0498046875
0 0.9443359375 0.0361328125 0.1064453125 0.072265625
0 0.806640625 0.068359375 0.056640625 0.09375
0 0.830078125 0.1162109375 0.09375 0.083984375
0 0.828125 0.3486328125 0.09375 0.0625
0 0.8671875 0.4287109375 0.0859375 0.056640625
0 0.90234375 0.443359375 0.0751953125 0.0263671875
0 0.9599609375 0.44921875 0.0703125 0.013671875
0 0.8017578125 0.4462890625 0.044921875 0.021484375
0 0.3134765625 0.513671875 0.078125 0.0751953125
0 0.244140625 0.541015625 0.080078125 0.1220703125
0 0.3896484375 0.5537109375 0.0439453125 0.0703125
0 0.248046875 0.548828125 0.044921875 0.052734375
0 0.146484375 0.6162109375 0.0546875 0.0703125
0 0.421875 0.642578125 0.0732421875 0.0830078125
0 0.265625 0.642578125 0.0751953125 0.1171875
0 0.150390625 0.6552734375 0.0517578125 0.0751953125
0 0.1162109375 0.662109375 0.060546875 0.060546875
0 0.21484375 0.728515625 0.0546875 0.0595703125
0 0.130859375 0.7529296875 0.0732421875 0.1015625
0 0.1845703125 0.78515625 0.060546875 0.0517578125
0 0.08984375 0.7841796875 0.068359375 0.078125
0 0.2119140625 0.857421875 0.052734375 0.060546875
0 0.1015625 0.8662109375 0.078125 0.0751953125
0 0.265625 0.8974609375 0.0517578125 0.0703125
0 0.3154296875 0.8994140625 0.0654296875 0.1171875
0 0.2421875 0.9248046875 0.0654296875 0.072265625
0 0.123046875 0.96484375 0.068359375 0.0595703125
0 0.37890625 0.4775390625 0.0751953125 0.0361328125
0 0.44140625 0.482421875 0.060546875 0.044921875
0 0.3369140625 0.482421875 0.0673828125 0.048828125
0 0.1474609375 0.4912109375 0.044921875 0.0654296875
0 0.107421875 0.49609375 0.044921875 0.0751953125
0 0.861328125 0.84375 0.166015625 0.3076171875