0 0.1826171875 0.2431640625 0.365234375 0.486328125
0 0.361328125 0.4375 0.1279296875 0.0966796875
0 0.2294921875 0.451171875 0.130859375 0.0673828125
0 0.974609375 0.19140625 0.044921875 0.09375
0 0.90625 0.2158203125 0.048828125 0.056640625
0 0.6201171875 0.2626953125 0.0390625 0.0576171875
0 0.9775390625 0.26953125 0.041015625 0.0625
0 0.8994140625 0.326171875 0.0732421875 0.080078125
0 0.96484375 0.3515625 0.041015625 0.0576171875
0 0.931640625 0.3828125 0.052734375 0.0439453125
0 0.8037109375 0.390625 0.0546875 0.0654296875
0 0.9716796875 0.4140625 0.0498046875 0.048828125
0 0.939453125 0.4365234375 0.0625 0.056640625
0 0.833984375 0.4638671875 0.0673828125 0.0439453125
0 0.646484375 0.009765625 0.0751953125 0.0185546875
0 0.7294921875 0.0068359375 0.0703125 0.013671875
0 0.798828125 0.0107421875 0.056640625 0.021484375
0 0.642578125 0.0205078125 0.0654296875 0.041015625
0 0.7119140625 0.02734375 0.0703125 0.0546875
0 0.904296875 0.0498046875 0.0732421875 0.0751953125
0 0.7685546875 0.09765625 0.0517578125 0.033203125
0 0.8720703125 0.10546875 0.095703125 0.099609375
0 0.939453125 0.1796875 0.0439453125 0.0654296875
0 0.353515625 0.564453125 0.0390625 0.0732421875
0 0.140625 0.638671875 0.28125 0.302734375
0 0.3662109375 0.80078125 0.0888671875 0.140625
0 0.0361328125 0.876953125 0.072265625 0.103515625
0 0.1689453125 0.87109375 0.140625 0.166015625
0 0.400390625 0.884765625 0.0361328125 0.0732421875
0 0.2080078125 0.8984375 0.0517578125 0.0751953125
0 0.369140625 0.896484375 0.064453125 0.0751953125
0 0.3642578125 0.970703125 0.0361328125 0.052734375
0 0.103515625 0.9736328125 0.087890625 0.048828125
0 0.392578125 0.986328125 0.056640625 0.025390625
0 0.3330078125 0.515625 0.060546875 0.056640625
0 0.3603515625 0.5263671875 0.033203125 0.0341796875
0 0.712890625 0.7431640625 0.5703125 0.509765625