0 0.173828125 0.17578125 0.044921875 0.0439453125
0 0.5205078125 0.177734375 0.0361328125 0.0390625
0 0.568359375 0.1787109375 0.033203125 0.041015625
0 0.474609375 0.19140625 0.0361328125 0.041015625
0 0.822265625 0.193359375 0.0439453125 0.0546875
0 0.208984375 0.20703125 0.046875 0.0390625
0 0.794921875 0.232421875 0.037109375 0.037109375
0 0.501953125 0.23828125 0.048828125 0.0576171875
0 0.552734375 0.240234375 0.033203125 0.029296875
0 0.240234375 0.2529296875 0.0341796875 0.0361328125
0 0.5615234375 0.263671875 0.0419921875 0.037109375
0 0.4775390625 0.2646484375 0.041015625 0.0595703125
0 0.779296875 0.26953125 0.0439453125 0.0498046875
0 0.857421875 0.283203125 0.0419921875 0.044921875
0 0.212890625 0.30078125 0.044921875 0.041015625
0 0.8056640625 0.302734375 0.0341796875 0.0419921875
0 0.5654296875 0.333984375 0.0361328125 0.0517578125
0 0.8203125 0.337890625 0.0205078125 0.0263671875
0 0.541015625 0.3466796875 0.0341796875 0.0390625
0 0.861328125 0.365234375 0.0361328125 0.0439453125
0 0.47265625 0.365234375 0.041015625 0.046875
0 0.4921875 0.37890625 0.033203125 0.0419921875
0 0.228515625 0.4033203125 0.0419921875 0.037109375
0 0.580078125 0.404296875 0.0361328125 0.0361328125
0 0.77734375 0.423828125 0.0361328125 0.0439453125
0 0.24609375 0.423828125 0.044921875 0.029296875
0 0.8466796875 0.42578125 0.0361328125 0.0439453125
0 0.1611328125 0.4326171875 0.048828125 0.048828125
0 0.494140625 0.431640625 0.046875 0.046875
0 0.8466796875 0.462890625 0.0498046875 0.056640625
0 0.1591796875 0.498046875 0.0361328125 0.041015625
0 0.5380859375 0.501953125 0.048828125 0.0439453125
0 0.806640625 0.505859375 0.044921875 0.0419921875
0 0.818359375 0.5341796875 0.0234375 0.029296875
0 0.1630859375 0.5478515625 0.033203125 0.0419921875
0 0.806640625 0.56640625 0.0283203125 0.03125
0 0.1962890625 0.572265625 0.0263671875 0.033203125
0 0.78515625 0.583984375 0.046875 0.046875
0 0.5322265625 0.583984375 0.0498046875 0.0498046875
0 0.490234375 0.599609375 0.0283203125 0.044921875
0 0.1220703125 0.607421875 0.046875 0.0439453125
0 0.50390625 0.615234375 0.03125 0.041015625
0 0.2041015625 0.62109375 0.0419921875 0.041015625
0 0.783203125 0.65234375 0.0361328125 0.041015625
0 0.2138671875 0.658203125 0.0390625 0.041015625
0 0.822265625 0.666015625 0.0419921875 0.0517578125
0 0.5322265625 0.669921875 0.025390625 0.0439453125
0 0.5576171875 0.689453125 0.0390625 0.0517578125
0 0.837890625 0.712890625 0.0361328125 0.0517578125
0 0.5087890625 0.7451171875 0.0361328125 0.0390625
0 0.251953125 0.751953125 0.0419921875 0.044921875
0 0.806640625 0.759765625 0.0498046875 0.048828125
0 0.568359375 0.771484375 0.03125 0.0390625
0 0.5185546875 0.783203125 0.033203125 0.0283203125
0 0.26953125 0.8291015625 0.0390625 0.0419921875
0 0.53125 0.841796875 0.0341796875 0.0390625
0 0.8115234375 0.8447265625 0.0419921875 0.0546875
0 0.517578125 0.8583984375 0.0283203125 0.0361328125
0 0.5849609375 0.857421875 0.0263671875 0.037109375
0 0.1845703125 0.880859375 0.056640625 0.056640625
0 0.548828125 0.890625 0.0283203125 0.044921875
0 0.826171875 0.912109375 0.0517578125 0.056640625
0 0.1708984375 0.12109375 0.048828125 0.041015625
0 0.833984375 0.1279296875 0.048828125 0.0498046875
0 0.8681640625 0.146484375 0.025390625 0.033203125
0 0.216796875 0.158203125 0.029296875 0.0439453125