0 0.3232421875 0.0087890625 0.044921875 0.017578125
0 0.2119140625 0.013671875 0.052734375 0.0263671875
0 0.0986328125 0.013671875 0.037109375 0.02734375
0 0.0400390625 0.0302734375 0.046875 0.056640625
0 0.3583984375 0.0419921875 0.052734375 0.0517578125
0 0.259765625 0.0478515625 0.052734375 0.0703125
0 0.3349609375 0.0595703125 0.0546875 0.056640625
0 0.0615234375 0.072265625 0.0419921875 0.0625
0 0.1201171875 0.0732421875 0.048828125 0.0517578125
0 0.0849609375 0.107421875 0.0361328125 0.044921875
0 0.029296875 0.1103515625 0.0341796875 0.048828125
0 0.4169921875 0.111328125 0.046875 0.0595703125
0 0.119140625 0.1142578125 0.0263671875 0.044921875
0 0.3095703125 0.1162109375 0.037109375 0.0498046875
0 0.2568359375 0.119140625 0.052734375 0.0517578125
0 0.345703125 0.134765625 0.041015625 0.048828125
0 0.0048828125 0.154296875 0.009765625 0.0517578125
0 0.14453125 0.15625 0.0341796875 0.0390625
0 0.34375 0.1650390625 0.0390625 0.044921875
0 0.2939453125 0.166015625 0.0576171875 0.056640625
0 0.072265625 0.169921875 0.0439453125 0.046875
0 0.4658203125 0.177734375 0.0517578125 0.041015625
0 0.3701171875 0.181640625 0.0439453125 0.056640625
0 0.302734375 0.185546875 0.0390625 0.041015625
0 0.080078125 0.1875 0.052734375 0.0390625
0 0.1962890625 0.189453125 0.03125 0.0361328125
0 0.1337890625 0.1943359375 0.041015625 0.025390625
0 0.31640625 0.197265625 0.041015625 0.0205078125
0 0.7578125 0.103515625 0.478515625 0.2060546875
0 0.3037109375 0.2587890625 0.1767578125 0.0986328125
0 0.4423828125 0.275390625 0.150390625 0.1328125
0 0.357421875 0.3369140625 0.0517578125 0.0595703125
0 0.4111328125 0.3466796875 0.048828125 0.0732421875
0 0.150390625 0.365234375 0.248046875 0.1923828125
0 0.2724609375 0.4873046875 0.318359375 0.2392578125
0 0.0751953125 0.5087890625 0.0830078125 0.0654296875
0 0.0888671875 0.533203125 0.115234375 0.0986328125
0 0.2607421875 0.658203125 0.109375 0.125
0 0.1650390625 0.716796875 0.158203125 0.1826171875
0 0.2646484375 0.744140625 0.091796875 0.1142578125
0 0.5751953125 0.9521484375 0.0576171875 0.041015625
0 0.7626953125 0.953125 0.1015625 0.0498046875
0 0.544921875 0.390625 0.052734375 0.0703125
0 0.6318359375 0.4443359375 0.0625 0.0576171875
0 0.7255859375 0.4775390625 0.0390625 0.046875
0 0.8544921875 0.474609375 0.083984375 0.0654296875
0 0.7900390625 0.4853515625 0.0654296875 0.048828125
0 0.9306640625 0.501953125 0.078125 0.056640625
0 0.5625 0.5146484375 0.0625 0.044921875
0 0.828125 0.521484375 0.056640625 0.0419921875
0 0.7275390625 0.5361328125 0.0595703125 0.0625
0 0.55078125 0.541015625 0.052734375 0.0390625
0 0.744140625 0.5927734375 0.0595703125 0.0576171875
0 0.56640625 0.6015625 0.0517578125 0.0439453125
0 0.689453125 0.603515625 0.052734375 0.0390625
0 0.7919921875 0.638671875 0.0703125 0.0498046875
0 0.6083984375 0.642578125 0.078125 0.041015625
0 0.611328125 0.6669921875 0.0439453125 0.0361328125
0 0.5400390625 0.6826171875 0.0361328125 0.0341796875
0 0.732421875 0.685546875 0.0517578125 0.0341796875
0 0.673828125 0.6884765625 0.0517578125 0.0390625
0 0.724609375 0.7197265625 0.056640625 0.0390625
0 0.548828125 0.763671875 0.0576171875 0.041015625
0 0.720703125 0.794921875 0.087890625 0.0654296875
0 0.580078125 0.814453125 0.0419921875 0.0439453125
0 0.716796875 0.86328125 0.0830078125 0.064453125
0 0.583984375 0.8681640625 0.0390625 0.0439453125
0 0.6357421875 0.88671875 0.0595703125 0.0576171875
0 0.56640625 0.919921875 0.09375 0.0419921875
0 0.7392578125 0.92578125 0.0546875 0.041015625