0 0.0810546875 0.1181640625 0.123046875 0.087890625
0 0.025390625 0.12890625 0.0498046875 0.080078125
0 0.1865234375 0.189453125 0.119140625 0.0888671875
0 0.296875 0.267578125 0.080078125 0.103515625
0 0.033203125 0.189453125 0.0654296875 0.0986328125
0 0.2861328125 0.287109375 0.087890625 0.0751953125
0 0.048828125 0.2451171875 0.09765625 0.091796875
0 0.326171875 0.3525390625 0.021484375 0.0654296875
0 0.298828125 0.3681640625 0.0751953125 0.072265625
0 0.205078125 0.408203125 0.0673828125 0.0625
0 0.2919921875 0.451171875 0.0888671875 0.09375
0 0.2490234375 0.4775390625 0.09375 0.0751953125
0 0.19140625 0.4990234375 0.1142578125 0.083984375
0 0.2900390625 0.537109375 0.09375 0.0703125
0 0.017578125 0.46875 0.0341796875 0.072265625
0 0.2880859375 0.580078125 0.0966796875 0.0517578125
0 0.0244140625 0.556640625 0.048828125 0.0654296875
0 0.033203125 0.583984375 0.0654296875 0.0439453125
0 0.08203125 0.595703125 0.072265625 0.021484375
0 0.19140625 0.03125 0.123046875 0.0625
0 0.0361328125 0.0224609375 0.072265625 0.044921875
0 0.712890625 0.564453125 0.251953125 0.083984375
0 0.392578125 0.5224609375 0.1064453125 0.166015625
0 0.517578125 0.541015625 0.2578125 0.1298828125
0 0.0869140625 0.626953125 0.173828125 0.0390625
0 0.0556640625 0.689453125 0.111328125 0.1640625
0 0.033203125 0.7666015625 0.06640625 0.146484375