0 0.22265625 0.005859375 0.04296875 0.01171875
0 0.048828125 0.01171875 0.044921875 0.0234375
0 0.216796875 0.021484375 0.03125 0.0341796875
0 0.25 0.0615234375 0.0390625 0.046875
0 0.1826171875 0.0673828125 0.0625 0.052734375
0 0.1064453125 0.0732421875 0.044921875 0.037109375
0 0.3759765625 0.0869140625 0.041015625 0.0439453125
0 0.5009765625 0.08984375 0.03125 0.041015625
0 0.474609375 0.0986328125 0.0263671875 0.033203125
0 0.2177734375 0.095703125 0.037109375 0.0283203125
0 0.4609375 0.1162109375 0.0283203125 0.0361328125
0 0.16796875 0.1123046875 0.052734375 0.056640625
0 0.3173828125 0.126953125 0.0283203125 0.033203125
0 0.517578125 0.162109375 0.03125 0.03125
0 0.5615234375 0.193359375 0.0517578125 0.0595703125
0 0.525390625 0.220703125 0.0361328125 0.0361328125
0 0.41796875 0.232421875 0.0283203125 0.0263671875
0 0.3046875 0.2353515625 0.052734375 0.037109375
0 0.369140625 0.2412109375 0.0234375 0.0263671875
0 0.4697265625 0.2578125 0.0546875 0.044921875
0 0.603515625 0.33984375 0.0361328125 0.0361328125
0 0.189453125 0.326171875 0.037109375 0.041015625
0 0.4599609375 0.349609375 0.041015625 0.037109375
0 0.423828125 0.35546875 0.0361328125 0.0341796875
0 0.0771484375 0.3515625 0.0498046875 0.0341796875
0 0.5859375 0.369140625 0.0439453125 0.041015625
0 0.662109375 0.388671875 0.0263671875 0.044921875
0 0.01953125 0.369140625 0.025390625 0.025390625
0 0.65625 0.419921875 0.0390625 0.044921875
0 0.4580078125 0.423828125 0.041015625 0.037109375
0 0.0830078125 0.439453125 0.041015625 0.017578125
0 0.7353515625 0.060546875 0.119140625 0.12109375
0 0.8232421875 0.1689453125 0.2236328125 0.279296875
0 0.494140625 0.6435546875 0.068359375 0.0859375
0 0.390625 0.7216796875 0.03125 0.041015625
0 0.169921875 0.724609375 0.033203125 0.044921875
0 0.52734375 0.7373046875 0.0595703125 0.0908203125
0 0.205078125 0.7724609375 0.041015625 0.0654296875
0 0.1015625 0.908203125 0.029296875 0.0283203125
0 0.0380859375 0.9365234375 0.0419921875 0.037109375
0 0.486328125 0.978515625 0.056640625 0.0390625
0 0.044921875 0.982421875 0.048828125 0.03125
0 0.517578125 0.5263671875 0.0361328125 0.0576171875
0 0.869140625 0.912109375 0.1611328125 0.169921875
0 0.7431640625 0.9619140625 0.1015625 0.072265625