0 0.4248046875 0.2197265625 0.0673828125 0.080078125
0 0.3330078125 0.25 0.09375 0.0341796875
0 0.544921875 0.0361328125 0.111328125 0.072265625
0 0.779296875 0.072265625 0.2392578125 0.1435546875
0 0.9619140625 0.10546875 0.072265625 0.1591796875
0 0.5576171875 0.173828125 0.138671875 0.1875
0 0.9375 0.2265625 0.0546875 0.064453125
0 0.763671875 0.2294921875 0.103515625 0.0751953125
0 0.32421875 0.291015625 0.0673828125 0.0439453125
0 0.033203125 0.3544921875 0.0654296875 0.169921875
0 0.404296875 0.328125 0.0546875 0.0732421875
0 0.466796875 0.447265625 0.0361328125 0.0625
0 0.3681640625 0.6005859375 0.0498046875 0.0673828125
0 0.345703125 0.611328125 0.0673828125 0.080078125
0 0.4169921875 0.62109375 0.044921875 0.078125
0 0.474609375 0.6826171875 0.021484375 0.0908203125
0 0.275390625 0.7529296875 0.150390625 0.2373046875
0 0.1220703125 0.8759765625 0.1298828125 0.1611328125
0 0.3564453125 0.8955078125 0.068359375 0.0888671875
0 0.255859375 0.966796875 0.029296875 0.064453125
0 0.005859375 0.9736328125 0.01171875 0.048828125
0 0.3349609375 0.970703125 0.0517578125 0.052734375
0 0.828125 0.3359375 0.099609375 0.0908203125
0 0.51171875 0.3544921875 0.048828125 0.083984375
0 0.916015625 0.3828125 0.0595703125 0.064453125
0 0.9697265625 0.4140625 0.044921875 0.0546875
0 0.939453125 0.416015625 0.046875 0.0732421875
0 0.59375 0.279296875 0.0439453125 0.0205078125
0 0.5537109375 0.283203125 0.0595703125 0.0263671875
0 0.669921875 0.279296875 0.080078125 0.021484375
0 0.626953125 0.2919921875 0.0751953125 0.044921875
0 0.80078125 0.2919921875 0.0625 0.044921875