0 0.287109375 0.14453125 0.0888671875 0.1015625
0 0.0625 0.16796875 0.0732421875 0.0673828125
0 0.193359375 0.212890625 0.0830078125 0.0751953125
0 0.033203125 0.3173828125 0.0654296875 0.150390625
0 0.107421875 0.3623046875 0.0673828125 0.046875
0 0.263671875 0.373046875 0.166015625 0.173828125
0 0.06640625 0.435546875 0.080078125 0.056640625
0 0.142578125 0.0966796875 0.056640625 0.0546875
0 0.267578125 0.1044921875 0.150390625 0.0888671875
0 0.5830078125 0.1591796875 0.1328125 0.1171875
0 0.5087890625 0.1884765625 0.0546875 0.0498046875
0 0.806640625 0.1865234375 0.1220703125 0.109375
0 0.892578125 0.25390625 0.0830078125 0.0703125
0 0.517578125 0.2744140625 0.1142578125 0.1064453125
0 0.5849609375 0.2724609375 0.0888671875 0.0517578125
0 0.8125 0.275390625 0.0859375 0.09375
0 0.5205078125 0.345703125 0.0654296875 0.052734375
0 0.890625 0.337890625 0.09375 0.103515625
0 0.8349609375 0.361328125 0.060546875 0.0595703125
0 0.5830078125 0.408203125 0.130859375 0.0859375
0 0.7919921875 0.4228515625 0.0595703125 0.0625
0 0.482421875 0.447265625 0.0517578125 0.064453125
0 0.59765625 0.443359375 0.056640625 0.078125
0 0.806640625 0.505859375 0.076171875 0.09375
0 0.90234375 0.513671875 0.0732421875 0.076171875
0 0.5068359375 0.55078125 0.095703125 0.091796875
0 0.83984375 0.6083984375 0.107421875 0.1015625
0 0.560546875 0.65234375 0.078125 0.0751953125
0 0.8369140625 0.701171875 0.0576171875 0.0283203125
0 0.5712890625 0.01953125 0.0654296875 0.0390625
0 0.51953125 0.048828125 0.091796875 0.0966796875
0 0.845703125 0.0517578125 0.111328125 0.103515625
0 0.8544921875 0.056640625 0.060546875 0.0576171875
0 0.7861328125 0.083984375 0.0625 0.052734375
0 0.5888671875 0.107421875 0.078125 0.0673828125
0 0.234375 0.7275390625 0.03125 0.017578125
0 0.259765625 0.73828125 0.0439453125 0.0390625
0 0.208984375 0.7890625 0.037109375 0.041015625
0 0.2666015625 0.810546875 0.033203125 0.0390625
0 0.2197265625 0.8251953125 0.0361328125 0.029296875
0 0.2265625 0.8828125 0.0361328125 0.0390625
0 0.212890625 0.900390625 0.03125 0.037109375
0 0.28125 0.896484375 0.0283203125 0.0390625
0 0.244140625 0.9296875 0.03125 0.046875
0 0.779296875 0.7548828125 0.044921875 0.072265625
0 0.63671875 0.7724609375 0.0576171875 0.0888671875
0 0.4072265625 0.7958984375 0.0263671875 0.0390625
0 0.7685546875 0.787109375 0.046875 0.068359375
0 0.8662109375 0.78515625 0.03125 0.0419921875
0 0.705078125 0.8056640625 0.109375 0.1640625
0 0.794921875 0.802734375 0.03125 0.0439453125
0 0.62890625 0.822265625 0.033203125 0.068359375
0 0.603515625 0.86328125 0.048828125 0.068359375
0 0.7685546875 0.8564453125 0.033203125 0.0390625
0 0.6455078125 0.8662109375 0.0546875 0.0830078125
0 0.6318359375 0.912109375 0.0390625 0.0498046875
0 0.357421875 0.9326171875 0.0205078125 0.0439453125
0 0.7431640625 0.916015625 0.0341796875 0.0595703125
0 0.68359375 0.939453125 0.080078125 0.115234375
0 0.796875 0.9453125 0.03125 0.0439453125
0 0.748046875 0.966796875 0.0361328125 0.0498046875
0 0.7099609375 0.966796875 0.0546875 0.060546875