0 0.115234375 0.50390625 0.1875 0.044921875
0 0.193359375 0.22265625 0.38671875 0.4453125
0 0.0263671875 0.162109375 0.052734375 0.181640625
0 0.8017578125 0.177734375 0.388671875 0.35546875
0 0.583984375 0.185546875 0.0908203125 0.1015625
0 0.435546875 0.26953125 0.091796875 0.1064453125
0 0.7236328125 0.25390625 0.1689453125 0.1669921875
0 0.7822265625 0.275390625 0.0732421875 0.0859375
0 0.6572265625 0.3994140625 0.1357421875 0.1455078125
0 0.7138671875 0.4287109375 0.0595703125 0.0830078125
0 0.04296875 0.5400390625 0.048828125 0.021484375
0 0.3359375 0.701171875 0.056640625 0.0908203125
0 0.09375 0.75390625 0.033203125 0.046875
0 0.0673828125 0.787109375 0.048828125 0.0732421875
0 0.173828125 0.7958984375 0.0361328125 0.0625
0 0.236328125 0.8427734375 0.0546875 0.0908203125
0 0.013671875 0.8818359375 0.02734375 0.041015625
0 0.169921875 0.927734375 0.03125 0.060546875
0 0.220703125 0.927734375 0.0546875 0.076171875
0 0.2705078125 0.958984375 0.0361328125 0.0517578125
0 0.2294921875 0.982421875 0.044921875 0.03125
0 0.83203125 0.5400390625 0.052734375 0.021484375
0 0.74609375 0.5517578125 0.044921875 0.044921875
0 0.705078125 0.5576171875 0.0361328125 0.0595703125
0 0.8125 0.580078125 0.0625 0.0546875
0 0.7041015625 0.630859375 0.0625 0.09375
0 0.7548828125 0.6337890625 0.037109375 0.0361328125
0 0.763671875 0.666015625 0.03125 0.048828125
0 0.783203125 0.6708984375 0.0517578125 0.068359375
0 0.70703125 0.7001953125 0.0595703125 0.09375
0 0.734375 0.6962890625 0.041015625 0.046875
0 0.822265625 0.7275390625 0.0390625 0.060546875
0 0.736328125 0.7802734375 0.046875 0.0751953125
0 0.822265625 0.794921875 0.0390625 0.056640625
0 0.828125 0.841796875 0.0703125 0.068359375
0 0.7646484375 0.8779296875 0.0439453125 0.068359375
0 0.7900390625 0.916015625 0.03125 0.0595703125
0 0.826171875 0.982421875 0.056640625 0.03125