0 0.361328125 0.046875 0.0498046875 0.044921875
0 0.4755859375 0.041015625 0.052734375 0.048828125
0 0.263671875 0.0888671875 0.0595703125 0.048828125
0 0.357421875 0.080078125 0.0498046875 0.0498046875
0 0.2392578125 0.10546875 0.0498046875 0.0439453125
0 0.2060546875 0.1162109375 0.048828125 0.0498046875
0 0.455078125 0.0966796875 0.041015625 0.0390625
0 0.033203125 0.1630859375 0.0576171875 0.0439453125
0 0.013671875 0.18359375 0.0263671875 0.056640625
0 0.3876953125 0.1435546875 0.0498046875 0.033203125
0 0.455078125 0.158203125 0.041015625 0.037109375
0 0.4140625 0.17578125 0.041015625 0.0341796875
0 0.1015625 0.228515625 0.0498046875 0.041015625
0 0.455078125 0.2236328125 0.044921875 0.033203125
0 0.251953125 0.255859375 0.052734375 0.041015625
0 0.3759765625 0.2451171875 0.0390625 0.0341796875
0 0.236328125 0.265625 0.03125 0.03125
0 0.4111328125 0.251953125 0.0576171875 0.044921875
0 0.4833984375 0.2431640625 0.0361328125 0.029296875
0 0.224609375 0.283203125 0.033203125 0.0263671875
0 0.1630859375 0.2939453125 0.046875 0.0361328125
0 0.193359375 0.3056640625 0.0361328125 0.029296875
0 0.490234375 0.271484375 0.0341796875 0.0390625
0 0.2041015625 0.322265625 0.033203125 0.0234375
0 0.4833984375 0.287109375 0.0205078125 0.021484375
0 0.3798828125 0.314453125 0.0576171875 0.048828125
0 0.2734375 0.333984375 0.037109375 0.029296875
0 0.0361328125 0.3701171875 0.072265625 0.048828125
0 0.078125 0.4033203125 0.0703125 0.060546875
0 0.431640625 0.4755859375 0.046875 0.033203125
0 0.4755859375 0.46875 0.033203125 0.0439453125
0 0.056640625 0.53125 0.0361328125 0.029296875
0 0.43359375 0.48828125 0.041015625 0.0341796875
0 0.4560546875 0.5009765625 0.0419921875 0.0390625
0 0.498046875 0.513671875 0.017578125 0.041015625
0 0.8994140625 0.1201171875 0.150390625 0.1640625
0 0.9482421875 0.248046875 0.0986328125 0.2080078125
0 0.5517578125 0.365234375 0.083984375 0.2705078125
0 0.787109375 0.36328125 0.369140625 0.365234375
0 0.6318359375 0.486328125 0.240234375 0.1201171875
0 0.04296875 0.7275390625 0.0859375 0.154296875
0 0.2353515625 0.736328125 0.142578125 0.138671875
0 0.4912109375 0.705078125 0.03125 0.0595703125
0 0.333984375 0.7919921875 0.095703125 0.0908203125
0 0.017578125 0.8486328125 0.03515625 0.138671875
0 0.0419921875 0.841796875 0.083984375 0.072265625
0 0.2607421875 0.822265625 0.103515625 0.1142578125
0 0.4892578125 0.791015625 0.0361328125 0.173828125
0 0.0107421875 0.919921875 0.021484375 0.0703125
0 0.349609375 0.876953125 0.1142578125 0.125
0 0.30078125 0.9072265625 0.0732421875 0.0732421875
0 0.06640625 0.95703125 0.1328125 0.0830078125
0 0.26953125 0.96484375 0.072265625 0.0654296875
0 0.0830078125 0.9794921875 0.0751953125 0.0361328125
0 0.2431640625 0.60546875 0.134765625 0.115234375
0 0.4755859375 0.5849609375 0.0625 0.0751953125
0 0.2578125 0.6015625 0.0732421875 0.0732421875
0 0.1953125 0.634765625 0.0732421875 0.068359375
0 0.025390625 0.6796875 0.0498046875 0.087890625
0 0.498046875 0.625 0.0205078125 0.1015625
0 0.93359375 0.923828125 0.1279296875 0.150390625
0 0.763671875 0.966796875 0.0751953125 0.0625
0 0.6787109375 0.982421875 0.103515625 0.03125
0 0.6962890625 0.56640625 0.103515625 0.0361328125
0 0.80859375 0.703125 0.3779296875 0.310546875
0 0.896484375 0.6513671875 0.119140625 0.125
0 0.53515625 0.744140625 0.0517578125 0.1142578125
0 0.580078125 0.763671875 0.138671875 0.150390625
0 0.6669921875 0.763671875 0.0703125 0.072265625
0 0.9755859375 0.736328125 0.0439453125 0.080078125
0 0.630859375 0.84765625 0.1845703125 0.1484375
0 0.87109375 0.8876953125 0.09375 0.0966796875