0 0.158203125 0.1123046875 0.095703125 0.1142578125
0 0.197265625 0.0537109375 0.037109375 0.041015625
0 0.0537109375 0.1298828125 0.107421875 0.1455078125
0 0.052734375 0.041015625 0.0498046875 0.041015625
0 0.1123046875 0.0703125 0.0439453125 0.0439453125
0 0.2275390625 0.1259765625 0.052734375 0.0546875
0 0.275390625 0.134765625 0.052734375 0.052734375
0 0.400390625 0.1044921875 0.052734375 0.060546875
0 0.26953125 0.060546875 0.115234375 0.115234375
0 0.326171875 0.16015625 0.103515625 0.107421875
0 0.345703125 0.08203125 0.044921875 0.048828125
0 0.126953125 0.025390625 0.1748046875 0.048828125
0 0.5029296875 0.0986328125 0.123046875 0.125
0 0.5849609375 0.080078125 0.056640625 0.0673828125
0 0.6103515625 0.158203125 0.1064453125 0.103515625
0 0.6337890625 0.037109375 0.080078125 0.07421875
0 0.1318359375 0.2080078125 0.072265625 0.0830078125
0 0.017578125 0.248046875 0.03515625 0.0546875
0 0.0185546875 0.2705078125 0.0361328125 0.126953125
0 0.064453125 0.2353515625 0.0654296875 0.0703125
0 0.1015625 0.28125 0.048828125 0.060546875
0 0.1767578125 0.3076171875 0.1142578125 0.123046875
0 0.2216796875 0.1962890625 0.099609375 0.1064453125
0 0.017578125 0.2060546875 0.0341796875 0.033203125
0 0.060546875 0.318359375 0.0546875 0.0546875
0 0.02734375 0.37890625 0.0498046875 0.080078125
0 0.103515625 0.3291015625 0.0361328125 0.048828125
0 0.1240234375 0.39453125 0.0888671875 0.09375
0 0.138671875 0.5673828125 0.138671875 0.150390625
0 0.1220703125 0.484375 0.03125 0.0361328125
0 0.142578125 0.466796875 0.037109375 0.046875
0 0.05859375 0.2744140625 0.0439453125 0.0439453125
0 0.0595703125 0.4599609375 0.087890625 0.109375
0 0.009765625 0.427734375 0.01953125 0.0390625
0 0.01171875 0.4599609375 0.0234375 0.0419921875
0 0.1142578125 0.453125 0.03125 0.029296875
0 0.1025390625 0.5 0.029296875 0.037109375
0 0.0224609375 0.533203125 0.044921875 0.080078125
0 0.015625 0.611328125 0.03125 0.0859375
0 0.05078125 0.6240234375 0.044921875 0.056640625
0 0.048828125 0.580078125 0.03125 0.046875
0 0.056640625 0.53515625 0.0390625 0.046875
0 0.0322265625 0.685546875 0.0625 0.078125
0 0.0224609375 0.7890625 0.044921875 0.072265625
0 0.1025390625 0.8271484375 0.1376953125 0.1533203125
0 0.046875 0.74609375 0.037109375 0.046875
0 0.080078125 0.748046875 0.0283203125 0.03125
0 0.1015625 0.73828125 0.03125 0.0361328125
0 0.1083984375 0.69921875 0.03125 0.029296875
0 0.1328125 0.6728515625 0.0439453125 0.046875
0 0.0888671875 0.658203125 0.060546875 0.0751953125
0 0.193359375 0.6806640625 0.072265625 0.080078125
0 0.232421875 0.5458984375 0.048828125 0.0595703125
0 0.2333984375 0.5947265625 0.0517578125 0.0546875
0 0.2822265625 0.66015625 0.1064453125 0.111328125
0 0.3076171875 0.2841796875 0.140625 0.1533203125
0 0.234375 0.345703125 0.048828125 0.0546875
0 0.23046875 0.4375 0.146484375 0.1611328125
0 0.30078125 0.3828125 0.03125 0.03125
0 0.3916015625 0.42578125 0.1669921875 0.193359375
0 0.3232421875 0.3662109375 0.0439453125 0.033203125
0 0.3056640625 0.5068359375 0.0517578125 0.0546875
0 0.2822265625 0.5751953125 0.060546875 0.064453125
0 0.3681640625 0.541015625 0.0517578125 0.0595703125
0 0.3173828125 0.5478515625 0.029296875 0.0361328125
0 0.341796875 0.595703125 0.0732421875 0.083984375
0 0.283203125 0.7880859375 0.111328125 0.119140625
0 0.26171875 0.7265625 0.03125 0.0361328125
0 0.1962890625 0.7666015625 0.0673828125 0.091796875
0 0.0771484375 0.7109375 0.0361328125 0.041015625
0 0.017578125 0.8623046875 0.03515625 0.103515625
0 0.1484375 0.7734375 0.033203125 0.037109375
0 0.142578125 0.728515625 0.068359375 0.0595703125
0 0.0458984375 0.9365234375 0.072265625 0.0859375
0 0.115234375 0.94140625 0.0751953125 0.095703125
0 0.2080078125 0.8515625 0.064453125 0.0751953125
0 0.177734375 0.9111328125 0.080078125 0.080078125
0 0.1826171875 0.9794921875 0.1064453125 0.041015625
0 0.208984375 0.9521484375 0.046875 0.048828125
0 0.26171875 0.9384765625 0.0888671875 0.099609375
0 0.275390625 0.8720703125 0.064453125 0.0703125
0 0.2841796875 0.7275390625 0.0263671875 0.0439453125
0 0.3134765625 0.728515625 0.044921875 0.0517578125
0 0.173828125 0.232421875 0.029296875 0.0361328125
0 0.1552734375 0.2421875 0.0361328125 0.03125
0 0.1259765625 0.2568359375 0.033203125 0.0361328125
0 0.3798828125 0.0458984375 0.044921875 0.048828125
0 0.435546875 0.0654296875 0.033203125 0.037109375
0 0.4384765625 0.0224609375 0.0546875 0.044921875
0 0.419921875 0.203125 0.1171875 0.130859375
0 0.4375 0.12109375 0.0390625 0.046875
0 0.400390625 0.296875 0.0498046875 0.052734375
0 0.4580078125 0.298828125 0.080078125 0.09375
0 0.5166015625 0.1962890625 0.0830078125 0.0830078125
0 0.5673828125 0.0263671875 0.0595703125 0.052734375
0 0.505859375 0.01953125 0.0673828125 0.0390625
0 0.5439453125 0.2841796875 0.0888671875 0.0986328125
0 0.5849609375 0.2353515625 0.0419921875 0.046875
0 0.65234375 0.28515625 0.1357421875 0.166015625
0 0.611328125 0.2255859375 0.0361328125 0.0361328125
0 0.484375 0.365234375 0.044921875 0.0390625
0 0.5244140625 0.431640625 0.0888671875 0.087890625
0 0.529296875 0.357421875 0.0361328125 0.041015625
0 0.498046875 0.33203125 0.0361328125 0.029296875
0 0.58203125 0.3642578125 0.078125 0.087890625
0 0.4873046875 0.5703125 0.1357421875 0.140625
0 0.4814453125 0.4736328125 0.048828125 0.052734375
0 0.4013671875 0.671875 0.0966796875 0.119140625
0 0.4033203125 0.587890625 0.044921875 0.052734375
0 0.408203125 0.541015625 0.0419921875 0.046875
0 0.353515625 0.7431640625 0.064453125 0.0751953125
0 0.369140625 0.8154296875 0.0654296875 0.083984375
0 0.404296875 0.7734375 0.0517578125 0.048828125
0 0.396484375 0.7373046875 0.044921875 0.0517578125
0 0.4560546875 0.75390625 0.072265625 0.083984375
0 0.470703125 0.7021484375 0.044921875 0.0439453125
0 0.501953125 0.6669921875 0.0625 0.0673828125
0 0.3759765625 0.6943359375 0.037109375 0.037109375
0 0.412109375 0.693359375 0.03125 0.037109375
0 0.458984375 0.65625 0.033203125 0.041015625
0 0.509765625 0.73046875 0.060546875 0.072265625
0 0.416015625 0.861328125 0.076171875 0.0859375
0 0.4248046875 0.8046875 0.0361328125 0.0439453125
0 0.521484375 0.9111328125 0.1591796875 0.177734375
0 0.462890625 0.8173828125 0.052734375 0.0517578125
0 0.3388671875 0.89453125 0.0830078125 0.1015625
0 0.3359375 0.9638671875 0.0703125 0.0673828125
0 0.3974609375 0.9541015625 0.0888671875 0.091796875
0 0.51171875 0.7958984375 0.0546875 0.0625
0 0.56640625 0.7998046875 0.0546875 0.056640625
0 0.580078125 0.8388671875 0.037109375 0.0361328125
0 0.544921875 0.7607421875 0.037109375 0.048828125
0 0.6669921875 0.19140625 0.0419921875 0.029296875
0 0.771484375 0.10546875 0.2138671875 0.2109375
0 0.6650390625 0.16796875 0.0185546875 0.025390625
0 0.6435546875 0.095703125 0.0439453125 0.037109375
0 0.701171875 0.0126953125 0.052734375 0.025390625
0 0.818359375 0.2216796875 0.044921875 0.0390625
0 0.767578125 0.2724609375 0.0966796875 0.099609375
0 0.65234375 0.470703125 0.1484375 0.177734375
0 0.755859375 0.4580078125 0.033203125 0.0546875
0 0.7666015625 0.4560546875 0.072265625 0.0751953125
0 0.728515625 0.3798828125 0.037109375 0.0517578125
0 0.751953125 0.369140625 0.0888671875 0.087890625
0 0.611328125 0.6708984375 0.158203125 0.2080078125
0 0.63671875 0.8310546875 0.103515625 0.123046875
0 0.6572265625 0.9501953125 0.1064453125 0.099609375
0 0.619140625 0.8994140625 0.0439453125 0.048828125
0 0.904296875 0.0341796875 0.0595703125 0.0673828125
0 0.9775390625 0.1005859375 0.044921875 0.119140625
0 0.958984375 0.037109375 0.0390625 0.037109375
0 0.96875 0.0087890625 0.0595703125 0.017578125
0 0.9208984375 0.123046875 0.0595703125 0.056640625
0 0.904296875 0.2978515625 0.1904296875 0.275390625
0 0.865234375 0.1806640625 0.033203125 0.041015625
0 0.8076171875 0.40625 0.0498046875 0.060546875
0 0.830078125 0.4794921875 0.0498046875 0.0595703125
0 0.9150390625 0.5419921875 0.146484375 0.1875
0 0.8681640625 0.466796875 0.0205078125 0.029296875
0 0.8896484375 0.447265625 0.033203125 0.0361328125
0 0.84765625 0.4306640625 0.0361328125 0.037109375
0 0.984375 0.443359375 0.03125 0.095703125
0 0.755859375 0.583984375 0.1513671875 0.173828125
0 0.83984375 0.689453125 0.080078125 0.1064453125
0 0.8984375 0.7333984375 0.0703125 0.0859375
0 0.923828125 0.6650390625 0.0595703125 0.0546875
0 0.98046875 0.6181640625 0.0390625 0.087890625
0 0.9609375 0.759765625 0.078125 0.208984375
0 0.7373046875 0.7421875 0.1220703125 0.138671875
0 0.853515625 0.8583984375 0.1611328125 0.1923828125
0 0.728515625 0.845703125 0.0703125 0.0908203125
0 0.7216796875 0.94921875 0.0595703125 0.037109375
0 0.7431640625 0.916015625 0.0595703125 0.068359375
0 0.7490234375 0.9755859375 0.078125 0.048828125
0 0.8486328125 0.9853515625 0.1015625 0.029296875
0 0.900390625 0.958984375 0.0361328125 0.046875
0 0.935546875 0.9384765625 0.0419921875 0.0439453125
0 0.966796875 0.8935546875 0.0546875 0.0595703125
0 0.9619140625 0.9697265625 0.064453125 0.060546875
0 0.98828125 0.9423828125 0.0234375 0.046875
0 0.3701171875 0.66796875 0.0263671875 0.046875
0 0.39453125 0.6748046875 0.0234375 0.025390625
0 0.412109375 0.6435546875 0.0546875 0.046875
0 0.505859375 0.431640625 0.048828125 0.076171875
0 0.5478515625 0.466796875 0.0390625 0.037109375
0 0.5537109375 0.42578125 0.037109375 0.046875
0 0.19921875 0.525390625 0.0283203125 0.0439453125
0 0.7529296875 0.3466796875 0.0439453125 0.0283203125
0 0.787109375 0.4599609375 0.0263671875 0.041015625