0 0.259765625 0.3056640625 0.125 0.111328125
0 0.857421875 0.318359375 0.109375 0.099609375
0 0.181640625 0.330078125 0.0517578125 0.048828125
0 0.4814453125 0.3427734375 0.1171875 0.1044921875
0 0.759765625 0.349609375 0.0576171875 0.0419921875
0 0.8466796875 0.365234375 0.044921875 0.060546875
0 0.5712890625 0.412109375 0.080078125 0.0673828125
0 0.1953125 0.41796875 0.107421875 0.1015625
0 0.263671875 0.419921875 0.0859375 0.044921875
0 0.490234375 0.431640625 0.0810546875 0.0888671875
0 0.783203125 0.4384765625 0.119140625 0.1357421875
0 0.19921875 0.4892578125 0.060546875 0.0517578125
0 0.8359375 0.490234375 0.056640625 0.0732421875
0 0.5703125 0.498046875 0.087890625 0.0986328125
0 0.517578125 0.5185546875 0.0576171875 0.056640625
0 0.2626953125 0.552734375 0.126953125 0.0810546875
0 0.830078125 0.560546875 0.154296875 0.130859375
0 0.47265625 0.580078125 0.056640625 0.0595703125
0 0.166015625 0.587890625 0.048828125 0.060546875
0 0.2802734375 0.591796875 0.0517578125 0.076171875
0 0.7666015625 0.5966796875 0.060546875 0.078125
0 0.4912109375 0.662109375 0.0703125 0.0908203125
0 0.5869140625 0.67578125 0.0673828125 0.0732421875
0 0.806640625 0.6787109375 0.0517578125 0.0546875
0 0.19140625 0.693359375 0.0908203125 0.087890625
0 0.794921875 0.724609375 0.076171875 0.1064453125
0 0.52734375 0.7646484375 0.103515625 0.0986328125
0 0.818359375 0.7705078125 0.044921875 0.080078125
0 0.505859375 0.0771484375 0.0751953125 0.068359375
0 0.76953125 0.79296875 0.115234375 0.111328125
0 0.2509765625 0.798828125 0.0732421875 0.0703125
0 0.529296875 0.87109375 0.052734375 0.044921875
0 0.779296875 0.876953125 0.0732421875 0.087890625
0 0.232421875 0.884765625 0.0576171875 0.0595703125
0 0.794921875 0.08984375 0.060546875 0.044921875
0 0.2353515625 0.1064453125 0.076171875 0.068359375
0 0.82421875 0.1396484375 0.0390625 0.052734375
0 0.2412109375 0.158203125 0.060546875 0.044921875
0 0.1904296875 0.1875 0.0830078125 0.0966796875
0 0.8291015625 0.1982421875 0.037109375 0.041015625
0 0.5146484375 0.197265625 0.1015625 0.119140625
0 0.78515625 0.208984375 0.103515625 0.0908203125
0 0.5263671875 0.21484375 0.0576171875 0.056640625
0 0.458984375 0.2392578125 0.0595703125 0.0517578125
0 0.2626953125 0.2548828125 0.0732421875 0.0625
0 0.791015625 0.275390625 0.0576171875 0.080078125