0 0.2900390625 0.232421875 0.580078125 0.46484375
0 0.697265625 0.27734375 0.115234375 0.3779296875
0 0.841796875 0.287109375 0.228515625 0.357421875
0 0.96484375 0.3017578125 0.0654296875 0.330078125
0 0.798828125 0.064453125 0.1953125 0.1279296875
0 0.5732421875 0.8505859375 0.1279296875 0.2939453125
0 0.373046875 0.8828125 0.0888671875 0.193359375
0 0.037109375 0.904296875 0.07421875 0.1875
0 0.615234375 0.888671875 0.0439453125 0.216796875
0 0.01953125 0.89453125 0.0390625 0.2080078125
0 0.5380859375 0.91015625 0.115234375 0.1767578125
0 0.1005859375 0.5205078125 0.0625 0.103515625
0 0.404296875 0.92578125 0.119140625 0.1455078125
0 0.267578125 0.970703125 0.087890625 0.056640625
0 0.46875 0.568359375 0.138671875 0.2001953125
0 0.138671875 0.6005859375 0.0703125 0.2109375
0 0.6044921875 0.58984375 0.0654296875 0.244140625
0 0.6201171875 0.6044921875 0.0341796875 0.271484375
0 0.205078125 0.65625 0.1279296875 0.3173828125
0 0.44140625 0.650390625 0.109375 0.2451171875
0 0.060546875 0.7392578125 0.12109375 0.310546875
0 0.826171875 0.48046875 0.072265625 0.025390625
0 0.716796875 0.4892578125 0.0654296875 0.041015625
0 0.794921875 0.4912109375 0.0361328125 0.044921875
0 0.888671875 0.50390625 0.048828125 0.0703125
0 0.802734375 0.529296875 0.041015625 0.0498046875
0 0.759765625 0.53515625 0.0361328125 0.0576171875
0 0.865234375 0.5673828125 0.0595703125 0.052734375
0 0.7529296875 0.607421875 0.0546875 0.09375
0 0.8056640625 0.61328125 0.0341796875 0.0361328125
0 0.810546875 0.646484375 0.029296875 0.0498046875
0 0.8310546875 0.654296875 0.046875 0.0673828125
0 0.7529296875 0.6748046875 0.0546875 0.0908203125
0 0.783203125 0.6748046875 0.037109375 0.046875
0 0.8671875 0.71484375 0.037109375 0.0595703125
0 0.78125 0.7578125 0.0419921875 0.0732421875
0 0.865234375 0.7802734375 0.037109375 0.0576171875
0 0.8671875 0.8271484375 0.0673828125 0.0673828125
0 0.8037109375 0.857421875 0.0390625 0.0673828125
0 0.8271484375 0.896484375 0.03125 0.0595703125
0 0.857421875 0.9736328125 0.052734375 0.048828125