0 0.619140625 0.0322265625 0.0361328125 0.0546875
0 0.65234375 0.05859375 0.0263671875 0.0751953125
0 0.029296875 0.1279296875 0.0390625 0.068359375
0 0.4013671875 0.115234375 0.142578125 0.23046875
0 0.6181640625 0.1591796875 0.072265625 0.1357421875
0 0.642578125 0.2412109375 0.044921875 0.1376953125
0 0.09765625 0.328125 0.0517578125 0.080078125
0 0.611328125 0.333984375 0.076171875 0.1064453125
0 0.029296875 0.3681640625 0.056640625 0.0390625
0 0.302734375 0.32421875 0.177734375 0.125
0 0.6025390625 0.013671875 0.052734375 0.02734375
0 0.5107421875 0.048828125 0.080078125 0.09765625
0 0.775390625 0.1201171875 0.2138671875 0.240234375
0 0.9130859375 0.177734375 0.1689453125 0.275390625
0 0.765625 0.298828125 0.1376953125 0.1767578125
0 0.474609375 0.4130859375 0.0595703125 0.048828125
0 0.41015625 0.455078125 0.1123046875 0.1064453125
0 0.3056640625 0.466796875 0.0498046875 0.0517578125
0 0.4716796875 0.4990234375 0.064453125 0.056640625
0 0.634765625 0.4912109375 0.0625 0.0654296875
0 0.3984375 0.525390625 0.0517578125 0.046875
0 0.466796875 0.552734375 0.078125 0.0751953125
0 0.3466796875 0.5615234375 0.064453125 0.060546875
0 0.548828125 0.564453125 0.087890625 0.0859375
0 0.634765625 0.611328125 0.0625 0.0830078125
0 0.32421875 0.62890625 0.0625 0.056640625
0 0.4482421875 0.634765625 0.1328125 0.107421875
0 0.5810546875 0.6328125 0.0673828125 0.064453125
0 0.505859375 0.67578125 0.109375 0.111328125
0 0.646484375 0.6767578125 0.0390625 0.0654296875
0 0.2314453125 0.701171875 0.0732421875 0.0625
0 0.3408203125 0.703125 0.046875 0.0498046875
0 0.423828125 0.7216796875 0.1279296875 0.1123046875
0 0.5595703125 0.7265625 0.1279296875 0.1220703125
0 0.2197265625 0.806640625 0.052734375 0.0517578125
0 0.353515625 0.8154296875 0.0390625 0.044921875
0 0.619140625 0.8017578125 0.0888671875 0.080078125
0 0.470703125 0.8408203125 0.173828125 0.1533203125
0 0.6357421875 0.8369140625 0.0595703125 0.091796875
0 0.3486328125 0.923828125 0.0576171875 0.060546875
0 0.5576171875 0.935546875 0.134765625 0.125
0 0.4560546875 0.9482421875 0.0625 0.0654296875
0 0.638671875 0.939453125 0.052734375 0.0830078125
0 0.505859375 0.982421875 0.1142578125 0.029296875
0 0.767578125 0.578125 0.046875 0.041015625
0 0.8818359375 0.580078125 0.048828125 0.041015625
0 0.681640625 0.611328125 0.0263671875 0.0439453125
0 0.759765625 0.607421875 0.048828125 0.044921875
0 0.85546875 0.6357421875 0.0390625 0.0361328125
0 0.779296875 0.67578125 0.0498046875 0.025390625
0 0.845703125 0.6943359375 0.0390625 0.033203125
0 0.802734375 0.7060546875 0.0390625 0.0283203125
0 0.923828125 0.740234375 0.0361328125 0.0234375
0 0.8349609375 0.7587890625 0.044921875 0.0263671875
0 0.7529296875 0.775390625 0.041015625 0.03125
0 0.7900390625 0.78125 0.056640625 0.0390625
0 0.904296875 0.77734375 0.0361328125 0.03125
0 0.8583984375 0.78125 0.0361328125 0.0234375
0 0.9599609375 0.7822265625 0.03125 0.0263671875
0 0.87109375 0.80859375 0.041015625 0.03125
0 0.85546875 0.8232421875 0.0185546875 0.0185546875
0 0.7490234375 0.8427734375 0.0546875 0.0419921875
0 0.775390625 0.994140625 0.0517578125 0.0078125
0 0.8212890625 0.990234375 0.03125 0.013671875