0 0.5810546875 0.0185546875 0.0419921875 0.037109375
0 0.0224609375 0.15625 0.044921875 0.0576171875
0 0.2646484375 0.1015625 0.0390625 0.0390625
0 0.1201171875 0.173828125 0.0341796875 0.0390625
0 0.1064453125 0.2119140625 0.0595703125 0.048828125
0 0.193359375 0.201171875 0.0498046875 0.046875
0 0.2470703125 0.1962890625 0.056640625 0.0517578125
0 0.361328125 0.1796875 0.0439453125 0.037109375
0 0.107421875 0.240234375 0.056640625 0.0390625
0 0.19140625 0.232421875 0.046875 0.046875
0 0.3564453125 0.208984375 0.0341796875 0.037109375
0 0.396484375 0.240234375 0.0419921875 0.048828125
0 0.330078125 0.2626953125 0.068359375 0.0595703125
0 0.2578125 0.2900390625 0.0498046875 0.0419921875
0 0.521484375 0.232421875 0.0439453125 0.046875
0 0.6435546875 0.2021484375 0.0361328125 0.0439453125
0 0.6181640625 0.216796875 0.029296875 0.0341796875
0 0.3681640625 0.2841796875 0.0390625 0.0341796875
0 0.6083984375 0.240234375 0.0341796875 0.037109375
0 0.322265625 0.3115234375 0.0625 0.060546875
0 0.470703125 0.287109375 0.033203125 0.037109375
0 0.6689453125 0.26953125 0.0341796875 0.0341796875
0 0.6767578125 0.326171875 0.021484375 0.044921875
0 0.58203125 0.365234375 0.029296875 0.029296875
0 0.47265625 0.3984375 0.056640625 0.0419921875
0 0.5390625 0.388671875 0.025390625 0.0263671875
0 0.6376953125 0.376953125 0.0595703125 0.0517578125
0 0.376953125 0.5107421875 0.0439453125 0.03125
0 0.6396484375 0.4716796875 0.0439453125 0.0390625
0 0.6083984375 0.4873046875 0.0390625 0.037109375
0 0.05078125 0.076171875 0.029296875 0.0263671875
0 0.541015625 0.0068359375 0.0341796875 0.013671875
0 0.013671875 0.1181640625 0.02734375 0.048828125
0 0.1337890625 0.107421875 0.037109375 0.037109375
0 0.982421875 0.09375 0.029296875 0.087890625
0 0.69921875 0.421875 0.0205078125 0.044921875
0 0.3212890625 0.5361328125 0.044921875 0.013671875
0 0.3115234375 0.5498046875 0.046875 0.0361328125
0 0.212890625 0.599609375 0.037109375 0.0361328125
0 0.30859375 0.578125 0.044921875 0.0517578125
0 0.240234375 0.6396484375 0.044921875 0.0546875
0 0.294921875 0.6435546875 0.041015625 0.0361328125
0 0.2060546875 0.69140625 0.037109375 0.033203125
0 0.27734375 0.6875 0.041015625 0.048828125
0 0.2314453125 0.70703125 0.0390625 0.0390625