0 0.390625 0.2451171875 0.064453125 0.09375
0 0.369140625 0.517578125 0.0595703125 0.0966796875
0 0.5615234375 0.5869140625 0.0673828125 0.0986328125
0 0.51171875 0.662109375 0.0595703125 0.0751953125
0 0.6787109375 0.71484375 0.0908203125 0.1142578125
0 0.6279296875 0.330078125 0.03125 0.046875
0 0.54296875 0.333984375 0.0361328125 0.052734375
0 0.5556640625 0.3935546875 0.021484375 0.029296875
0 0.486328125 0.4658203125 0.0283203125 0.0498046875
0 0.513671875 0.443359375 0.0283203125 0.041015625
0 0.4990234375 0.423828125 0.021484375 0.0283203125
0 0.4775390625 0.3994140625 0.029296875 0.044921875
0 0.4482421875 0.337890625 0.033203125 0.0517578125
0 0.560546875 0.2421875 0.0576171875 0.0888671875
0 0.552734375 0.2119140625 0.0517578125 0.0751953125
0 0.34765625 0.400390625 0.0498046875 0.09375
0 0.3779296875 0.4169921875 0.044921875 0.0595703125
0 0.404296875 0.375 0.046875 0.076171875
0 0.4453125 0.3779296875 0.0283203125 0.041015625
0 0.5205078125 0.4111328125 0.0283203125 0.0390625
0 0.5224609375 0.380859375 0.021484375 0.0439453125
0 0.509765625 0.3798828125 0.0263671875 0.041015625
0 0.4619140625 0.509765625 0.013671875 0.0234375
0 0.4375 0.5673828125 0.013671875 0.0205078125
0 0.4140625 0.564453125 0.017578125 0.0283203125
0 0.4638671875 0.5810546875 0.013671875 0.0234375
0 0.439453125 0.623046875 0.0185546875 0.0283203125
0 0.451171875 0.5908203125 0.021484375 0.029296875
0 0.703125 0.57421875 0.0185546875 0.0263671875
0 0.2060546875 0.416015625 0.013671875 0.0234375
0 0.2099609375 0.392578125 0.013671875 0.017578125
0 0.169921875 0.462890625 0.013671875 0.0234375
0 0.26171875 0.693359375 0.013671875 0.0234375
0 0.083984375 0.837890625 0.017578125 0.0283203125
0 0.134765625 0.88671875 0.015625 0.025390625
0 0.080078125 0.7724609375 0.013671875 0.0234375
0 0.572265625 0.779296875 0.013671875 0.0234375
0 0.5185546875 0.82421875 0.0107421875 0.017578125
0 0.6171875 0.740234375 0.0126953125 0.0185546875
0 0.59765625 0.7158203125 0.0107421875 0.0185546875
0 0.5908203125 0.759765625 0.0107421875 0.0185546875
0 0.458984375 0.4765625 0.025390625 0.033203125
0 0.4287109375 0.4697265625 0.0546875 0.068359375
0 0.4375 0.552734375 0.015625 0.025390625
0 0.4345703125 0.533203125 0.0185546875 0.025390625
0 0.4365234375 0.515625 0.0263671875 0.033203125
0 0.423828125 0.505859375 0.0185546875 0.025390625
0 0.755859375 0.6064453125 0.0126953125 0.0205078125
0 0.798828125 0.8876953125 0.013671875 0.0234375
0 0.65625 0.814453125 0.013671875 0.0234375
0 0.6982421875 0.8017578125 0.0126953125 0.0234375