0 0.8994140625 0.1494140625 0.0576171875 0.0576171875
0 0.345703125 0.1748046875 0.0830078125 0.0908203125
0 0.8359375 0.185546875 0.046875 0.0625
0 0.9931640625 0.2197265625 0.013671875 0.041015625
0 0.228515625 0.2392578125 0.1689453125 0.146484375
0 0.9873046875 0.2783203125 0.0234375 0.046875
0 0.244140625 0.3642578125 0.076171875 0.0751953125
0 0.0849609375 0.373046875 0.080078125 0.091796875
0 0.9267578125 0.388671875 0.0361328125 0.064453125
0 0.240234375 0.4453125 0.072265625 0.0986328125
0 0.166015625 0.455078125 0.1123046875 0.1279296875
0 0.423828125 0.49609375 0.052734375 0.0830078125
0 0.33203125 0.5107421875 0.0498046875 0.083984375
0 0.3740234375 0.548828125 0.060546875 0.0888671875
0 0.662109375 0.552734375 0.0673828125 0.078125
0 0.2041015625 0.5595703125 0.1044921875 0.1044921875
0 0.158203125 0.607421875 0.072265625 0.0908203125
0 0.9716796875 0.6103515625 0.0546875 0.0751953125
0 0.154296875 0.0615234375 0.087890625 0.0908203125
0 0.35546875 0.619140625 0.2705078125 0.322265625
0 0.662109375 0.7431640625 0.267578125 0.3173828125
0 0.8916015625 0.78515625 0.2158203125 0.3388671875