0 0.2607421875 0.115234375 0.041015625 0.048828125
0 0.2978515625 0.126953125 0.0234375 0.0283203125
0 0.0439453125 0.060546875 0.0439453125 0.0546875
0 0.03515625 0.0830078125 0.0517578125 0.0498046875
0 0.107421875 0.1455078125 0.0517578125 0.0498046875
0 0.111328125 0.1884765625 0.0205078125 0.0205078125
0 0.0771484375 0.1806640625 0.025390625 0.025390625
0 0.3544921875 0.333984375 0.0517578125 0.0576171875
0 0.1005859375 0.015625 0.048828125 0.03125
0 0.244140625 0.42578125 0.021484375 0.029296875
0 0.271484375 0.0732421875 0.048828125 0.0546875
0 0.0888671875 0.041015625 0.046875 0.0439453125
0 0.673828125 0.2392578125 0.427734375 0.478515625
0 0.814453125 0.4375 0.369140625 0.337890625
0 0.91015625 0.095703125 0.1767578125 0.1904296875
0 0.119140625 0.771484375 0.2373046875 0.326171875
0 0.2724609375 0.802734375 0.291015625 0.388671875
0 0.380859375 0.802734375 0.1513671875 0.388671875
0 0.7470703125 0.6484375 0.0703125 0.056640625
0 0.6162109375 0.623046875 0.0546875 0.03125
0 0.51171875 0.6357421875 0.052734375 0.041015625
0 0.4833984375 0.6875 0.041015625 0.0283203125
0 0.662109375 0.767578125 0.0361328125 0.03125
0 0.69921875 0.78125 0.048828125 0.0341796875
0 0.572265625 0.7470703125 0.025390625 0.0185546875