0 0.796875 0.0673828125 0.1044921875 0.125
0 0.7529296875 0.01953125 0.0419921875 0.0390625
0 0.90234375 0.07421875 0.123046875 0.1484375
0 0.837890625 0.021484375 0.046875 0.04296875
0 0.73046875 0.0908203125 0.0595703125 0.060546875
0 0.6845703125 0.10546875 0.0595703125 0.060546875
0 0.5576171875 0.09375 0.0595703125 0.0673828125
0 0.681640625 0.0478515625 0.126953125 0.095703125
0 0.63671875 0.1376953125 0.1142578125 0.1220703125
0 0.607421875 0.0634765625 0.0498046875 0.0546875
0 0.4541015625 0.1015625 0.1357421875 0.140625
0 0.3701171875 0.095703125 0.064453125 0.0751953125
0 0.3544921875 0.1767578125 0.1171875 0.1171875
0 0.3154296875 0.0595703125 0.0859375 0.0859375
0 0.833984375 0.1591796875 0.0810546875 0.091796875
0 0.951171875 0.1826171875 0.0419921875 0.0595703125
0 0.953125 0.205078125 0.0498046875 0.130859375
0 0.9033203125 0.1767578125 0.072265625 0.080078125
0 0.873046875 0.2275390625 0.0546875 0.0673828125
0 0.7998046875 0.263671875 0.126953125 0.138671875
0 0.744140625 0.16015625 0.111328125 0.119140625
0 0.947265625 0.1416015625 0.037109375 0.037109375
0 0.9169921875 0.2587890625 0.0625 0.0625
0 0.9560546875 0.3134765625 0.0595703125 0.0859375
0 0.8759765625 0.275390625 0.0419921875 0.0546875
0 0.861328125 0.3427734375 0.0986328125 0.1064453125
0 0.8671875 0.5166015625 0.1533203125 0.1689453125
0 0.8740234375 0.431640625 0.0341796875 0.0390625
0 0.8505859375 0.41796875 0.0439453125 0.052734375
0 0.9140625 0.21484375 0.048828125 0.048828125
0 0.9326171875 0.3984375 0.099609375 0.1220703125
0 0.978515625 0.3603515625 0.025390625 0.041015625
0 0.98046875 0.3935546875 0.029296875 0.046875
0 0.8779296875 0.400390625 0.033203125 0.033203125
0 0.89453125 0.4443359375 0.033203125 0.041015625
0 0.974609375 0.4658203125 0.0498046875 0.083984375
0 0.9853515625 0.5419921875 0.029296875 0.087890625
0 0.958984375 0.560546875 0.0517578125 0.0625
0 0.9560546875 0.5166015625 0.0361328125 0.0517578125
0 0.943359375 0.4736328125 0.044921875 0.0517578125
0 0.974609375 0.619140625 0.0498046875 0.0859375
0 0.98828125 0.720703125 0.0234375 0.078125
0 0.9267578125 0.767578125 0.146484375 0.169921875
0 0.9755859375 0.6806640625 0.0419921875 0.0517578125
0 0.943359375 0.6875 0.03125 0.0361328125
0 0.921875 0.6806640625 0.0341796875 0.0390625
0 0.9091796875 0.6435546875 0.033203125 0.033203125
0 0.8837890625 0.6201171875 0.048828125 0.052734375
0 0.9248046875 0.599609375 0.068359375 0.0830078125
0 0.82421875 0.63671875 0.080078125 0.087890625
0 0.7705078125 0.5087890625 0.052734375 0.064453125
0 0.7744140625 0.556640625 0.056640625 0.060546875
0 0.7333984375 0.62890625 0.1171875 0.125
0 0.66796875 0.2587890625 0.15625 0.169921875
0 0.7470703125 0.3095703125 0.052734375 0.060546875
0 0.7607421875 0.400390625 0.1640625 0.1796875
0 0.685546875 0.3564453125 0.033203125 0.0361328125
0 0.599609375 0.412109375 0.1845703125 0.2158203125
0 0.6611328125 0.3427734375 0.046875 0.0390625
0 0.693359375 0.48046875 0.056640625 0.060546875
0 0.724609375 0.544921875 0.0654296875 0.072265625
0 0.634765625 0.521484375 0.056640625 0.064453125
0 0.685546875 0.5224609375 0.033203125 0.0390625
0 0.666015625 0.5732421875 0.0830078125 0.09375
0 0.7451171875 0.755859375 0.1220703125 0.134765625
0 0.76171875 0.69140625 0.0341796875 0.0390625
0 0.830078125 0.72265625 0.0751953125 0.099609375
0 0.9423828125 0.650390625 0.0390625 0.044921875
0 0.8779296875 0.72265625 0.0361328125 0.0439453125
0 0.8779296875 0.677734375 0.0732421875 0.068359375
0 0.9775390625 0.869140625 0.044921875 0.09375
0 0.9287109375 0.884765625 0.0859375 0.1064453125
0 0.828125 0.80859375 0.0703125 0.0830078125
0 0.86328125 0.86328125 0.087890625 0.091796875
0 0.8662109375 0.931640625 0.111328125 0.056640625
0 0.8369140625 0.908203125 0.0517578125 0.0546875
0 0.783203125 0.9013671875 0.0986328125 0.111328125
0 0.763671875 0.837890625 0.072265625 0.080078125
0 0.73828125 0.6953125 0.03125 0.046875
0 0.7099609375 0.701171875 0.0498046875 0.056640625
0 0.794921875 0.189453125 0.033203125 0.0390625
0 0.814453125 0.1962890625 0.0390625 0.037109375
0 0.8447265625 0.20703125 0.0361328125 0.0390625
0 0.5703125 0.0322265625 0.0498046875 0.0546875
0 0.517578125 0.0595703125 0.0361328125 0.041015625
0 0.5087890625 0.021484375 0.060546875 0.04296875
0 0.546875 0.1943359375 0.1298828125 0.146484375
0 0.521484375 0.115234375 0.044921875 0.0517578125
0 0.5771484375 0.2841796875 0.0546875 0.0595703125
0 0.5205078125 0.294921875 0.0888671875 0.103515625
0 0.451171875 0.201171875 0.0908203125 0.09375
0 0.3837890625 0.0390625 0.0625 0.060546875
0 0.443359375 0.0234375 0.0703125 0.046875
0 0.43359375 0.2919921875 0.099609375 0.109375
0 0.38671875 0.2490234375 0.044921875 0.052734375
0 0.3251953125 0.30859375 0.1533203125 0.1845703125
0 0.361328125 0.2431640625 0.0390625 0.041015625
0 0.5009765625 0.3642578125 0.0498046875 0.044921875
0 0.4677734375 0.435546875 0.0986328125 0.099609375
0 0.455078125 0.3623046875 0.0390625 0.046875
0 0.4833984375 0.3330078125 0.037109375 0.0361328125
0 0.4033203125 0.376953125 0.0859375 0.0986328125
0 0.51953125 0.5673828125 0.150390625 0.158203125
0 0.5166015625 0.470703125 0.052734375 0.0595703125
0 0.615234375 0.65625 0.107421875 0.130859375
0 0.60546875 0.57421875 0.0517578125 0.0595703125
0 0.595703125 0.5283203125 0.0439453125 0.0517578125
0 0.671875 0.720703125 0.072265625 0.0830078125
0 0.6640625 0.794921875 0.0732421875 0.091796875
0 0.6240234375 0.7578125 0.056640625 0.0546875
0 0.62890625 0.7216796875 0.0498046875 0.056640625
0 0.5703125 0.74609375 0.0810546875 0.09375
0 0.5517578125 0.6962890625 0.0498046875 0.048828125
0 0.515625 0.666015625 0.068359375 0.0751953125
0 0.6435546875 0.67578125 0.0419921875 0.0439453125
0 0.607421875 0.6796875 0.0341796875 0.041015625
0 0.556640625 0.6494140625 0.0361328125 0.044921875
0 0.515625 0.7294921875 0.068359375 0.080078125
0 0.623046875 0.8466796875 0.083984375 0.095703125
0 0.6064453125 0.7919921875 0.0419921875 0.046875
0 0.5224609375 0.90625 0.1767578125 0.1875
0 0.5712890625 0.8095703125 0.0595703125 0.0595703125
0 0.7021484375 0.869140625 0.09375 0.1142578125
0 0.7119140625 0.9375 0.0751953125 0.076171875
0 0.650390625 0.9365234375 0.0986328125 0.103515625
0 0.51953125 0.794921875 0.0625 0.0703125
0 0.466796875 0.806640625 0.060546875 0.064453125
0 0.4560546875 0.84765625 0.0419921875 0.041015625
0 0.4833984375 0.7646484375 0.0439453125 0.052734375
0 0.30078125 0.2177734375 0.0439453125 0.0361328125
0 0.1875 0.1455078125 0.234375 0.236328125
0 0.30078125 0.193359375 0.0234375 0.0283203125
0 0.314453125 0.119140625 0.046875 0.0439453125
0 0.248046875 0.0439453125 0.056640625 0.033203125
0 0.154296875 0.267578125 0.0498046875 0.044921875
0 0.2099609375 0.3115234375 0.1064453125 0.1142578125
0 0.345703125 0.4921875 0.1640625 0.1953125
0 0.2421875 0.4931640625 0.0390625 0.0595703125
0 0.23046875 0.4931640625 0.0810546875 0.083984375
0 0.2607421875 0.4130859375 0.0439453125 0.0546875
0 0.236328125 0.404296875 0.0986328125 0.099609375
0 0.408203125 0.685546875 0.181640625 0.2265625
0 0.400390625 0.84765625 0.115234375 0.1376953125
0 0.392578125 0.9560546875 0.1171875 0.087890625
0 0.423828125 0.9130859375 0.048828125 0.0546875
0 0.0478515625 0.09375 0.0654296875 0.072265625
0 0.0078125 0.103515625 0.015625 0.0439453125
0 0.0419921875 0.1845703125 0.064453125 0.064453125
0 0.091796875 0.353515625 0.1826171875 0.296875
0 0.1044921875 0.2333984375 0.037109375 0.044921875
0 0.1845703125 0.44921875 0.0546875 0.0673828125
0 0.169921875 0.525390625 0.0546875 0.064453125
0 0.0927734375 0.5986328125 0.166015625 0.205078125
0 0.130859375 0.517578125 0.025390625 0.033203125
0 0.107421875 0.501953125 0.0361328125 0.0390625
0 0.1474609375 0.478515625 0.0390625 0.0439453125
0 0.0166015625 0.5107421875 0.033203125 0.099609375
0 0.2548828125 0.619140625 0.1689453125 0.193359375
0 0.18359375 0.7353515625 0.0888671875 0.115234375
0 0.1298828125 0.787109375 0.080078125 0.095703125
0 0.095703125 0.72265625 0.064453125 0.0625
0 0.0361328125 0.68359375 0.048828125 0.091796875
0 0.0703125 0.8212890625 0.099609375 0.21875
0 0.2900390625 0.7734375 0.1357421875 0.154296875
0 0.1875 0.8994140625 0.181640625 0.201171875
0 0.310546875 0.875 0.078125 0.099609375
0 0.326171875 0.9765625 0.0625 0.046875
0 0.3037109375 0.947265625 0.0673828125 0.076171875
0 0.3037109375 0.98828125 0.0830078125 0.0234375
0 0.150390625 0.9921875 0.041015625 0.015625
0 0.1142578125 0.9853515625 0.046875 0.029296875
0 0.0791015625 0.955078125 0.060546875 0.0673828125
0 0.0595703125 0.9892578125 0.029296875 0.021484375
0 0.646484375 0.6484375 0.0283203125 0.048828125
0 0.623046875 0.658203125 0.025390625 0.0283203125
0 0.603515625 0.6298828125 0.0595703125 0.052734375
0 0.4873046875 0.43359375 0.0546875 0.0830078125
0 0.4482421875 0.4736328125 0.0439453125 0.0439453125
0 0.4384765625 0.43359375 0.0439453125 0.052734375
0 0.80078125 0.4833984375 0.03125 0.046875
0 0.232421875 0.3828125 0.046875 0.033203125
0 0.2109375 0.5 0.03125 0.0439453125