0 0.2216796875 0.060546875 0.443359375 0.12109375
0 0.533203125 0.046875 0.1064453125 0.09375
0 0.546875 0.1455078125 0.080078125 0.09375
0 0.15234375 0.1318359375 0.126953125 0.1201171875
0 0.3662109375 0.2099609375 0.28125 0.267578125
0 0.5205078125 0.34765625 0.1328125 0.185546875
0 0.095703125 0.2783203125 0.19140625 0.263671875
0 0.439453125 0.44140625 0.0654296875 0.072265625
0 0.2666015625 0.4091796875 0.125 0.1279296875
0 0.7919921875 0.166015625 0.4091796875 0.3310546875
0 0.935546875 0.35546875 0.125 0.2890625
0 0.7919921875 0.4130859375 0.15625 0.1875
0 0.265625 0.5205078125 0.0654296875 0.021484375
0 0.2763671875 0.5595703125 0.0439453125 0.0419921875
0 0.1748046875 0.53515625 0.033203125 0.033203125
0 0.2509765625 0.607421875 0.041015625 0.0517578125
0 0.1572265625 0.6572265625 0.0595703125 0.0625
0 0.138671875 0.708984375 0.046875 0.0439453125
0 0.115234375 0.7294921875 0.048828125 0.0361328125
0 0.01171875 0.7294921875 0.0234375 0.041015625
0 0.0966796875 0.75390625 0.0498046875 0.0517578125
0 0.017578125 0.7763671875 0.0341796875 0.0576171875
0 0.05078125 0.806640625 0.0439453125 0.037109375
0 0.017578125 0.833984375 0.03515625 0.05078125
0 0.751953125 0.6865234375 0.0810546875 0.0859375
0 0.841796875 0.7197265625 0.1123046875 0.1171875
0 0.7021484375 0.7041015625 0.0732421875 0.0751953125
0 0.8837890625 0.779296875 0.1142578125 0.1201171875
0 0.787109375 0.759765625 0.0830078125 0.0986328125
0 0.91015625 0.802734375 0.072265625 0.0859375
0 0.818359375 0.7998046875 0.078125 0.0859375
0 0.876953125 0.833984375 0.0576171875 0.068359375
0 0.857421875 0.8369140625 0.037109375 0.048828125
0 0.669921875 0.787109375 0.0810546875 0.087890625
0 0.59765625 0.7607421875 0.017578125 0.0888671875
0 0.7275390625 0.8134765625 0.0986328125 0.1171875
0 0.6328125 0.806640625 0.083984375 0.095703125
0 0.861328125 0.869140625 0.060546875 0.0654296875
0 0.8193359375 0.873046875 0.0673828125 0.0732421875
0 0.609375 0.818359375 0.041015625 0.0986328125
0 0.7724609375 0.8779296875 0.078125 0.09375
0 0.923828125 0.955078125 0.0966796875 0.087890625
0 0.7548828125 0.951171875 0.0439453125 0.0654296875
0 0.7275390625 0.9619140625 0.0595703125 0.072265625
0 0.6357421875 0.935546875 0.09375 0.123046875
0 0.681640625 0.96484375 0.107421875 0.0654296875