0 0.4072265625 0.009765625 0.060546875 0.0185546875
0 0.48046875 0.017578125 0.0341796875 0.0341796875
0 0.576171875 0.03125 0.044921875 0.0625
0 0.05078125 0.0205078125 0.052734375 0.041015625
0 0.482421875 0.046875 0.0390625 0.046875
0 0.44140625 0.048828125 0.03125 0.056640625
0 0.01953125 0.05859375 0.0390625 0.060546875
0 0.541015625 0.0908203125 0.0576171875 0.0517578125
0 0.423828125 0.119140625 0.052734375 0.0888671875
0 0.4736328125 0.1298828125 0.0341796875 0.0341796875
0 0.474609375 0.1630859375 0.0263671875 0.048828125
0 0.005859375 0.1396484375 0.01171875 0.080078125
0 0.4951171875 0.173828125 0.0439453125 0.0654296875
0 0.4150390625 0.189453125 0.0517578125 0.0888671875
0 0.44140625 0.189453125 0.0361328125 0.046875
0 0.015625 0.201171875 0.03125 0.0390625
0 0.521484375 0.23828125 0.0341796875 0.0576171875
0 0.4287109375 0.271484375 0.041015625 0.072265625
0 0.5068359375 0.3017578125 0.0341796875 0.0546875
0 0.50390625 0.349609375 0.0654296875 0.0654296875
0 0.435546875 0.3740234375 0.0361328125 0.0654296875
0 0.453125 0.4150390625 0.0263671875 0.0546875
0 0.4736328125 0.498046875 0.048828125 0.052734375
0 0.4482421875 0.5615234375 0.041015625 0.0595703125
0 0.333984375 0.7919921875 0.0576171875 0.0419921875
0 0.31640625 0.818359375 0.044921875 0.0361328125
0 0.5244140625 0.66796875 0.048828125 0.0390625
0 0.5537109375 0.673828125 0.041015625 0.048828125
0 0.314453125 0.873046875 0.076171875 0.0576171875
0 0.236328125 0.8896484375 0.087890625 0.0830078125
0 0.4267578125 0.904296875 0.041015625 0.048828125
0 0.142578125 0.9033203125 0.0625 0.0703125
0 0.220703125 0.921875 0.03125 0.0517578125
0 0.3173828125 0.927734375 0.072265625 0.0576171875
0 0.353515625 0.66796875 0.048828125 0.0390625
0 0.17578125 0.939453125 0.0625 0.0654296875
0 0.01953125 0.6611328125 0.0341796875 0.0234375
0 0.19921875 0.974609375 0.052734375 0.044921875
0 0.373046875 0.98828125 0.041015625 0.0205078125
0 0.3173828125 0.984375 0.0673828125 0.0263671875
0 0.1142578125 0.986328125 0.0751953125 0.025390625
0 0.396484375 0.681640625 0.052734375 0.0517578125
0 0.4794921875 0.6982421875 0.044921875 0.046875
0 0.060546875 0.685546875 0.052734375 0.0390625
0 0.27734375 0.720703125 0.0517578125 0.0390625
0 0.3642578125 0.7548828125 0.0517578125 0.0576171875
0 0.421875 0.759765625 0.041015625 0.048828125
0 0.2861328125 0.759765625 0.052734375 0.0625
0 0.828125 0.880859375 0.03125 0.056640625
0 0.951171875 0.912109375 0.044921875 0.0888671875