0 0.064453125 0.2919921875 0.1279296875 0.4111328125
0 0.4931640625 0.107421875 0.1220703125 0.1669921875
0 0.619140625 0.248046875 0.5234375 0.49609375
0 0.4892578125 0.2265625 0.107421875 0.154296875
0 0.875 0.232421875 0.2451171875 0.3173828125
0 0.83984375 0.408203125 0.185546875 0.177734375
0 0.125 0.517578125 0.0576171875 0.0341796875
0 0.337890625 0.564453125 0.0390625 0.078125
0 0.103515625 0.72265625 0.0732421875 0.109375
0 0.3388671875 0.689453125 0.0341796875 0.056640625
0 0.33203125 0.775390625 0.048828125 0.103515625
0 0.29296875 0.8427734375 0.056640625 0.080078125
0 0.2119140625 0.8857421875 0.0576171875 0.099609375
0 0.1484375 0.923828125 0.0517578125 0.0703125
0 0.095703125 0.935546875 0.1376953125 0.125
0 0.9541015625 0.9375 0.048828125 0.0390625
0 0.994140625 0.943359375 0.0078125 0.041015625
0 0.986328125 0.91796875 0.025390625 0.0341796875