0 0.029296875 0.0732421875 0.05859375 0.103515625
0 0.22265625 0.046875 0.103515625 0.09375
0 0.1484375 0.0654296875 0.095703125 0.0703125
0 0.099609375 0.1259765625 0.078125 0.0732421875
0 0.2236328125 0.1923828125 0.125 0.111328125
0 0.2099609375 0.26171875 0.103515625 0.115234375
0 0.044921875 0.314453125 0.0888671875 0.138671875
0 0.4111328125 0.248046875 0.091796875 0.150390625
0 0.0380859375 0.41796875 0.076171875 0.150390625
0 0.083984375 0.4052734375 0.0595703125 0.072265625
0 0.318359375 0.373046875 0.0986328125 0.125
0 0.396484375 0.359375 0.0703125 0.0888671875
0 0.1220703125 0.4677734375 0.060546875 0.0517578125
0 0.1630859375 0.458984375 0.056640625 0.0859375
0 0.283203125 0.431640625 0.072265625 0.0810546875
0 0.40234375 0.416015625 0.064453125 0.095703125
0 0.142578125 0.517578125 0.0595703125 0.0732421875
0 0.09375 0.5400390625 0.099609375 0.0986328125
0 0.4111328125 0.4814453125 0.0673828125 0.083984375
0 0.21484375 0.568359375 0.0546875 0.072265625
0 0.3232421875 0.544921875 0.1279296875 0.146484375
0 0.19140625 0.5966796875 0.0654296875 0.0546875
0 0.15234375 0.63671875 0.0888671875 0.1064453125
0 0.439453125 0.5537109375 0.0341796875 0.09375
0 0.2001953125 0.6708984375 0.0439453125 0.0498046875
0 0.173828125 0.6904296875 0.09375 0.1123046875
0 0.41796875 0.630859375 0.072265625 0.068359375
0 0.06640625 0.021484375 0.1015625 0.04296875
0 0.642578125 0.0205078125 0.0517578125 0.041015625
0 0.7568359375 0.0087890625 0.052734375 0.017578125
0 0.548828125 0.072265625 0.0595703125 0.046875
0 0.6416015625 0.048828125 0.0517578125 0.0498046875
0 0.5234375 0.0927734375 0.0517578125 0.0419921875
0 0.4921875 0.1103515625 0.046875 0.046875
0 0.740234375 0.052734375 0.0390625 0.0390625
0 0.67578125 0.1083984375 0.048828125 0.029296875
0 0.7431640625 0.1123046875 0.0390625 0.037109375
0 0.705078125 0.1357421875 0.0419921875 0.033203125
0 0.828125 0.138671875 0.037109375 0.0283203125
0 0.7470703125 0.177734375 0.046875 0.033203125
0 0.546875 0.2373046875 0.0517578125 0.037109375
0 0.669921875 0.208984375 0.0419921875 0.0341796875
0 0.533203125 0.2529296875 0.029296875 0.029296875
0 0.7060546875 0.2109375 0.056640625 0.0419921875
0 0.818359375 0.177734375 0.037109375 0.0341796875
0 0.775390625 0.19140625 0.0361328125 0.0283203125
0 0.5234375 0.2685546875 0.033203125 0.0283203125
0 0.47265625 0.2900390625 0.0263671875 0.0361328125
0 0.8720703125 0.1708984375 0.033203125 0.029296875
0 0.4921875 0.2978515625 0.037109375 0.0283203125
0 0.791015625 0.2197265625 0.0439453125 0.0341796875
0 0.50390625 0.3115234375 0.03125 0.0234375
0 0.779296875 0.236328125 0.0205078125 0.0205078125
0 0.6796875 0.2802734375 0.056640625 0.046875
0 0.576171875 0.314453125 0.0361328125 0.0283203125
0 0.73828125 0.4296875 0.048828125 0.033203125
0 0.783203125 0.4169921875 0.033203125 0.0419921875
0 0.7421875 0.443359375 0.0419921875 0.033203125
0 0.765625 0.451171875 0.0419921875 0.037109375
0 0.822265625 0.4560546875 0.0390625 0.037109375
0 0.873046875 0.5341796875 0.0439453125 0.0439453125
0 0.228515625 0.8779296875 0.4560546875 0.2373046875
0 0.728515625 0.7705078125 0.048828125 0.021484375
0 0.6708984375 0.8291015625 0.0625 0.0625
0 0.7431640625 0.8447265625 0.0498046875 0.0498046875
0 0.58203125 0.904296875 0.0390625 0.0341796875
0 0.7158203125 0.869140625 0.0361328125 0.046875
0 0.763671875 0.8828125 0.0419921875 0.0390625
0 0.7158203125 0.908203125 0.046875 0.0517578125
0 0.646484375 0.966796875 0.046875 0.0546875
0 0.625 0.974609375 0.0390625 0.044921875