0 0.15625 0.212890625 0.0205078125 0.0263671875
0 0.2685546875 0.2353515625 0.0576171875 0.0625
0 0.224609375 0.236328125 0.029296875 0.021484375
0 0.19140625 0.2490234375 0.0185546875 0.0283203125
0 0.171875 0.25390625 0.0126953125 0.0185546875
0 0.3681640625 0.255859375 0.029296875 0.03125
0 0.322265625 0.263671875 0.0439453125 0.0234375
0 0.18359375 0.2705078125 0.0517578125 0.0126953125
0 0.3701171875 0.2724609375 0.0390625 0.0078125
0 0.298828125 0.271484375 0.0390625 0.009765625
0 0.22265625 0.1767578125 0.0283203125 0.021484375
0 0.896484375 0.033203125 0.033203125 0.03125
0 0.7373046875 0.041015625 0.046875 0.029296875
0 0.8408203125 0.041015625 0.033203125 0.0341796875
0 0.787109375 0.044921875 0.0283203125 0.0341796875
0 0.984375 0.078125 0.0263671875 0.0263671875
0 0.73828125 0.1728515625 0.044921875 0.041015625
0 0.9501953125 0.1875 0.064453125 0.048828125
0 0.81640625 0.1953125 0.0517578125 0.0361328125
0 0.7080078125 0.2060546875 0.017578125 0.0185546875
0 0.7158203125 0.240234375 0.046875 0.0341796875
0 0.0859375 0.947265625 0.037109375 0.0439453125
0 0.2177734375 0.947265625 0.0517578125 0.03125
0 0.3740234375 0.94140625 0.046875 0.0185546875
0 0.3076171875 0.947265625 0.048828125 0.0205078125
0 0.111328125 0.298828125 0.048828125 0.0390625
0 0.2294921875 0.30859375 0.0654296875 0.060546875
0 0.3408203125 0.30859375 0.0625 0.0498046875
0 0.130859375 0.349609375 0.0498046875 0.0595703125
0 0.1806640625 0.4072265625 0.044921875 0.0390625
0 0.3935546875 0.4091796875 0.052734375 0.068359375
0 0.099609375 0.431640625 0.0498046875 0.046875
0 0.146484375 0.4541015625 0.052734375 0.0576171875
0 0.390625 0.474609375 0.060546875 0.080078125
0 0.1640625 0.474609375 0.041015625 0.046875
0 0.259765625 0.478515625 0.052734375 0.0673828125
0 0.1015625 0.517578125 0.068359375 0.0625
0 0.2353515625 0.5322265625 0.046875 0.0498046875
0 0.4365234375 0.529296875 0.0419921875 0.0439453125
0 0.3876953125 0.544921875 0.0361328125 0.056640625
0 0.4296875 0.564453125 0.0419921875 0.0517578125
0 0.130859375 0.5771484375 0.068359375 0.0859375
0 0.3359375 0.580078125 0.037109375 0.052734375
0 0.361328125 0.5927734375 0.0498046875 0.0625
0 0.310546875 0.5966796875 0.056640625 0.0751953125
0 0.2216796875 0.603515625 0.0595703125 0.0673828125
0 0.4462890625 0.607421875 0.021484375 0.044921875
0 0.1640625 0.6181640625 0.041015625 0.0439453125
0 0.076171875 0.630859375 0.0517578125 0.0546875
0 0.0869140625 0.6396484375 0.0390625 0.0341796875
0 0.16796875 0.6650390625 0.072265625 0.0703125
0 0.0791015625 0.6806640625 0.046875 0.0498046875
0 0.357421875 0.681640625 0.046875 0.056640625
0 0.4140625 0.689453125 0.041015625 0.0419921875
0 0.3466796875 0.705078125 0.044921875 0.0498046875
0 0.4091796875 0.71875 0.0361328125 0.0439453125
0 0.111328125 0.73046875 0.0546875 0.052734375
0 0.021484375 0.7353515625 0.04296875 0.076171875
0 0.44140625 0.73828125 0.03125 0.072265625
0 0.087890625 0.75 0.0576171875 0.0576171875
0 0.3759765625 0.7490234375 0.044921875 0.060546875
0 0.404296875 0.755859375 0.029296875 0.041015625
0 0.16796875 0.80078125 0.048828125 0.0595703125
0 0.05859375 0.8046875 0.041015625 0.0517578125
0 0.01953125 0.806640625 0.0390625 0.056640625
0 0.091796875 0.8232421875 0.0439453125 0.0517578125
0 0.3759765625 0.8359375 0.0390625 0.056640625
0 0.4375 0.841796875 0.0390625 0.044921875
0 0.091796875 0.8525390625 0.041015625 0.046875
0 0.041015625 0.8515625 0.0595703125 0.0595703125
0 0.2109375 0.8671875 0.0517578125 0.0419921875
0 0.1162109375 0.8701171875 0.044921875 0.0595703125
0 0.408203125 0.8759765625 0.046875 0.0498046875
0 0.0458984375 0.87890625 0.0390625 0.046875
0 0.0595703125 0.9033203125 0.0419921875 0.0517578125
0 0.3662109375 0.9072265625 0.0498046875 0.064453125
0 0.447265625 0.90625 0.0205078125 0.0625
0 0.904296875 0.556640625 0.0361328125 0.046875
0 0.8642578125 0.5615234375 0.0546875 0.0625
0 0.8203125 0.56640625 0.041015625 0.046875
0 0.76171875 0.576171875 0.0576171875 0.0546875
0 0.466796875 0.626953125 0.013671875 0.0654296875
0 0.484375 0.630859375 0.0517578125 0.0888671875
0 0.5283203125 0.654296875 0.0703125 0.115234375
0 0.6162109375 0.654296875 0.041015625 0.078125
0 0.4912109375 0.662109375 0.044921875 0.0654296875
0 0.5791015625 0.66796875 0.0517578125 0.0810546875
0 0.46875 0.677734375 0.0205078125 0.052734375
0 0.6123046875 0.693359375 0.0283203125 0.0498046875
0 0.482421875 0.71484375 0.048828125 0.09375
0 0.568359375 0.7421875 0.044921875 0.0703125
0 0.521484375 0.7529296875 0.0517578125 0.078125
0 0.48828125 0.7587890625 0.0576171875 0.107421875
0 0.47265625 0.7900390625 0.0263671875 0.0986328125