0 0.333984375 0.0087890625 0.052734375 0.017578125
0 0.3857421875 0.01953125 0.060546875 0.0390625
0 0.4951171875 0.048828125 0.0439453125 0.0439453125
0 0.3203125 0.021484375 0.05078125 0.04296875
0 0.4853515625 0.0712890625 0.033203125 0.0361328125
0 0.501953125 0.1181640625 0.0283203125 0.052734375
0 0.439453125 0.109375 0.0673828125 0.060546875
0 0.3642578125 0.0986328125 0.0498046875 0.0419921875
0 0.4697265625 0.14453125 0.041015625 0.0341796875
0 0.4169921875 0.1474609375 0.060546875 0.0654296875
0 0.5068359375 0.294921875 0.0205078125 0.048828125
0 0.3935546875 0.357421875 0.0439453125 0.046875
0 0.1826171875 0.30859375 0.0576171875 0.060546875
0 0.275390625 0.35546875 0.052734375 0.0439453125
0 0.212890625 0.357421875 0.0283203125 0.029296875
0 0.259765625 0.455078125 0.0439453125 0.0546875
0 0.2099609375 0.45703125 0.041015625 0.048828125
0 0.861328125 0.14453125 0.1044921875 0.1171875
0 0.6376953125 0.1005859375 0.0830078125 0.0810546875
0 0.7626953125 0.1826171875 0.09375 0.091796875
0 0.578125 0.216796875 0.119140625 0.185546875
0 0.6650390625 0.3046875 0.0751953125 0.060546875
0 0.8203125 0.361328125 0.193359375 0.203125
0 0.615234375 0.365234375 0.087890625 0.072265625
0 0.7255859375 0.0537109375 0.0625 0.0654296875
0 0.84765625 0.099609375 0.1611328125 0.1171875
0 0.2587890625 0.748046875 0.517578125 0.498046875
0 0.7236328125 0.513671875 0.048828125 0.0283203125
0 0.564453125 0.5048828125 0.044921875 0.009765625
0 0.736328125 0.5458984375 0.0205078125 0.0205078125
0 0.7021484375 0.5390625 0.025390625 0.0263671875
0 0.6083984375 0.5224609375 0.03125 0.03125
0 0.556640625 0.521484375 0.044921875 0.041015625
0 0.986328125 0.685546875 0.021484375 0.0576171875
0 0.568359375 0.6328125 0.025390625 0.0263671875
0 0.908203125 0.7783203125 0.0185546875 0.0283203125