0 0.314453125 0.03125 0.103515625 0.0625
0 0.349609375 0.0517578125 0.0751953125 0.103515625
0 0.1962890625 0.134765625 0.109375 0.1484375
0 0.068359375 0.224609375 0.0498046875 0.0654296875
0 0.2607421875 0.26953125 0.2529296875 0.4140625
0 0.7646484375 0.103515625 0.0498046875 0.048828125
0 0.544921875 0.1787109375 0.310546875 0.357421875
0 0.970703125 0.1337890625 0.052734375 0.15625
0 0.8642578125 0.185546875 0.09375 0.103515625
0 0.916015625 0.2841796875 0.076171875 0.0830078125
0 0.5244140625 0.400390625 0.1064453125 0.1015625
0 0.7578125 0.404296875 0.2314453125 0.2314453125
0 0.9482421875 0.4599609375 0.0986328125 0.1328125
0 0.4931640625 0.4912109375 0.2080078125 0.0703125
0 0.861328125 0.029296875 0.232421875 0.0576171875
0 0.607421875 0.537109375 0.017578125 0.017578125
0 0.55078125 0.544921875 0.0341796875 0.0341796875
0 0.3974609375 0.5625 0.017578125 0.0576171875
0 0.7685546875 0.5625 0.0185546875 0.0390625
0 0.779296875 0.5615234375 0.025390625 0.046875
0 0.5947265625 0.580078125 0.025390625 0.0419921875
0 0.935546875 0.5625 0.0205078125 0.029296875
0 0.392578125 0.5986328125 0.0078125 0.0390625
0 0.583984375 0.59765625 0.0205078125 0.046875
0 0.958984375 0.5732421875 0.025390625 0.0361328125
0 0.71484375 0.591796875 0.0361328125 0.0732421875
0 0.7314453125 0.59765625 0.029296875 0.046875
0 0.396484375 0.634765625 0.013671875 0.0439453125
0 0.568359375 0.6396484375 0.025390625 0.0439453125
0 0.791015625 0.630859375 0.0205078125 0.0361328125
0 0.5185546875 0.6513671875 0.0234375 0.0341796875
0 0.9072265625 0.6337890625 0.0205078125 0.046875
0 0.583984375 0.6611328125 0.021484375 0.0234375
0 0.5322265625 0.669921875 0.029296875 0.0419921875
0 0.7333984375 0.658203125 0.029296875 0.046875
0 0.93359375 0.662109375 0.029296875 0.0517578125
0 0.955078125 0.677734375 0.03125 0.0625
0 0.927734375 0.70703125 0.025390625 0.0439453125
0 0.76171875 0.7275390625 0.033203125 0.046875
0 0.5302734375 0.7451171875 0.0234375 0.0439453125
0 0.5302734375 0.7939453125 0.0234375 0.0341796875
0 0.9384765625 0.7783203125 0.025390625 0.0361328125
0 0.5498046875 0.8076171875 0.0234375 0.0283203125
0 0.3974609375 0.8193359375 0.017578125 0.0625
0 0.7333984375 0.798828125 0.029296875 0.052734375
0 0.7646484375 0.814453125 0.0390625 0.064453125
0 0.9208984375 0.8095703125 0.0341796875 0.0419921875
0 0.509765625 0.845703125 0.0361328125 0.056640625
0 0.9501953125 0.8212890625 0.025390625 0.037109375
0 0.740234375 0.84765625 0.025390625 0.037109375
0 0.5615234375 0.861328125 0.0283203125 0.0341796875
0 0.7626953125 0.8525390625 0.015625 0.021484375
0 0.392578125 0.8798828125 0.0048828125 0.0390625
0 0.9248046875 0.849609375 0.037109375 0.060546875
0 0.56640625 0.890625 0.0126953125 0.03125
0 0.763671875 0.8876953125 0.0283203125 0.0439453125
0 0.9453125 0.888671875 0.029296875 0.0517578125
0 0.7802734375 0.9169921875 0.033203125 0.0517578125
0 0.587890625 0.9365234375 0.0234375 0.0517578125
0 0.95703125 0.9306640625 0.0341796875 0.0390625
0 0.751953125 0.962890625 0.0283203125 0.0419921875
0 0.591796875 0.982421875 0.0283203125 0.03125
0 0.9384765625 0.970703125 0.025390625 0.0390625
0 0.787109375 0.9794921875 0.03125 0.0361328125
0 0.7568359375 0.9912109375 0.0283203125 0.0126953125