0 0.1005859375 0.158203125 0.201171875 0.236328125
0 0.412109375 0.216796875 0.107421875 0.0986328125
0 0.150390625 0.470703125 0.123046875 0.1142578125
0 0.060546875 0.49609375 0.0966796875 0.060546875
0 0.3515625 0.1015625 0.126953125 0.130859375
0 0.97265625 0.201171875 0.0517578125 0.1064453125
0 0.7744140625 0.236328125 0.076171875 0.0703125
0 0.908203125 0.275390625 0.087890625 0.080078125
0 0.701171875 0.388671875 0.1904296875 0.158203125
0 0.8408203125 0.427734375 0.072265625 0.052734375
0 0.953125 0.427734375 0.0888671875 0.1826171875
0 0.8056640625 0.5 0.087890625 0.052734375
0 0.8466796875 0.1630859375 0.0595703125 0.0576171875
0 0.947265625 0.1630859375 0.1015625 0.1015625
0 0.255859375 0.552734375 0.1376953125 0.048828125
0 0.046875 0.57421875 0.09375 0.091796875
0 0.3818359375 0.6357421875 0.1689453125 0.1767578125
0 0.158203125 0.6787109375 0.244140625 0.203125
0 0.2607421875 0.734375 0.1279296875 0.1044921875
0 0.060546875 0.8310546875 0.12109375 0.107421875
0 0.412109375 0.814453125 0.107421875 0.2236328125
0 0.3095703125 0.8876953125 0.09375 0.091796875
0 0.1337890625 0.916015625 0.267578125 0.1640625
0 0.421875 0.9599609375 0.0888671875 0.0751953125
0 0.685546875 0.78515625 0.0595703125 0.083984375
0 0.908203125 0.7724609375 0.0390625 0.0703125
0 0.8037109375 0.7919921875 0.0361328125 0.0546875
0 0.74609375 0.8046875 0.078125 0.123046875
0 0.8349609375 0.798828125 0.0361328125 0.052734375
0 0.7099609375 0.814453125 0.0390625 0.0595703125
0 0.787109375 0.8330078125 0.0361328125 0.046875
0 0.65625 0.8583984375 0.0419921875 0.0576171875
0 0.8154296875 0.845703125 0.0361328125 0.056640625
0 0.6904296875 0.861328125 0.0498046875 0.0703125
0 0.6748046875 0.8876953125 0.0625 0.0625
0 0.791015625 0.896484375 0.0361328125 0.0576171875
0 0.7294921875 0.9306640625 0.0703125 0.1015625
0 0.8486328125 0.923828125 0.0390625 0.0673828125
0 0.8154296875 0.951171875 0.0546875 0.060546875
0 0.7724609375 0.95703125 0.0703125 0.0830078125
0 0.689453125 0.982421875 0.0439453125 0.029296875
0 0.716796875 0.9931640625 0.0341796875 0.009765625
0 0.822265625 0.984375 0.0439453125 0.0263671875
0 0.732421875 0.537109375 0.0390625 0.017578125
0 0.6162109375 0.54296875 0.044921875 0.029296875
0 0.67578125 0.548828125 0.0439453125 0.0390625
0 0.728515625 0.556640625 0.0576171875 0.056640625
0 0.8193359375 0.548828125 0.048828125 0.041015625
0 0.71484375 0.576171875 0.044921875 0.0703125
0 0.8134765625 0.658203125 0.0498046875 0.080078125
0 0.6591796875 0.6767578125 0.044921875 0.0654296875
0 0.79296875 0.662109375 0.0234375 0.046875
0 0.798828125 0.685546875 0.03125 0.0439453125
0 0.6826171875 0.7001953125 0.0517578125 0.078125
0 0.740234375 0.716796875 0.087890625 0.078125
0 0.6083984375 0.7275390625 0.0263671875 0.0517578125
0 0.8173828125 0.751953125 0.0576171875 0.0888671875