0 0.64453125 0.30859375 0.0625 0.1513671875
0 0.1943359375 0.453125 0.177734375 0.107421875
0 0.3837890625 0.1767578125 0.583984375 0.353515625
0 0.0869140625 0.078125 0.173828125 0.15625
0 0.18359375 0.59375 0.21875 0.154296875
0 0.591796875 0.6044921875 0.1689453125 0.1142578125
0 0.0869140625 0.6806640625 0.173828125 0.1826171875
0 0.65234375 0.6875 0.044921875 0.0576171875
0 0.455078125 0.7314453125 0.255859375 0.1826171875
0 0.548828125 0.84375 0.2548828125 0.2314453125
0 0.388671875 0.87890625 0.0859375 0.060546875
0 0.208984375 0.91015625 0.2060546875 0.1513671875
0 0.4052734375 0.900390625 0.119140625 0.095703125
0 0.5888671875 0.974609375 0.115234375 0.044921875
0 0.833984375 0.5859375 0.046875 0.033203125
0 0.76953125 0.59375 0.0439453125 0.0205078125
0 0.833984375 0.611328125 0.060546875 0.029296875
0 0.892578125 0.6337890625 0.025390625 0.0361328125
0 0.716796875 0.658203125 0.0546875 0.0283203125
0 0.845703125 0.658203125 0.0419921875 0.021484375
0 0.7919921875 0.6787109375 0.0283203125 0.021484375
0 0.7177734375 0.70703125 0.0283203125 0.025390625
0 0.869140625 0.697265625 0.033203125 0.0390625
0 0.9208984375 0.7177734375 0.041015625 0.0361328125
0 0.7158203125 0.73828125 0.0283203125 0.0205078125
0 0.7783203125 0.744140625 0.046875 0.0419921875
0 0.9140625 0.73828125 0.0439453125 0.025390625
0 0.9345703125 0.748046875 0.0419921875 0.029296875
0 0.755859375 0.8056640625 0.056640625 0.0341796875
0 0.939453125 0.7939453125 0.046875 0.029296875
0 0.982421875 0.8056640625 0.03125 0.0390625
0 0.9296875 0.814453125 0.037109375 0.033203125
0 0.810546875 0.830078125 0.052734375 0.021484375
0 0.7607421875 0.837890625 0.0517578125 0.033203125
0 0.896484375 0.8330078125 0.046875 0.037109375
0 0.970703125 0.828125 0.052734375 0.03125
0 0.775390625 0.861328125 0.046875 0.033203125