0 0.123046875 0.046875 0.201171875 0.09375
0 0.072265625 0.0947265625 0.1435546875 0.189453125
0 0.3076171875 0.095703125 0.279296875 0.19140625
0 0.111328125 0.185546875 0.2216796875 0.166015625
0 0.2607421875 0.2158203125 0.0751953125 0.0654296875
0 0.326171875 0.20703125 0.134765625 0.130859375
0 0.1572265625 0.357421875 0.205078125 0.171875
0 0.3681640625 0.30078125 0.1591796875 0.2548828125
0 0.591796875 0.0107421875 0.0625 0.021484375
0 0.5458984375 0.037109375 0.0546875 0.0498046875
0 0.6650390625 0.025390625 0.076171875 0.0498046875
0 0.779296875 0.0068359375 0.072265625 0.013671875
0 0.580078125 0.0830078125 0.0595703125 0.0654296875
0 0.6435546875 0.1220703125 0.0517578125 0.046875
0 0.8544921875 0.0615234375 0.0654296875 0.0751953125
0 0.5693359375 0.169921875 0.0576171875 0.0546875
0 0.623046875 0.173828125 0.0625 0.0654296875
0 0.869140625 0.1201171875 0.0732421875 0.087890625
0 0.6416015625 0.189453125 0.046875 0.0517578125
0 0.73828125 0.1650390625 0.064453125 0.0751953125
0 0.591796875 0.24609375 0.078125 0.0732421875
0 0.728515625 0.2197265625 0.0546875 0.0546875
0 0.927734375 0.1591796875 0.0498046875 0.048828125
0 0.8828125 0.1884765625 0.044921875 0.0595703125
0 0.478515625 0.3232421875 0.0439453125 0.0517578125
0 0.9296875 0.1923828125 0.052734375 0.056640625
0 0.6357421875 0.29296875 0.0830078125 0.095703125
0 0.841796875 0.2333984375 0.048828125 0.0595703125
0 0.87109375 0.240234375 0.060546875 0.0673828125
0 0.818359375 0.2578125 0.072265625 0.0830078125
0 0.734375 0.2919921875 0.0703125 0.0751953125
0 0.9697265625 0.224609375 0.0498046875 0.0498046875
0 0.6796875 0.32421875 0.046875 0.046875
0 0.5947265625 0.359375 0.0595703125 0.060546875
0 0.607421875 0.365234375 0.046875 0.0390625
0 0.6953125 0.3662109375 0.0830078125 0.078125
0 0.6083984375 0.4072265625 0.0546875 0.0546875
0 0.888671875 0.3232421875 0.0576171875 0.064453125
0 0.498046875 0.4287109375 0.0654296875 0.0361328125
0 0.9462890625 0.3115234375 0.046875 0.046875
0 0.8818359375 0.3466796875 0.0517578125 0.0546875
0 0.94921875 0.341796875 0.0419921875 0.048828125
0 0.654296875 0.4306640625 0.0673828125 0.0341796875
0 0.98046875 0.345703125 0.0341796875 0.080078125
0 0.6357421875 0.439453125 0.0703125 0.013671875
0 0.921875 0.3798828125 0.056640625 0.0673828125
0 0.951171875 0.376953125 0.037109375 0.0439453125
0 0.9423828125 0.4375 0.052734375 0.0205078125
0 0.20703125 0.5634765625 0.029296875 0.044921875
0 0.4306640625 0.501953125 0.0341796875 0.076171875
0 0.306640625 0.5556640625 0.0595703125 0.0625
0 0.2353515625 0.580078125 0.0517578125 0.0830078125
0 0.4326171875 0.560546875 0.029296875 0.0625
0 0.4052734375 0.5703125 0.0517578125 0.0546875
0 0.265625 0.6279296875 0.0595703125 0.09375
0 0.4287109375 0.5888671875 0.0361328125 0.0625
0 0.3779296875 0.611328125 0.0546875 0.0830078125
0 0.29296875 0.6865234375 0.0390625 0.0595703125
0 0.408203125 0.6611328125 0.052734375 0.0703125
0 0.294921875 0.720703125 0.060546875 0.076171875
0 0.3359375 0.7099609375 0.060546875 0.078125
0 0.3740234375 0.7109375 0.056640625 0.076171875
0 0.4013671875 0.775390625 0.091796875 0.107421875
0 0.3408203125 0.8251953125 0.056640625 0.083984375
0 0.740234375 0.482421875 0.2939453125 0.0654296875
0 0.498046875 0.5830078125 0.0986328125 0.1513671875
0 0.533203125 0.576171875 0.1015625 0.0986328125
0 0.94921875 0.49609375 0.0966796875 0.09375
0 0.708984375 0.6123046875 0.251953125 0.2548828125
0 0.611328125 0.6494140625 0.171875 0.1455078125
0 0.9443359375 0.55859375 0.1064453125 0.166015625
0 0.6513671875 0.7666015625 0.2705078125 0.2548828125
0 0.564453125 0.8359375 0.138671875 0.123046875
0 0.5283203125 0.9052734375 0.1279296875 0.119140625
0 0.6044921875 0.9482421875 0.1513671875 0.0986328125
0 0.7431640625 0.9248046875 0.1064453125 0.0810546875