0 0.1474609375 0.0224609375 0.056640625 0.044921875
0 0.212890625 0.0673828125 0.046875 0.0439453125
0 0.138671875 0.1025390625 0.0517578125 0.0517578125
0 0.189453125 0.1162109375 0.056640625 0.060546875
0 0.00390625 0.15625 0.0078125 0.025390625
0 0.2109375 0.13671875 0.0419921875 0.048828125
0 0.005859375 0.1767578125 0.01171875 0.044921875
0 0.16015625 0.181640625 0.0703125 0.0654296875
0 0.0087890625 0.216796875 0.017578125 0.056640625
0 0.0458984375 0.240234375 0.0390625 0.048828125
0 0.2021484375 0.240234375 0.0732421875 0.0908203125
0 0.2490234375 0.27734375 0.0419921875 0.044921875
0 0.162109375 0.296875 0.052734375 0.056640625
0 0.173828125 0.306640625 0.041015625 0.0361328125
0 0.25 0.3232421875 0.052734375 0.0751953125
0 0.17578125 0.3486328125 0.048828125 0.052734375
0 0.06640625 0.3642578125 0.056640625 0.060546875
0 0.220703125 0.392578125 0.0595703125 0.056640625
0 0.1240234375 0.408203125 0.060546875 0.0732421875
0 0.203125 0.412109375 0.060546875 0.060546875
0 0.009765625 0.4462890625 0.0185546875 0.0576171875
0 0.185546875 0.458984375 0.0439453125 0.0341796875
0 0.1357421875 0.4638671875 0.060546875 0.025390625
0 0.2255859375 0.466796875 0.048828125 0.017578125
0 0.716796875 0.150390625 0.0498046875 0.0830078125
0 0.3427734375 0.205078125 0.060546875 0.068359375
0 0.337890625 0.2236328125 0.0517578125 0.0673828125
0 0.4140625 0.2431640625 0.0595703125 0.0732421875
0 0.56640625 0.23046875 0.056640625 0.0673828125
0 0.3876953125 0.2666015625 0.0390625 0.048828125
0 0.556640625 0.27734375 0.0419921875 0.0595703125
0 0.6240234375 0.275390625 0.046875 0.0751953125
0 0.5546875 0.3125 0.0419921875 0.0673828125
0 0.599609375 0.349609375 0.060546875 0.083984375
0 0.5322265625 0.369140625 0.0595703125 0.080078125
0 0.61328125 0.384765625 0.0390625 0.052734375
0 0.6201171875 0.427734375 0.0498046875 0.0673828125
0 0.517578125 0.4462890625 0.048828125 0.060546875
0 0.6142578125 0.4580078125 0.041015625 0.0361328125
0 0.5556640625 0.458984375 0.0390625 0.0341796875
0 0.5048828125 0.46484375 0.0390625 0.021484375
0 0.640625 0.4638671875 0.041015625 0.025390625
0 0.0712890625 0.595703125 0.142578125 0.236328125
0 0.310546875 0.54296875 0.064453125 0.076171875
0 0.45703125 0.5439453125 0.1123046875 0.111328125
0 0.841796875 0.5869140625 0.240234375 0.216796875
0 0.97265625 0.658203125 0.0517578125 0.177734375
0 0.71484375 0.69921875 0.3828125 0.4423828125
0 0.3876953125 0.771484375 0.212890625 0.2548828125
0 0.595703125 0.85546875 0.25 0.2841796875
0 0.939453125 0.83203125 0.115234375 0.173828125
0 0.7373046875 0.876953125 0.162109375 0.1640625
0 0.4296875 0.94140625 0.109375 0.0986328125
0 0.310546875 0.962890625 0.0625 0.0703125
0 0.857421875 0.919921875 0.095703125 0.125
0 0.7431640625 0.947265625 0.1201171875 0.1015625