0 0.3359375 0.1328125 0.0625 0.0888671875
0 0.0966796875 0.1015625 0.029296875 0.0595703125
0 0.376953125 0.169921875 0.0576171875 0.1279296875
0 0.349609375 0.169921875 0.0419921875 0.060546875
0 0.287109375 0.197265625 0.0419921875 0.0595703125
0 0.32421875 0.2099609375 0.0517578125 0.0732421875
0 0.30078125 0.232421875 0.064453125 0.064453125
0 0.0048828125 0.185546875 0.009765625 0.0517578125
0 0.3994140625 0.2705078125 0.013671875 0.060546875
0 0.341796875 0.2880859375 0.0751953125 0.1064453125
0 0.400390625 0.330078125 0.0126953125 0.0673828125
0 0.375 0.330078125 0.0625 0.095703125
0 0.2900390625 0.341796875 0.0419921875 0.0595703125
0 0.3154296875 0.3603515625 0.029296875 0.0419921875
0 0.4013671875 0.380859375 0.009765625 0.060546875
0 0.333984375 0.3818359375 0.0673828125 0.076171875
0 0.3701171875 0.39453125 0.029296875 0.0439453125
0 0.3427734375 0.4189453125 0.046875 0.0595703125
0 0.3544921875 0.4375 0.0283203125 0.0390625
0 0.3955078125 0.458984375 0.021484375 0.0576171875
0 0.330078125 0.451171875 0.0390625 0.0517578125
0 0.2998046875 0.455078125 0.0419921875 0.0595703125
0 0.3623046875 0.498046875 0.037109375 0.0498046875
0 0.28515625 0.509765625 0.037109375 0.041015625
0 0.326171875 0.533203125 0.0361328125 0.0078125
0 0.3349609375 0.029296875 0.0517578125 0.0576171875
0 0.353515625 0.052734375 0.0546875 0.0810546875
0 0.04296875 0.017578125 0.0341796875 0.0341796875
0 0.3818359375 0.0830078125 0.048828125 0.083984375
0 0.2744140625 0.0595703125 0.025390625 0.0517578125
0 0.732421875 0.5107421875 0.0654296875 0.0517578125
0 0.9072265625 0.10546875 0.1796875 0.2109375
0 0.7021484375 0.267578125 0.587890625 0.53515625
0 0.7763671875 0.3857421875 0.109375 0.1142578125
0 0.94140625 0.447265625 0.1142578125 0.138671875
0 0.1806640625 0.54296875 0.037109375 0.009765625
0 0.048828125 0.544921875 0.044921875 0.0126953125
0 0.16015625 0.55859375 0.037109375 0.0341796875
0 0.1328125 0.5634765625 0.0390625 0.0361328125
0 0.2568359375 0.58984375 0.0439453125 0.0205078125
0 0.130859375 0.6015625 0.048828125 0.0361328125
0 0.2734375 0.650390625 0.0419921875 0.056640625
0 0.1220703125 0.71484375 0.046875 0.0361328125
0 0.0576171875 0.7041015625 0.0439453125 0.0234375
0 0.115234375 0.736328125 0.064453125 0.0361328125
0 0.1669921875 0.7744140625 0.0283203125 0.0390625
0 0.01171875 0.755859375 0.0234375 0.0361328125
0 0.119140625 0.787109375 0.0419921875 0.025390625
0 0.0625 0.794921875 0.029296875 0.0234375
0 0.134765625 0.8310546875 0.0341796875 0.0419921875
0 0.1796875 0.86328125 0.0419921875 0.041015625
0 0.03515625 0.853515625 0.046875 0.044921875
0 0.169921875 0.884765625 0.046875 0.0283203125
0 0.1875 0.8984375 0.0439453125 0.033203125
0 0.017578125 0.91015625 0.0341796875 0.041015625
0 0.1845703125 0.9443359375 0.044921875 0.033203125
0 0.224609375 0.966796875 0.037109375 0.041015625
0 0.1708984375 0.958984375 0.0390625 0.0361328125
0 0.05078125 0.94921875 0.052734375 0.0283203125
0 0.013671875 0.94140625 0.02734375 0.0390625
0 0.134765625 0.9716796875 0.048828125 0.041015625
0 0.2099609375 0.982421875 0.060546875 0.029296875
0 0.017578125 0.970703125 0.03515625 0.0390625
0 0.572265625 0.5849609375 0.2314453125 0.09375
0 0.5 0.623046875 0.1826171875 0.169921875
0 0.5146484375 0.798828125 0.1357421875 0.1611328125
0 0.43359375 0.779296875 0.0517578125 0.1513671875
0 0.8369140625 0.884765625 0.115234375 0.126953125
0 0.416015625 0.923828125 0.013671875 0.076171875
0 0.6923828125 0.8994140625 0.298828125 0.197265625