0 0.4267578125 0.0673828125 0.193359375 0.134765625
0 0.62109375 0.0673828125 0.03125 0.115234375
0 0.1826171875 0.1171875 0.0810546875 0.099609375
0 0.447265625 0.208984375 0.1982421875 0.1640625
0 0.6005859375 0.220703125 0.072265625 0.1064453125
0 0.2080078125 0.271484375 0.208984375 0.154296875
0 0.0732421875 0.28125 0.123046875 0.1689453125
0 0.1142578125 0.0224609375 0.123046875 0.044921875
0 0.515625 0.328125 0.232421875 0.0751953125
0 0.556640625 0.017578125 0.15625 0.0341796875
0 0.2490234375 0.029296875 0.259765625 0.05859375
0 0.5703125 0.01171875 0.068359375 0.0234375
0 0.8369140625 0.013671875 0.0390625 0.0263671875
0 0.865234375 0.0322265625 0.0341796875 0.064453125
0 0.818359375 0.037109375 0.046875 0.0498046875
0 0.6767578125 0.0673828125 0.0361328125 0.0576171875
0 0.8388671875 0.05859375 0.0498046875 0.083984375
0 0.9912109375 0.0576171875 0.0126953125 0.0673828125
0 0.8671875 0.091796875 0.037109375 0.044921875
0 0.7001953125 0.1162109375 0.0341796875 0.0390625
0 0.6650390625 0.1806640625 0.0517578125 0.052734375
0 0.705078125 0.232421875 0.0439453125 0.0751953125
0 0.876953125 0.244140625 0.033203125 0.0576171875
0 0.85546875 0.275390625 0.0283203125 0.064453125
0 0.671875 0.2939453125 0.03125 0.0390625
0 0.6923828125 0.33203125 0.046875 0.0673828125
0 0.72265625 0.357421875 0.044921875 0.013671875
0 0.25390625 0.376953125 0.0517578125 0.0205078125
0 0.1806640625 0.38671875 0.037109375 0.0390625
0 0.5419921875 0.431640625 0.1904296875 0.126953125
0 0.384765625 0.3974609375 0.033203125 0.0546875
0 0.349609375 0.400390625 0.041015625 0.044921875
0 0.208984375 0.419921875 0.0419921875 0.0859375
0 0.4345703125 0.41015625 0.056640625 0.056640625
0 0.3837890625 0.427734375 0.0517578125 0.048828125
0 0.318359375 0.435546875 0.0361328125 0.0732421875
0 0.4697265625 0.4560546875 0.041015625 0.052734375
0 0.228515625 0.48828125 0.0283203125 0.0546875
0 0.345703125 0.4921875 0.037109375 0.0625
0 0.4130859375 0.513671875 0.0419921875 0.0576171875
0 0.2294921875 0.525390625 0.044921875 0.0654296875
0 0.26953125 0.525390625 0.048828125 0.0703125
0 0.53125 0.5126953125 0.0283203125 0.064453125
0 0.490234375 0.5234375 0.0625 0.0654296875
0 0.306640625 0.5341796875 0.041015625 0.0703125
0 0.4013671875 0.537109375 0.0390625 0.064453125
0 0.515625 0.55859375 0.0361328125 0.0595703125
0 0.4443359375 0.5634765625 0.0341796875 0.064453125
0 0.4921875 0.5703125 0.0283203125 0.0546875
0 0.470703125 0.587890625 0.0283203125 0.064453125
0 0.33203125 0.60546875 0.078125 0.0908203125
0 0.263671875 0.638671875 0.041015625 0.0751953125
0 0.5009765625 0.662109375 0.0361328125 0.0546875
0 0.62109375 0.66796875 0.03125 0.072265625
0 0.533203125 0.681640625 0.0390625 0.076171875
0 0.615234375 0.7568359375 0.0439453125 0.072265625
0 0.572265625 0.8125 0.048828125 0.0625
0 0.4541015625 0.8466796875 0.0185546875 0.0546875
0 0.5048828125 0.8583984375 0.0283203125 0.064453125
0 0.541015625 0.8603515625 0.041015625 0.0625
0 0.583984375 0.8759765625 0.033203125 0.0498046875
0 0.583984375 0.9091796875 0.033203125 0.044921875
0 0.6171875 0.92578125 0.021484375 0.044921875
0 0.533203125 0.96484375 0.0283203125 0.0546875
0 0.9189453125 0.5341796875 0.130859375 0.130859375
0 0.822265625 0.54296875 0.0966796875 0.111328125
0 0.9658203125 0.5859375 0.0654296875 0.109375
0 0.9912109375 0.591796875 0.0126953125 0.0830078125
0 0.853515625 0.60546875 0.078125 0.095703125
0 0.935546875 0.63671875 0.0751953125 0.099609375
0 0.75390625 0.6494140625 0.1044921875 0.1201171875
0 0.6611328125 0.671875 0.0390625 0.0751953125
0 0.9892578125 0.66796875 0.017578125 0.0830078125
0 0.802734375 0.681640625 0.0498046875 0.0888671875
0 0.66015625 0.70703125 0.041015625 0.087890625
0 0.880859375 0.7041015625 0.0751953125 0.099609375
0 0.673828125 0.775390625 0.056640625 0.103515625
0 0.763671875 0.8076171875 0.064453125 0.0966796875
0 0.716796875 0.8115234375 0.0546875 0.083984375
0 0.931640625 0.8017578125 0.060546875 0.1044921875
0 0.974609375 0.845703125 0.044921875 0.1015625
0 0.681640625 0.8974609375 0.0595703125 0.099609375
0 0.7236328125 0.951171875 0.048828125 0.091796875
0 0.7802734375 0.96484375 0.046875 0.056640625
0 0.6767578125 0.974609375 0.0654296875 0.044921875