0 0.5869140625 0.1982421875 0.0576171875 0.205078125
0 0.33203125 0.2587890625 0.5673828125 0.517578125
0 0.541015625 0.0615234375 0.0830078125 0.083984375
0 0.626953125 0.419921875 0.017578125 0.0517578125
0 0.716796875 0.4443359375 0.0732421875 0.0625
0 0.744140625 0.482421875 0.1142578125 0.0703125
0 0.869140625 0.48046875 0.1513671875 0.072265625
0 0.783203125 0.498046875 0.119140625 0.0361328125
0 0.7373046875 0.029296875 0.115234375 0.05859375
0 0.626953125 0.0576171875 0.0205078125 0.0283203125
0 0.951171875 0.01953125 0.060546875 0.0390625
0 0.640625 0.080078125 0.044921875 0.044921875
0 0.625 0.10546875 0.013671875 0.052734375
0 0.869140625 0.080078125 0.046875 0.0439453125
0 0.8798828125 0.146484375 0.0625 0.048828125
0 0.7236328125 0.208984375 0.0576171875 0.048828125
0 0.65625 0.267578125 0.076171875 0.0703125
0 0.875 0.244140625 0.087890625 0.0517578125
0 0.7080078125 0.2919921875 0.0732421875 0.0703125
0 0.8984375 0.2724609375 0.060546875 0.0546875
0 0.6767578125 0.35546875 0.1171875 0.1640625
0 0.7158203125 0.3466796875 0.0654296875 0.060546875
0 0.251953125 0.5732421875 0.2548828125 0.107421875
0 0.494140625 0.6083984375 0.1123046875 0.1640625
0 0.4365234375 0.8046875 0.1298828125 0.1923828125
0 0.33984375 0.822265625 0.2001953125 0.2470703125
0 0.1025390625 0.900390625 0.0986328125 0.0908203125
0 0.166015625 0.888671875 0.072265625 0.1064453125
0 0.05859375 0.9384765625 0.1171875 0.1171875
0 0.544921875 0.9248046875 0.123046875 0.138671875
0 0.591796875 0.951171875 0.044921875 0.091796875
0 0.748046875 0.625 0.259765625 0.212890625
0 0.921875 0.685546875 0.1513671875 0.302734375
0 0.802734375 0.7373046875 0.255859375 0.234375
0 0.767578125 0.90234375 0.2548828125 0.1904296875
0 0.970703125 0.927734375 0.056640625 0.138671875
0 0.951171875 0.96484375 0.09375 0.0654296875