0 0.5859375 0.1455078125 0.056640625 0.103515625
0 0.4599609375 0.1318359375 0.0546875 0.076171875
0 0.017578125 0.0439453125 0.03515625 0.087890625
0 0.615234375 0.283203125 0.037109375 0.076171875
0 0.3271484375 0.326171875 0.068359375 0.109375
0 0.611328125 0.39453125 0.052734375 0.0966796875
0 0.5634765625 0.3955078125 0.044921875 0.0546875
0 0.166015625 0.353515625 0.0341796875 0.0390625
0 0.513671875 0.470703125 0.056640625 0.0986328125
0 0.0400390625 0.384765625 0.046875 0.0625
0 0.56640625 0.529296875 0.046875 0.0654296875
0 0.439453125 0.5068359375 0.0576171875 0.0830078125
0 0.34375 0.513671875 0.0546875 0.0986328125
0 0.26953125 0.5224609375 0.048828125 0.0703125
0 0.20703125 0.525390625 0.1298828125 0.15625
0 0.509765625 0.623046875 0.0576171875 0.044921875
0 0.3837890625 0.01171875 0.0419921875 0.0234375
0 0.3994140625 0.013671875 0.029296875 0.02734375
0 0.333984375 0.0224609375 0.033203125 0.044921875
0 0.4033203125 0.0478515625 0.033203125 0.052734375
0 0.384765625 0.044921875 0.029296875 0.0419921875
0 0.345703125 0.04296875 0.0234375 0.037109375
0 0.3173828125 0.048828125 0.0673828125 0.0966796875
0 0.521484375 0.0849609375 0.0439453125 0.0703125
0 0.23828125 0.0517578125 0.0830078125 0.103515625
0 0.17578125 0.048828125 0.1064453125 0.0966796875
0 0.4677734375 0.0869140625 0.046875 0.0439453125
0 0.111328125 0.056640625 0.130859375 0.1123046875
0 0.65234375 0.4599609375 0.0263671875 0.0751953125
0 0.880859375 0.568359375 0.171875 0.1298828125
0 0.849609375 0.62890625 0.123046875 0.0361328125
0 0.744140625 0.6142578125 0.1376953125 0.0654296875
0 0.654296875 0.59765625 0.03125 0.0986328125
0 0.783203125 0.0380859375 0.2861328125 0.076171875
0 0.9130859375 0.1181640625 0.1689453125 0.236328125
0 0.8857421875 0.1533203125 0.0703125 0.072265625
0 0.7919921875 0.138671875 0.0830078125 0.0859375
0 0.755859375 0.1650390625 0.1142578125 0.107421875
0 0.8056640625 0.2529296875 0.1171875 0.1064453125
0 0.923828125 0.310546875 0.146484375 0.166015625
0 0.693359375 0.2744140625 0.107421875 0.1015625
0 0.65625 0.298828125 0.0341796875 0.1298828125
0 0.845703125 0.3798828125 0.302734375 0.2890625
0 0.669921875 0.345703125 0.0625 0.09375
0 0.9052734375 0.419921875 0.115234375 0.1142578125
0 0.845703125 0.4453125 0.0751953125 0.068359375
0 0.681640625 0.435546875 0.083984375 0.083984375
0 0.576171875 0.7412109375 0.1044921875 0.1142578125
0 0.353515625 0.7099609375 0.0830078125 0.078125
0 0.4697265625 0.7861328125 0.09375 0.0859375
0 0.2353515625 0.833984375 0.2060546875 0.173828125
0 0.357421875 0.9140625 0.076171875 0.0595703125
0 0.5087890625 0.9306640625 0.2001953125 0.134765625
0 0.30078125 0.970703125 0.091796875 0.056640625
0 0.447265625 0.669921875 0.0673828125 0.0439453125
0 0.560546875 0.701171875 0.154296875 0.1064453125
0 0.90234375 0.65625 0.060546875 0.013671875
0 0.978515625 0.701171875 0.0390625 0.072265625
0 0.818359375 0.716796875 0.0595703125 0.048828125
0 0.9755859375 0.7587890625 0.0439453125 0.0546875
0 0.98046875 0.767578125 0.0341796875 0.056640625
0 0.8701171875 0.748046875 0.078125 0.0732421875
0 0.98828125 0.814453125 0.0205078125 0.080078125
0 0.6630859375 0.841796875 0.048828125 0.0654296875
0 0.9169921875 0.9111328125 0.080078125 0.072265625
0 0.751953125 0.892578125 0.1201171875 0.1123046875
0 0.9775390625 0.943359375 0.041015625 0.0517578125
0 0.83203125 0.935546875 0.0830078125 0.0732421875