0 0.2421875 0.017578125 0.0625 0.03515625
0 0.173828125 0.033203125 0.0576171875 0.0654296875
0 0.294921875 0.033203125 0.0546875 0.06640625
0 0.181640625 0.076171875 0.060546875 0.0986328125
0 0.1611328125 0.103515625 0.048828125 0.0751953125
0 0.279296875 0.1005859375 0.0498046875 0.0673828125
0 0.1279296875 0.15234375 0.0830078125 0.1376953125
0 0.373046875 0.1005859375 0.029296875 0.0439453125
0 0.2568359375 0.1298828125 0.052734375 0.0576171875
0 0.240234375 0.19140625 0.0419921875 0.0517578125
0 0.1806640625 0.2119140625 0.0625 0.087890625
0 0.564453125 0.1357421875 0.025390625 0.080078125
0 0.2607421875 0.220703125 0.060546875 0.080078125
0 0.291015625 0.2314453125 0.0361328125 0.048828125
0 0.341796875 0.244140625 0.03125 0.046875
0 0.1669921875 0.3017578125 0.044921875 0.068359375
0 0.2861328125 0.2763671875 0.052734375 0.0625
0 0.2080078125 0.3056640625 0.0888671875 0.0830078125
0 0.248046875 0.3173828125 0.0576171875 0.0576171875
0 0.818359375 0.2841796875 0.068359375 0.0625
0 0.0400390625 0.404296875 0.080078125 0.103515625
0 0.119140625 0.443359375 0.044921875 0.068359375
0 0.2529296875 0.4208984375 0.0361328125 0.0732421875
0 0.072265625 0.5302734375 0.041015625 0.056640625
0 0.212890625 0.513671875 0.044921875 0.0625
0 0.0048828125 0.568359375 0.009765625 0.0654296875
0 0.0888671875 0.5927734375 0.0439453125 0.0703125
0 0.2255859375 0.578125 0.037109375 0.060546875
0 0.1630859375 0.5986328125 0.048828125 0.0673828125
0 0.029296875 0.630859375 0.044921875 0.078125
0 0.154296875 0.619140625 0.03125 0.0703125
0 0.005859375 0.6748046875 0.01171875 0.068359375
0 0.3447265625 0.607421875 0.0498046875 0.0810546875
0 0.056640625 0.7099609375 0.0283203125 0.044921875
0 0.283203125 0.6767578125 0.052734375 0.0830078125
0 0.037109375 0.734375 0.0283203125 0.041015625
0 0.5224609375 0.634765625 0.107421875 0.263671875
0 0.076171875 0.7431640625 0.0283203125 0.046875
0 0.0234375 0.7958984375 0.0185546875 0.0390625
0 0.0322265625 0.830078125 0.0361328125 0.0517578125
0 0.3515625 0.8056640625 0.0341796875 0.0390625
0 0.01171875 0.8984375 0.0234375 0.072265625
0 0.400390625 0.8544921875 0.0361328125 0.0703125
0 0.0546875 0.939453125 0.037109375 0.0517578125
0 0.1845703125 0.92578125 0.0283203125 0.0439453125
0 0.228515625 0.9248046875 0.037109375 0.056640625
0 0.48828125 0.88671875 0.048828125 0.0908203125
0 0.416015625 0.9306640625 0.0390625 0.078125
0 0.537109375 0.9091796875 0.0673828125 0.1123046875
0 0.2880859375 0.96875 0.0341796875 0.0576171875
0 0.4306640625 0.958984375 0.0341796875 0.076171875
0 0.4912109375 0.974609375 0.044921875 0.044921875
0 0.099609375 0.375 0.060546875 0.052734375
0 0.8662109375 0.509765625 0.044921875 0.0546875
0 0.8505859375 0.537109375 0.0576171875 0.083984375
0 0.8916015625 0.5400390625 0.037109375 0.046875
0 0.8193359375 0.662109375 0.076171875 0.0888671875
0 0.9580078125 0.640625 0.080078125 0.123046875
0 0.916015625 0.6875 0.1640625 0.298828125
0 0.986328125 0.720703125 0.025390625 0.0751953125
0 0.931640625 0.7392578125 0.1328125 0.1767578125
0 0.78125 0.373046875 0.0625 0.0517578125
0 0.884765625 0.369140625 0.0576171875 0.041015625
0 0.841796875 0.3974609375 0.072265625 0.087890625
0 0.8076171875 0.44140625 0.072265625 0.0908203125
0 0.763671875 0.4521484375 0.041015625 0.0732421875
0 0.923828125 0.455078125 0.146484375 0.2109375
0 0.9638671875 0.439453125 0.0673828125 0.1533203125
0 0.7958984375 0.490234375 0.0390625 0.0439453125