0 0.1513671875 0.4619140625 0.1591796875 0.111328125
0 0.1298828125 0.55078125 0.111328125 0.072265625
0 0.041015625 0.548828125 0.0810546875 0.0751953125
0 0.220703125 0.560546875 0.072265625 0.0517578125
0 0.177734375 0.0556640625 0.2451171875 0.111328125
0 0.103515625 0.0576171875 0.0625 0.0625
0 0.0244140625 0.064453125 0.048828125 0.080078125
0 0.013671875 0.09375 0.02734375 0.09765625
0 0.044921875 0.171875 0.0888671875 0.0986328125
0 0.193359375 0.197265625 0.193359375 0.1435546875
0 0.125 0.283203125 0.25 0.2548828125
0 0.158203125 0.3125 0.103515625 0.1015625
0 0.1005859375 0.349609375 0.0673828125 0.060546875
0 0.5908203125 0.306640625 0.046875 0.0703125
0 0.552734375 0.310546875 0.056640625 0.0830078125
0 0.6103515625 0.36328125 0.0283203125 0.029296875
0 0.892578125 0.380859375 0.056640625 0.0751953125
0 0.4951171875 0.40234375 0.0498046875 0.044921875
0 0.5517578125 0.4248046875 0.0361328125 0.037109375
0 0.591796875 0.427734375 0.0341796875 0.0673828125
0 0.697265625 0.451171875 0.0390625 0.0625
0 0.8935546875 0.458984375 0.0283203125 0.046875
0 0.7744140625 0.462890625 0.0341796875 0.0625
0 0.8505859375 0.4716796875 0.0234375 0.0546875
0 0.533203125 0.4873046875 0.0263671875 0.033203125
0 0.724609375 0.044921875 0.03125 0.0673828125
0 0.5859375 0.123046875 0.046875 0.044921875
0 0.9208984375 0.134765625 0.0361328125 0.0810546875
0 0.7099609375 0.154296875 0.0419921875 0.068359375
0 0.4716796875 0.177734375 0.0595703125 0.0830078125
0 0.720703125 0.1904296875 0.0419921875 0.0732421875
0 0.138671875 0.697265625 0.27734375 0.21875
0 0.392578125 0.650390625 0.029296875 0.103515625
0 0.064453125 0.84765625 0.109375 0.103515625
0 0.2880859375 0.865234375 0.236328125 0.236328125
0 0.0576171875 0.94921875 0.115234375 0.0966796875
0 0.7744140625 0.619140625 0.0625 0.0595703125
0 0.5576171875 0.626953125 0.0673828125 0.0751953125
0 0.9638671875 0.630859375 0.0673828125 0.083984375
0 0.529296875 0.6357421875 0.0703125 0.09375
0 0.896484375 0.6298828125 0.0908203125 0.0517578125
0 0.6396484375 0.669921875 0.078125 0.1142578125
0 0.828125 0.673828125 0.0703125 0.064453125
0 0.919921875 0.771484375 0.115234375 0.091796875
0 0.44140625 0.78125 0.0654296875 0.115234375
0 0.8857421875 0.837890625 0.0888671875 0.103515625
0 0.708984375 0.8447265625 0.0810546875 0.126953125
0 0.611328125 0.8564453125 0.0908203125 0.107421875
0 0.6513671875 0.9326171875 0.1015625 0.1298828125
0 0.716796875 0.9404296875 0.0517578125 0.0654296875
0 0.9462890625 0.95703125 0.0888671875 0.0830078125
0 0.771484375 0.986328125 0.048828125 0.025390625