0 0.79296875 0.1826171875 0.4091796875 0.365234375
0 0.427734375 0.5478515625 0.2529296875 0.2578125
0 0.140625 0.7119140625 0.1328125 0.125
0 0.2021484375 0.7158203125 0.087890625 0.083984375
0 0.37109375 0.79296875 0.21875 0.2158203125
0 0.271484375 0.8095703125 0.154296875 0.1142578125
0 0.0537109375 0.841796875 0.107421875 0.0966796875
0 0.298828125 0.912109375 0.240234375 0.169921875
0 0.205078125 0.96484375 0.125 0.0654296875
0 0.7919921875 0.916015625 0.21875 0.1640625
0 0.935546875 0.90625 0.123046875 0.1826171875
0 0.638671875 0.609375 0.1015625 0.482421875
0 0.767578125 0.60546875 0.2138671875 0.4765625
0 0.923828125 0.59765625 0.150390625 0.458984375