0 0.0654296875 0.189453125 0.0595703125 0.0673828125
0 0.2265625 0.2451171875 0.0546875 0.0673828125
0 0.0556640625 0.220703125 0.0859375 0.0888671875
0 0.283203125 0.3349609375 0.0439453125 0.0517578125
0 0.91015625 0.0048828125 0.0361328125 0.009765625
0 0.955078125 0.04296875 0.0341796875 0.0341796875
0 0.9794921875 0.080078125 0.0361328125 0.0625
0 0.9501953125 0.1005859375 0.0390625 0.0390625
0 0.8369140625 0.09375 0.029296875 0.029296875
0 0.724609375 0.080078125 0.056640625 0.041015625
0 0.7890625 0.09765625 0.025390625 0.0263671875
0 0.884765625 0.126953125 0.0595703125 0.048828125
0 0.986328125 0.2275390625 0.021484375 0.041015625
0 0.587890625 0.1513671875 0.0419921875 0.0439453125
0 0.376953125 0.1162109375 0.056640625 0.0546875
0 0.8515625 0.2138671875 0.044921875 0.0390625
0 0.8154296875 0.21484375 0.0390625 0.0361328125
0 0.4716796875 0.158203125 0.0546875 0.0390625
0 0.97265625 0.2548828125 0.046875 0.0439453125
0 0.408203125 0.1630859375 0.0283203125 0.029296875
0 0.830078125 0.2861328125 0.044921875 0.0390625
0 0.451171875 0.2587890625 0.0419921875 0.0517578125
0 0.751953125 0.32421875 0.0625 0.0576171875
0 0.3994140625 0.263671875 0.0390625 0.044921875
0 0.810546875 0.3662109375 0.048828125 0.041015625
0 0.6396484375 0.349609375 0.0390625 0.03125
0 0.7763671875 0.373046875 0.0390625 0.029296875
0 0.2763671875 0.712890625 0.0576171875 0.146484375
0 0.3955078125 0.990234375 0.0751953125 0.013671875