0 0.58203125 0.22265625 0.2236328125 0.2392578125
0 0.2900390625 0.361328125 0.119140625 0.115234375
0 0.3515625 0.3701171875 0.078125 0.076171875
0 0.783203125 0.4189453125 0.109375 0.0732421875
0 0.5146484375 0.462890625 0.193359375 0.1982421875
0 0.4169921875 0.4697265625 0.142578125 0.103515625
0 0.18359375 0.48046875 0.1220703125 0.0810546875
0 0.7900390625 0.494140625 0.146484375 0.1220703125
0 0.435546875 0.595703125 0.2138671875 0.1923828125
0 0.33984375 0.638671875 0.1142578125 0.0908203125
0 0.2958984375 0.697265625 0.1015625 0.087890625
0 0.361328125 0.779296875 0.126953125 0.0888671875
0 0.5009765625 0.783203125 0.091796875 0.0517578125