0 0.0576171875 0.103515625 0.115234375 0.2060546875
0 0.443359375 0.0205078125 0.060546875 0.041015625
0 0.529296875 0.103515625 0.068359375 0.072265625
0 0.59375 0.119140625 0.064453125 0.0732421875
0 0.7119140625 0.189453125 0.048828125 0.1142578125
0 0.5859375 0.2333984375 0.099609375 0.107421875
0 0.42578125 0.2783203125 0.052734375 0.0751953125
0 0.404296875 0.29296875 0.072265625 0.0908203125
0 0.4736328125 0.2861328125 0.048828125 0.087890625
0 0.560546875 0.337890625 0.0732421875 0.0986328125
0 0.6689453125 0.3671875 0.0625 0.095703125
0 0.341796875 0.376953125 0.1689453125 0.123046875
0 0.65234375 0.408203125 0.0517578125 0.0576171875
0 0.779296875 0.248046875 0.0830078125 0.197265625
0 0.216796875 0.6220703125 0.43359375 0.365234375
0 0.513671875 0.623046875 0.3701171875 0.365234375