0 0.2900390625 0.01953125 0.1328125 0.0390625
0 0.029296875 0.0732421875 0.0576171875 0.146484375
0 0.1513671875 0.1015625 0.076171875 0.09375
0 0.265625 0.166015625 0.119140625 0.134765625
0 0.046875 0.240234375 0.09375 0.1298828125
0 0.345703125 0.166015625 0.0205078125 0.111328125
0 0.01953125 0.35546875 0.0390625 0.076171875
0 0.08984375 0.3681640625 0.1279296875 0.138671875
0 0.0224609375 0.455078125 0.044921875 0.091796875
0 0.0693359375 0.525390625 0.138671875 0.15625
0 0.3232421875 0.498046875 0.0654296875 0.138671875
0 0.23046875 0.5546875 0.0966796875 0.095703125
0 0.2880859375 0.580078125 0.134765625 0.052734375
0 0.904296875 0.033203125 0.0576171875 0.0654296875
0 0.943359375 0.03515625 0.03125 0.0517578125
0 0.9443359375 0.0703125 0.048828125 0.0341796875
0 0.373046875 0.259765625 0.03125 0.0341796875
0 0.658203125 0.208984375 0.0625 0.0810546875
0 0.810546875 0.1708984375 0.041015625 0.064453125
0 0.37890625 0.3232421875 0.041015625 0.0703125
0 0.4892578125 0.3212890625 0.044921875 0.0654296875
0 0.68359375 0.283203125 0.03125 0.0517578125
0 0.83203125 0.2470703125 0.0390625 0.0654296875
0 0.5693359375 0.3154296875 0.0390625 0.0625
0 0.646484375 0.306640625 0.0283203125 0.0546875
0 0.4013671875 0.0390625 0.048828125 0.0732421875
0 0.42578125 0.0703125 0.048828125 0.078125
0 0.8056640625 0.013671875 0.048828125 0.0263671875
0 0.748046875 0.01953125 0.0390625 0.0390625
0 0.779296875 0.015625 0.044921875 0.03125
0 0.177734375 0.8017578125 0.35546875 0.388671875
0 0.8369140625 0.923828125 0.029296875 0.021484375
0 0.634765625 0.6181640625 0.0830078125 0.0205078125
0 0.455078125 0.646484375 0.087890625 0.0517578125
0 0.673828125 0.6162109375 0.0673828125 0.017578125
0 0.556640625 0.6435546875 0.041015625 0.046875
0 0.6650390625 0.6640625 0.080078125 0.041015625
0 0.529296875 0.7109375 0.03125 0.0283203125
0 0.5205078125 0.7373046875 0.044921875 0.0283203125
0 0.7724609375 0.724609375 0.044921875 0.0341796875
0 0.751953125 0.740234375 0.0390625 0.029296875
0 0.5849609375 0.810546875 0.0361328125 0.029296875
0 0.763671875 0.7685546875 0.0390625 0.0361328125
0 0.7724609375 0.7939453125 0.0546875 0.0341796875
0 0.84765625 0.7783203125 0.044921875 0.0283203125
0 0.8193359375 0.8046875 0.0341796875 0.033203125
0 0.861328125 0.798828125 0.021484375 0.0263671875
0 0.73828125 0.8466796875 0.0439453125 0.0341796875
0 0.705078125 0.857421875 0.0517578125 0.033203125
0 0.703125 0.869140625 0.03125 0.021484375
0 0.892578125 0.830078125 0.041015625 0.0341796875
0 0.7548828125 0.8671875 0.0390625 0.0283203125
0 0.603515625 0.916015625 0.0390625 0.029296875
0 0.888671875 0.84765625 0.0439453125 0.033203125
0 0.8056640625 0.8701171875 0.048828125 0.0341796875
0 0.8505859375 0.8671875 0.029296875 0.0263671875
0 0.779296875 0.8876953125 0.044921875 0.0341796875
0 0.466796875 0.9697265625 0.0576171875 0.041015625
0 0.748046875 0.9072265625 0.0576171875 0.044921875
0 0.474609375 0.978515625 0.044921875 0.0390625
0 0.46875 0.986328125 0.048828125 0.025390625
0 0.888671875 0.892578125 0.03125 0.025390625