0 0.27734375 0.1669921875 0.5546875 0.333984375
0 0.091796875 0.2216796875 0.181640625 0.1845703125
0 0.4365234375 0.1494140625 0.056640625 0.0732421875
0 0.3994140625 0.177734375 0.0966796875 0.115234375
0 0.15234375 0.2392578125 0.078125 0.09375
0 0.5732421875 0.181640625 0.0517578125 0.060546875
0 0.05078125 0.35546875 0.1015625 0.1201171875
0 0.4267578125 0.27734375 0.0986328125 0.103515625
0 0.0869140625 0.3857421875 0.0673828125 0.060546875
0 0.802734375 0.2080078125 0.388671875 0.416015625
0 0.673828125 0.3173828125 0.1328125 0.1298828125
0 0.767578125 0.3701171875 0.1591796875 0.091796875
0 0.4248046875 0.458984375 0.0390625 0.052734375
0 0.0810546875 0.55078125 0.0185546875 0.0341796875
0 0.591796875 0.43359375 0.0283203125 0.03125
0 0.400390625 0.478515625 0.0361328125 0.044921875
0 0.025390625 0.572265625 0.0361328125 0.044921875
0 0.5791015625 0.4609375 0.0283203125 0.046875
0 0.244140625 0.5556640625 0.0234375 0.0390625
0 0.255859375 0.5537109375 0.03125 0.0498046875
0 0.076171875 0.603515625 0.03125 0.0439453125
0 0.412109375 0.525390625 0.025390625 0.033203125
0 0.0673828125 0.623046875 0.0283203125 0.0498046875
0 0.4384765625 0.5341796875 0.03125 0.0390625
0 0.197265625 0.59375 0.0439453125 0.076171875
0 0.21484375 0.5966796875 0.0361328125 0.0498046875
0 0.056640625 0.666015625 0.03125 0.046875
0 0.27734375 0.619140625 0.0263671875 0.041015625
0 0.0107421875 0.685546875 0.021484375 0.0390625
0 0.3935546875 0.599609375 0.0283203125 0.0498046875
0 0.0751953125 0.6845703125 0.025390625 0.0283203125
0 0.5859375 0.5615234375 0.0185546875 0.03125
0 0.025390625 0.701171875 0.0361328125 0.044921875
0 0.2236328125 0.654296875 0.0390625 0.0498046875
0 0.423828125 0.623046875 0.0361328125 0.0546875
0 0.447265625 0.634765625 0.0390625 0.0673828125
0 0.564453125 0.6064453125 0.0283203125 0.03125
0 0.4228515625 0.66796875 0.033203125 0.048828125
0 0.2607421875 0.71875 0.041015625 0.052734375
0 0.03125 0.775390625 0.0283203125 0.046875
0 0.591796875 0.638671875 0.0263671875 0.044921875
0 0.0390625 0.82421875 0.0263671875 0.037109375
0 0.4404296875 0.736328125 0.03125 0.041015625
0 0.056640625 0.8359375 0.0283203125 0.033203125
0 0.2412109375 0.791015625 0.0361328125 0.0576171875
0 0.2744140625 0.8017578125 0.048828125 0.0703125
0 0.4287109375 0.7666015625 0.041015625 0.046875
0 0.0244140625 0.8779296875 0.0439453125 0.060546875
0 0.4599609375 0.775390625 0.03125 0.041015625
0 0.255859375 0.837890625 0.03125 0.0419921875
0 0.0751953125 0.884765625 0.029296875 0.037109375
0 0.2763671875 0.837890625 0.0205078125 0.0234375
0 0.4365234375 0.806640625 0.046875 0.0654296875
0 0.0859375 0.912109375 0.0185546875 0.033203125
0 0.28125 0.8759765625 0.0341796875 0.0498046875
0 0.462890625 0.841796875 0.0361328125 0.0546875
0 0.2998046875 0.900390625 0.0390625 0.0546875
0 0.1142578125 0.9521484375 0.03125 0.0546875
0 0.478515625 0.880859375 0.041015625 0.044921875
0 0.28125 0.9501953125 0.033203125 0.044921875
0 0.123046875 0.9892578125 0.0390625 0.017578125
0 0.466796875 0.9248046875 0.03125 0.0419921875
0 0.3173828125 0.970703125 0.0341796875 0.0576171875
0 0.2900390625 0.982421875 0.03125 0.029296875
0 0.490234375 0.9697265625 0.0283203125 0.044921875
0 0.4794921875 0.986328125 0.041015625 0.025390625
0 0.015625 0.435546875 0.03125 0.0361328125
0 0.0048828125 0.455078125 0.009765625 0.0517578125
0 0.205078125 0.42578125 0.029296875 0.013671875
0 0.177734375 0.435546875 0.033203125 0.0341796875
0 0.017578125 0.474609375 0.0341796875 0.0654296875
0 0.2353515625 0.4599609375 0.0283203125 0.0498046875
0 0.388671875 0.431640625 0.03125 0.0263671875
0 0.1982421875 0.470703125 0.0517578125 0.0673828125
0 0.0400390625 0.5166015625 0.0361328125 0.0576171875
0 0.2412109375 0.482421875 0.0361328125 0.044921875
0 0.376953125 0.451171875 0.033203125 0.0576171875
0 0.1904296875 0.498046875 0.0361328125 0.044921875
0 0.8193359375 0.75390625 0.3564453125 0.4453125
0 0.697265625 0.8291015625 0.1357421875 0.134765625
0 0.6875 0.9482421875 0.1591796875 0.0986328125
0 0.90234375 0.958984375 0.123046875 0.076171875
0 0.7197265625 0.5 0.0498046875 0.052734375
0 0.9423828125 0.4599609375 0.111328125 0.083984375
0 0.82421875 0.5302734375 0.072265625 0.0673828125
0 0.6611328125 0.626953125 0.1064453125 0.1640625