0 0.11328125 0.0205078125 0.154296875 0.041015625
0 0.185546875 0.33984375 0.044921875 0.0732421875
0 0.1650390625 0.447265625 0.064453125 0.0390625
0 0.765625 0.03125 0.1513671875 0.0625
0 0.6435546875 0.080078125 0.154296875 0.16015625
0 0.5205078125 0.107421875 0.103515625 0.21484375
0 0.486328125 0.248046875 0.0361328125 0.2392578125
0 0.54296875 0.251953125 0.150390625 0.283203125
0 0.8857421875 0.189453125 0.1376953125 0.287109375
0 0.794921875 0.24609375 0.1611328125 0.3232421875
0 0.609375 0.318359375 0.15625 0.283203125
0 0.857421875 0.251953125 0.1015625 0.2109375
0 0.5 0.455078125 0.0625 0.025390625
0 0.1611328125 0.51171875 0.1298828125 0.087890625
0 0.423828125 0.4931640625 0.083984375 0.048828125
0 0.2548828125 0.544921875 0.1298828125 0.1533203125
0 0.03125 0.70703125 0.0625 0.1455078125
0 0.2099609375 0.8544921875 0.083984375 0.1123046875
0 0.046875 0.9375 0.083984375 0.115234375
0 0.34375 0.8486328125 0.0625 0.078125
0 0.123046875 0.923828125 0.0673828125 0.0830078125
0 0.248046875 0.896484375 0.060546875 0.072265625
0 0.02734375 0.9794921875 0.0546875 0.0341796875
0 0.400390625 0.8935546875 0.107421875 0.125
0 0.5986328125 0.5166015625 0.048828125 0.0673828125
0 0.974609375 0.482421875 0.044921875 0.029296875
0 0.9287109375 0.490234375 0.056640625 0.0439453125
0 0.603515625 0.59765625 0.0439453125 0.046875
0 0.794921875 0.5439453125 0.0439453125 0.0625
0 0.953125 0.5048828125 0.0654296875 0.072265625
0 0.98046875 0.51953125 0.0341796875 0.052734375
0 0.642578125 0.6357421875 0.0625 0.09375
0 0.828125 0.583984375 0.041015625 0.0498046875
0 0.6337890625 0.6767578125 0.0361328125 0.0517578125
0 0.8037109375 0.658203125 0.0595703125 0.0654296875
0 0.66796875 0.7314453125 0.0390625 0.0625
0 0.849609375 0.697265625 0.056640625 0.0859375
0 0.650390625 0.77734375 0.03125 0.0361328125
0 0.693359375 0.802734375 0.044921875 0.0625
0 0.9912109375 0.6982421875 0.0126953125 0.0751953125
0 0.830078125 0.765625 0.0361328125 0.046875
0 0.85546875 0.796875 0.0576171875 0.080078125
0 0.484375 0.923828125 0.03125 0.0703125
0 0.689453125 0.865234375 0.0517578125 0.072265625
0 0.89453125 0.8310546875 0.048828125 0.0576171875
0 0.5068359375 0.9619140625 0.0390625 0.068359375
0 0.8662109375 0.853515625 0.044921875 0.068359375
0 0.716796875 0.931640625 0.0361328125 0.0419921875
0 0.71484375 0.96484375 0.03125 0.041015625