0 0.2275390625 0.0400390625 0.0986328125 0.080078125
0 0.1650390625 0.056640625 0.1484375 0.1123046875
0 0.2705078125 0.1025390625 0.0751953125 0.0751953125
0 0.025390625 0.0537109375 0.0498046875 0.0888671875
0 0.302734375 0.162109375 0.078125 0.0751953125
0 0.26171875 0.189453125 0.091796875 0.076171875
0 0.10546875 0.2197265625 0.2109375 0.392578125
0 0.2216796875 0.3076171875 0.1123046875 0.1015625
0 0.263671875 0.357421875 0.1611328125 0.115234375
0 0.2099609375 0.37109375 0.208984375 0.0888671875
0 0.537109375 0.26953125 0.15625 0.1455078125
0 0.4169921875 0.3017578125 0.0751953125 0.228515625
0 0.853515625 0.0791015625 0.0830078125 0.095703125
0 0.7880859375 0.1123046875 0.171875 0.201171875
0 0.650390625 0.138671875 0.1904296875 0.1669921875
0 0.517578125 0.16796875 0.103515625 0.1044921875
0 0.7060546875 0.2177734375 0.1591796875 0.134765625
0 0.0712890625 0.455078125 0.142578125 0.0751953125
0 0.353515625 0.5244140625 0.048828125 0.1064453125
0 0.208984375 0.51953125 0.0654296875 0.091796875
0 0.23046875 0.6552734375 0.095703125 0.125
0 0.080078125 0.69921875 0.1123046875 0.138671875
0 0.310546875 0.80078125 0.134765625 0.1689453125
0 0.0712890625 0.9287109375 0.0703125 0.099609375
0 0.216796875 0.974609375 0.107421875 0.044921875
0 0.349609375 0.4326171875 0.0546875 0.029296875
0 0.939453125 0.5087890625 0.056640625 0.078125
0 0.48046875 0.44140625 0.076171875 0.044921875
0 0.4267578125 0.501953125 0.0361328125 0.0625
0 0.80859375 0.7021484375 0.0732421875 0.111328125
0 0.650390625 0.728515625 0.0361328125 0.0419921875
0 0.982421875 0.84765625 0.03125 0.103515625
0 0.521484375 0.755859375 0.048828125 0.064453125
0 0.923828125 0.8857421875 0.0576171875 0.083984375
0 0.8271484375 0.8916015625 0.0595703125 0.1015625
0 0.7548828125 0.8994140625 0.052734375 0.072265625
0 0.689453125 0.900390625 0.1357421875 0.162109375
0 0.8818359375 0.435546875 0.0390625 0.0341796875
0 0.86328125 0.431640625 0.0341796875 0.0263671875
0 0.82421875 0.4287109375 0.029296875 0.021484375
0 0.796875 0.4462890625 0.0703125 0.056640625
0 0.986328125 0.4619140625 0.021484375 0.072265625
0 0.71484375 0.4482421875 0.0888671875 0.060546875
0 0.654296875 0.4462890625 0.1142578125 0.056640625
0 0.947265625 0.462890625 0.048828125 0.048828125
0 0.5888671875 0.453125 0.134765625 0.0703125