0 0.1220703125 0.2548828125 0.0234375 0.0341796875
0 0.408203125 0.255859375 0.0283203125 0.0517578125
0 0.9052734375 0.255859375 0.0234375 0.0517578125
0 0.537109375 0.0283203125 0.0234375 0.037109375
0 0.1484375 0.294921875 0.0234375 0.03125
0 0.76171875 0.2939453125 0.0283203125 0.0498046875
0 0.3056640625 0.2978515625 0.0205078125 0.033203125
0 0.90234375 0.298828125 0.029296875 0.0546875
0 0.8193359375 0.30078125 0.029296875 0.0341796875
0 0.25390625 0.3017578125 0.0283203125 0.044921875
0 0.3994140625 0.3046875 0.0341796875 0.046875
0 0.4296875 0.310546875 0.0283203125 0.0361328125
0 0.93359375 0.3125 0.025390625 0.052734375
0 0.740234375 0.314453125 0.025390625 0.0576171875
0 0.2373046875 0.3134765625 0.0283203125 0.064453125
0 0.181640625 0.3212890625 0.0234375 0.0361328125
0 0.2939453125 0.333984375 0.0205078125 0.048828125
0 0.7978515625 0.337890625 0.0234375 0.0546875
0 0.189453125 0.3486328125 0.0283203125 0.0439453125
0 0.224609375 0.3623046875 0.041015625 0.076171875
0 0.7275390625 0.375 0.03125 0.0673828125
0 0.8251953125 0.3818359375 0.025390625 0.0576171875
0 0.318359375 0.388671875 0.025390625 0.0439453125
0 0.759765625 0.0419921875 0.025390625 0.056640625
0 0.626953125 0.404296875 0.0234375 0.044921875
0 0.0439453125 0.41015625 0.029296875 0.0517578125
0 0.548828125 0.4130859375 0.025390625 0.0576171875
0 0.611328125 0.427734375 0.025390625 0.0439453125
0 0.0146484375 0.44140625 0.025390625 0.0361328125
0 0.748046875 0.455078125 0.0205078125 0.0595703125
0 0.9404296875 0.45703125 0.0205078125 0.0341796875
0 0.556640625 0.458984375 0.0234375 0.0595703125
0 0.052734375 0.46484375 0.033203125 0.080078125
0 0.650390625 0.482421875 0.0361328125 0.0576171875
0 0.146484375 0.4833984375 0.037109375 0.064453125
0 0.251953125 0.05078125 0.0263671875 0.0546875
0 0.771484375 0.5009765625 0.0283203125 0.0498046875
0 0.265625 0.501953125 0.021484375 0.041015625
0 0.478515625 0.5029296875 0.0390625 0.0595703125
0 0.818359375 0.5078125 0.0234375 0.0595703125
0 0.310546875 0.5107421875 0.029296875 0.0517578125
0 0.8935546875 0.0537109375 0.0185546875 0.044921875
0 0.98046875 0.513671875 0.033203125 0.0751953125
0 0.173828125 0.5146484375 0.025390625 0.0361328125
0 0.427734375 0.0537109375 0.025390625 0.044921875
0 0.337890625 0.5546875 0.0361328125 0.060546875
0 0.134765625 0.556640625 0.025390625 0.0419921875
0 0.841796875 0.55859375 0.0205078125 0.044921875
0 0.2626953125 0.55859375 0.0361328125 0.0361328125
0 0.6376953125 0.55859375 0.025390625 0.044921875
0 0.8974609375 0.5703125 0.0263671875 0.044921875
0 0.931640625 0.0634765625 0.015625 0.025390625
0 0.416015625 0.642578125 0.0390625 0.0703125
0 0.9208984375 0.64453125 0.0361328125 0.0673828125
0 0.720703125 0.654296875 0.0283203125 0.0625
0 0.806640625 0.658203125 0.046875 0.0888671875
0 0.298828125 0.65625 0.044921875 0.076171875
0 0.20703125 0.662109375 0.029296875 0.046875
0 0.373046875 0.0693359375 0.041015625 0.072265625
0 0.03125 0.6845703125 0.0576171875 0.0859375
0 0.537109375 0.6875 0.0439453125 0.087890625
0 0.458984375 0.708984375 0.033203125 0.0517578125
0 0.912109375 0.0732421875 0.0185546875 0.056640625
0 0.970703125 0.7158203125 0.041015625 0.0673828125
0 0.119140625 0.728515625 0.0283203125 0.033203125
0 0.623046875 0.732421875 0.0263671875 0.041015625
0 0.8701171875 0.732421875 0.0390625 0.0751953125
0 0.4111328125 0.07421875 0.029296875 0.052734375
0 0.3671875 0.740234375 0.060546875 0.0859375
0 0.4892578125 0.751953125 0.017578125 0.0283203125
0 0.857421875 0.0771484375 0.0263671875 0.044921875
0 0.8798828125 0.076171875 0.048828125 0.0908203125
0 0.3740234375 0.759765625 0.0283203125 0.0439453125
0 0.7216796875 0.7734375 0.025390625 0.060546875
0 0.212890625 0.77734375 0.025390625 0.044921875
0 0.49609375 0.791015625 0.0205078125 0.0439453125
0 0.2880859375 0.791015625 0.029296875 0.0341796875
0 0.3251953125 0.802734375 0.0205078125 0.029296875
0 0.248046875 0.080078125 0.03125 0.044921875
0 0.521484375 0.8046875 0.0185546875 0.0419921875
0 0.2431640625 0.8056640625 0.025390625 0.0390625
0 0.7529296875 0.8095703125 0.025390625 0.0673828125
0 0.095703125 0.814453125 0.021484375 0.0390625
0 0.599609375 0.822265625 0.025390625 0.0498046875
0 0.025390625 0.83984375 0.033203125 0.0546875
0 0.3369140625 0.841796875 0.0205078125 0.029296875
0 0.533203125 0.8447265625 0.033203125 0.0595703125
0 0.7548828125 0.083984375 0.0234375 0.0498046875
0 0.427734375 0.853515625 0.029296875 0.072265625
0 0.9365234375 0.857421875 0.0283203125 0.0439453125
0 0.869140625 0.8623046875 0.0283203125 0.0673828125
0 0.91796875 0.86328125 0.0234375 0.0576171875
0 0.4111328125 0.873046875 0.0205078125 0.0546875
0 0.369140625 0.876953125 0.037109375 0.0673828125
0 0.6337890625 0.896484375 0.0263671875 0.076171875
0 0.123046875 0.900390625 0.041015625 0.044921875
0 0.267578125 0.908203125 0.0205078125 0.033203125
0 0.4521484375 0.921875 0.0205078125 0.0751953125
0 0.2509765625 0.9228515625 0.0205078125 0.0419921875
0 0.966796875 0.9296875 0.025390625 0.0419921875
0 0.599609375 0.095703125 0.025390625 0.044921875
0 0.89453125 0.9423828125 0.029296875 0.0341796875
0 0.392578125 0.943359375 0.0205078125 0.033203125
0 0.984375 0.947265625 0.03125 0.0517578125
0 0.4765625 0.94921875 0.025390625 0.0576171875
0 0.22265625 0.953125 0.0234375 0.041015625
0 0.7353515625 0.951171875 0.0283203125 0.037109375
0 0.666015625 0.9541015625 0.029296875 0.046875
0 0.1591796875 0.9580078125 0.029296875 0.041015625
0 0.794921875 0.9716796875 0.025390625 0.0498046875
0 0.97265625 0.984375 0.017578125 0.0126953125
0 0.9443359375 0.984375 0.029296875 0.0263671875
0 0.9619140625 0.986328125 0.0439453125 0.025390625
0 0.564453125 0.98828125 0.044921875 0.0205078125
0 0.51953125 0.103515625 0.0205078125 0.037109375
0 0.455078125 0.123046875 0.0390625 0.0673828125
0 0.5615234375 0.154296875 0.0283203125 0.044921875
0 0.1328125 0.158203125 0.029296875 0.037109375
0 0.48046875 0.1572265625 0.0341796875 0.052734375
0 0.0537109375 0.162109375 0.0263671875 0.048828125
0 0.7890625 0.162109375 0.041015625 0.0673828125
0 0.287109375 0.1689453125 0.0419921875 0.064453125
0 0.73046875 0.1796875 0.033203125 0.0517578125
0 0.173828125 0.181640625 0.041015625 0.060546875
0 0.6826171875 0.1865234375 0.0625 0.1044921875
0 0.0478515625 0.2001953125 0.0283203125 0.052734375
0 0.4365234375 0.20703125 0.0283203125 0.029296875
0 0.556640625 0.2099609375 0.0361328125 0.060546875
0 0.8720703125 0.2109375 0.033203125 0.046875
0 0.373046875 0.2138671875 0.0361328125 0.0625
0 0.2646484375 0.216796875 0.029296875 0.048828125
0 0.7724609375 0.2236328125 0.0263671875 0.052734375