0 0.4150390625 0.01953125 0.060546875 0.0390625
0 0.46484375 0.123046875 0.068359375 0.0732421875
0 0.51953125 0.1552734375 0.064453125 0.0751953125
0 0.6162109375 0.26171875 0.0595703125 0.115234375
0 0.482421875 0.2666015625 0.099609375 0.109375
0 0.318359375 0.26171875 0.0546875 0.076171875
0 0.2939453125 0.271484375 0.0732421875 0.091796875
0 0.361328125 0.287109375 0.048828125 0.087890625
0 0.427734375 0.3369140625 0.076171875 0.0576171875
0 0.19140625 0.3173828125 0.169921875 0.0966796875
0 0.802734375 0.09375 0.177734375 0.1875
0 0.8798828125 0.2158203125 0.0673828125 0.1279296875
0 0.9560546875 0.2392578125 0.0625 0.109375
0 0.669921875 0.279296875 0.0439453125 0.091796875
0 0.931640625 0.314453125 0.060546875 0.1015625
0 0.705078125 0.310546875 0.0751953125 0.111328125
0 0.986328125 0.330078125 0.025390625 0.0703125
0 0.8056640625 0.326171875 0.091796875 0.080078125
0 0.861328125 0.3349609375 0.048828125 0.060546875
0 0.8193359375 0.3388671875 0.0439453125 0.052734375
0 0.365234375 0.4658203125 0.1064453125 0.171875
0 0.361328125 0.6826171875 0.5703125 0.6298828125
0 0.314453125 0.5771484375 0.09375 0.1591796875
0 0.60546875 0.6982421875 0.0830078125 0.3251953125
0 0.5556640625 0.87890625 0.1640625 0.2392578125
0 0.623046875 0.966796875 0.044921875 0.060546875