0 0.4072265625 0.021484375 0.013671875 0.04296875
0 0.244140625 0.0224609375 0.0546875 0.0390625
0 0.1943359375 0.0322265625 0.0673828125 0.0498046875
0 0.021484375 0.033203125 0.041015625 0.0263671875
0 0.013671875 0.0625 0.02734375 0.02734375
0 0.291015625 0.1025390625 0.046875 0.037109375
0 0.013671875 0.076171875 0.02734375 0.02734375
0 0.005859375 0.0966796875 0.01171875 0.025390625
0 0.01171875 0.111328125 0.0234375 0.0263671875
0 0.41015625 0.16015625 0.0126953125 0.0361328125
0 0.40625 0.16796875 0.0205078125 0.029296875
0 0.396484375 0.181640625 0.03125 0.025390625
0 0.0234375 0.1494140625 0.046875 0.029296875
0 0.3330078125 0.177734375 0.044921875 0.033203125
0 0.3583984375 0.1962890625 0.0361328125 0.0263671875
0 0.01953125 0.169921875 0.0390625 0.044921875
0 0.365234375 0.21484375 0.03125 0.021484375
0 0.412109375 0.2431640625 0.0078125 0.029296875
0 0.185546875 0.2236328125 0.076171875 0.0390625
0 0.21875 0.263671875 0.068359375 0.0576171875
0 0.1591796875 0.388671875 0.029296875 0.0361328125
0 0.0068359375 0.392578125 0.013671875 0.048828125
0 0.189453125 0.4345703125 0.0517578125 0.0517578125
0 0.6640625 0.154296875 0.232421875 0.1845703125
0 0.533203125 0.2216796875 0.2265625 0.2080078125
0 0.884765625 0.337890625 0.2265625 0.21875
0 0.921875 0.4736328125 0.1513671875 0.275390625
0 0.82421875 0.474609375 0.0908203125 0.0732421875
0 0.6435546875 0.474609375 0.220703125 0.181640625
0 0.8359375 0.498046875 0.1279296875 0.1123046875
0 0.966796875 0.6142578125 0.060546875 0.083984375
0 0.66015625 0.5986328125 0.185546875 0.115234375
0 0.580078125 0.619140625 0.1533203125 0.0751953125
0 0.904296875 0.623046875 0.1826171875 0.0654296875
0 0.828125 0.697265625 0.1142578125 0.076171875
0 0.9794921875 0.720703125 0.0361328125 0.125
0 0.439453125 0.685546875 0.0439453125 0.056640625
0 0.9072265625 0.775390625 0.083984375 0.0859375
0 0.47265625 0.759765625 0.107421875 0.1591796875
0 0.7353515625 0.826171875 0.125 0.138671875
0 0.8349609375 0.845703125 0.103515625 0.0966796875
0 0.962890625 0.86328125 0.0703125 0.115234375
0 0.5986328125 0.837890625 0.0966796875 0.095703125
0 0.970703125 0.9580078125 0.056640625 0.080078125
0 0.625 0.92578125 0.134765625 0.1455078125
0 0.84765625 0.955078125 0.103515625 0.083984375