0 0.255859375 0.115234375 0.12109375 0.23046875
0 0.0107421875 0.251953125 0.021484375 0.0751953125
0 0.0927734375 0.2548828125 0.1201171875 0.138671875
0 0.16015625 0.34765625 0.037109375 0.0654296875
0 0.134765625 0.3740234375 0.1591796875 0.220703125
0 0.19921875 0.4501953125 0.0908203125 0.107421875
0 0.08984375 0.4462890625 0.080078125 0.123046875
0 0.392578125 0.4482421875 0.146484375 0.119140625
0 0.9150390625 0.4755859375 0.166015625 0.0625
0 0.4091796875 0.029296875 0.181640625 0.05859375
0 0.861328125 0.048828125 0.078125 0.09375
0 0.8701171875 0.119140625 0.2158203125 0.177734375
0 0.6826171875 0.1201171875 0.2314453125 0.236328125
0 0.509765625 0.1728515625 0.1484375 0.177734375
0 0.9287109375 0.2099609375 0.1376953125 0.3251953125
0 0.5771484375 0.314453125 0.1123046875 0.138671875
0 0.3486328125 0.337890625 0.0576171875 0.083984375
0 0.556640625 0.421875 0.1953125 0.169921875
0 0.75390625 0.423828125 0.21875 0.166015625
0 0.3056640625 0.640625 0.0234375 0.0703125
0 0.0419921875 0.6455078125 0.083984375 0.083984375
0 0.2763671875 0.9697265625 0.068359375 0.0595703125
0 0.865234375 0.642578125 0.0419921875 0.0986328125
0 0.8486328125 0.646484375 0.025390625 0.046875
0 0.845703125 0.6884765625 0.037109375 0.0498046875
0 0.7333984375 0.7177734375 0.0546875 0.0654296875
0 0.830078125 0.7255859375 0.0439453125 0.0673828125
0 0.8720703125 0.736328125 0.033203125 0.0654296875
0 0.7890625 0.73828125 0.0390625 0.0673828125
0 0.470703125 0.763671875 0.0205078125 0.0419921875
0 0.716796875 0.77734375 0.064453125 0.064453125
0 0.568359375 0.787109375 0.048828125 0.0546875
0 0.4931640625 0.7900390625 0.0341796875 0.080078125
0 0.853515625 0.830078125 0.197265625 0.2314453125
0 0.69140625 0.8330078125 0.033203125 0.0546875
0 0.6552734375 0.83203125 0.0419921875 0.048828125
0 0.513671875 0.845703125 0.0419921875 0.0888671875
0 0.740234375 0.8466796875 0.056640625 0.0595703125
0 0.689453125 0.8623046875 0.0517578125 0.0517578125
0 0.6220703125 0.865234375 0.0361328125 0.076171875
0 0.76953125 0.8955078125 0.0390625 0.056640625
0 0.525390625 0.9130859375 0.0283203125 0.0576171875
0 0.642578125 0.923828125 0.0390625 0.0654296875
0 0.705078125 0.951171875 0.0439453125 0.060546875
0 0.521484375 0.9482421875 0.046875 0.0703125
0 0.5615234375 0.9521484375 0.046875 0.0732421875
0 0.822265625 0.9541015625 0.029296875 0.0673828125
0 0.7802734375 0.962890625 0.060546875 0.068359375
0 0.59765625 0.962890625 0.0419921875 0.0703125
0 0.69140625 0.966796875 0.041015625 0.060546875
0 0.80078125 0.982421875 0.0390625 0.029296875
0 0.73046875 0.982421875 0.0341796875 0.03125
0 0.7763671875 0.9892578125 0.0283203125 0.017578125