0 0.078125 0.017578125 0.0703125 0.03515625
0 0.029296875 0.1611328125 0.05859375 0.052734375
0 0.3984375 0.134765625 0.111328125 0.103515625
0 0.060546875 0.1923828125 0.1201171875 0.099609375
0 0.123046875 0.01953125 0.044921875 0.0390625
0 0.490234375 0.1748046875 0.0673828125 0.0703125
0 0.529296875 0.1982421875 0.013671875 0.060546875
0 0.51171875 0.205078125 0.048828125 0.0830078125
0 0.025390625 0.041015625 0.0498046875 0.0703125
0 0.1630859375 0.0361328125 0.087890625 0.072265625
0 0.052734375 0.076171875 0.1015625 0.0908203125
0 0.158203125 0.0869140625 0.046875 0.0576171875
0 0.119140625 0.0966796875 0.0673828125 0.0625
0 0.2333984375 0.0810546875 0.0830078125 0.060546875
0 0.193359375 0.1064453125 0.080078125 0.068359375
0 0.361328125 0.0810546875 0.0703125 0.0751953125
0 0.775390625 0.162109375 0.1455078125 0.142578125
0 0.974609375 0.185546875 0.044921875 0.0966796875
0 0.748046875 0.2490234375 0.0673828125 0.0908203125
0 0.9912109375 0.2705078125 0.0126953125 0.0703125
0 0.734375 0.3486328125 0.1328125 0.115234375
0 0.8955078125 0.38671875 0.044921875 0.0390625
0 0.8115234375 0.068359375 0.0908203125 0.1328125
0 0.94921875 0.060546875 0.0625 0.078125
0 0.28515625 0.451171875 0.1279296875 0.087890625
0 0.482421875 0.4541015625 0.099609375 0.0810546875
0 0.2548828125 0.50390625 0.111328125 0.076171875
0 0.3974609375 0.5341796875 0.166015625 0.140625
0 0.201171875 0.62109375 0.1142578125 0.078125
0 0.4794921875 0.59765625 0.0751953125 0.0810546875
0 0.298828125 0.7099609375 0.189453125 0.1796875
0 0.1943359375 0.771484375 0.2451171875 0.212890625
0 0.447265625 0.7548828125 0.177734375 0.3564453125
0 0.291015625 0.9052734375 0.228515625 0.1376953125
0 0.451171875 0.958984375 0.072265625 0.0595703125
0 0.4951171875 0.951171875 0.0830078125 0.09375
0 0.33984375 0.419921875 0.107421875 0.025390625
0 0.576171875 0.470703125 0.076171875 0.123046875
0 0.87890625 0.455078125 0.0751953125 0.09375
0 0.7294921875 0.50390625 0.060546875 0.0859375
0 0.8095703125 0.623046875 0.0888671875 0.1171875
0 0.693359375 0.7197265625 0.1044921875 0.130859375
0 0.939453125 0.7275390625 0.115234375 0.15625
0 0.576171875 0.912109375 0.0751953125 0.169921875
0 0.7841796875 0.9365234375 0.064453125 0.095703125
0 0.955078125 0.94921875 0.087890625 0.0966796875