0 0.6640625 0.017578125 0.0546875 0.03515625
0 0.5869140625 0.068359375 0.240234375 0.13671875
0 0.630859375 0.041015625 0.0673828125 0.0673828125
0 0.552734375 0.05859375 0.1298828125 0.1171875
0 0.689453125 0.0869140625 0.072265625 0.1201171875
0 0.640625 0.189453125 0.169921875 0.2080078125
0 0.6669921875 0.2763671875 0.1171875 0.1689453125
0 0.654296875 0.34765625 0.142578125 0.1513671875
0 0.640625 0.431640625 0.060546875 0.0703125
0 0.705078125 0.4482421875 0.0439453125 0.0361328125
0 0.5888671875 0.4443359375 0.0390625 0.0439453125
0 0.560546875 0.4462890625 0.041015625 0.041015625
0 0.6318359375 0.45703125 0.0673828125 0.0205078125
0 0.767578125 0.03125 0.0517578125 0.0625
0 0.7412109375 0.052734375 0.0263671875 0.048828125
0 0.765625 0.0986328125 0.0263671875 0.029296875
0 0.7919921875 0.1025390625 0.0419921875 0.0419921875
0 0.8115234375 0.1064453125 0.0419921875 0.0595703125
0 0.732421875 0.20703125 0.0078125 0.0341796875
0 0.548828125 0.4755859375 0.052734375 0.013671875
0 0.2861328125 0.568359375 0.388671875 0.2001953125
0 0.1162109375 0.5 0.123046875 0.0625
0 0.634765625 0.560546875 0.095703125 0.111328125
0 0.673828125 0.6689453125 0.078125 0.0888671875
0 0.064453125 0.6220703125 0.12890625 0.216796875
0 0.271484375 0.693359375 0.107421875 0.1123046875
0 0.501953125 0.7509765625 0.236328125 0.2529296875
0 0.0380859375 0.728515625 0.076171875 0.1015625
0 0.677734375 0.869140625 0.0966796875 0.1767578125
0 0.2099609375 0.849609375 0.2294921875 0.2470703125
0 0.623046875 0.966796875 0.056640625 0.060546875
0 0.4462890625 0.9462890625 0.107421875 0.103515625
0 0.96875 0.501953125 0.0576171875 0.0654296875
0 0.859375 0.548828125 0.033203125 0.041015625
0 0.9794921875 0.58203125 0.0361328125 0.0966796875
0 0.9052734375 0.837890625 0.0517578125 0.0908203125
0 0.736328125 0.87890625 0.013671875 0.0654296875
0 0.771484375 0.9423828125 0.0498046875 0.0908203125