0 0.9169921875 0.048828125 0.083984375 0.09765625
0 0.587890625 0.0556640625 0.103515625 0.111328125
0 0.775390625 0.1005859375 0.0986328125 0.1298828125
0 0.978515625 0.173828125 0.0390625 0.15625
0 0.564453125 0.2568359375 0.126953125 0.1875
0 0.7958984375 0.3291015625 0.0576171875 0.09375
0 0.955078125 0.40234375 0.087890625 0.1279296875
0 0.8837890625 0.45703125 0.0361328125 0.0205078125
0 0.658203125 0.4169921875 0.1376953125 0.0986328125
0 0.814453125 0.451171875 0.0625 0.029296875
0 0.365234375 0.740234375 0.048828125 0.029296875
0 0.4716796875 0.751953125 0.0341796875 0.0341796875
0 0.416015625 0.751953125 0.029296875 0.033203125
0 0.37109375 0.8740234375 0.044921875 0.0419921875
0 0.4462890625 0.904296875 0.0517578125 0.0341796875
0 0.337890625 0.9033203125 0.017578125 0.017578125
0 0.3466796875 0.9404296875 0.0498046875 0.0341796875
0 0.25390625 0.978515625 0.0234375 0.025390625
0 0.330078125 0.9912109375 0.041015625 0.0126953125
0 0.6923828125 0.482421875 0.0625 0.029296875
0 0.6669921875 0.486328125 0.0517578125 0.0361328125
0 0.7822265625 0.505859375 0.0498046875 0.064453125
0 0.625 0.521484375 0.087890625 0.1064453125
0 0.87109375 0.533203125 0.029296875 0.0419921875
0 0.751953125 0.5244140625 0.0517578125 0.0546875
0 0.720703125 0.580078125 0.0419921875 0.048828125
0 0.658203125 0.58203125 0.0625 0.0830078125
0 0.734375 0.615234375 0.060546875 0.0751953125
0 0.759765625 0.6337890625 0.0361328125 0.046875
0 0.806640625 0.6611328125 0.03125 0.0439453125
0 0.623046875 0.66015625 0.044921875 0.0654296875
0 0.744140625 0.67578125 0.0517578125 0.0595703125
0 0.6611328125 0.6923828125 0.0859375 0.099609375
0 0.697265625 0.7041015625 0.0546875 0.056640625
0 0.6591796875 0.7529296875 0.0498046875 0.0625
0 0.712890625 0.7841796875 0.0595703125 0.0830078125
0 0.7109375 0.8583984375 0.048828125 0.0595703125