0 0.1640625 0.0615234375 0.0595703125 0.0810546875
0 0.0224609375 0.158203125 0.044921875 0.048828125
0 0.228515625 0.2451171875 0.048828125 0.0625
0 0.03515625 0.265625 0.056640625 0.021484375
0 0.865234375 0.12890625 0.263671875 0.2578125
0 0.5048828125 0.1162109375 0.072265625 0.1376953125
0 0.68359375 0.125 0.083984375 0.1015625
0 0.6669921875 0.1533203125 0.0751953125 0.0810546875
0 0.52734375 0.208984375 0.078125 0.0908203125
0 0.501953125 0.220703125 0.0654296875 0.111328125
0 0.693359375 0.212890625 0.060546875 0.0830078125
0 0.5244140625 0.2607421875 0.0966796875 0.03125
0 0.642578125 0.0537109375 0.119140625 0.107421875
0 0.0537109375 0.4150390625 0.107421875 0.09375
0 0.349609375 0.427734375 0.162109375 0.1455078125
0 0.267578125 0.5048828125 0.400390625 0.4326171875
0 0.048828125 0.5849609375 0.0966796875 0.142578125
0 0.1826171875 0.6982421875 0.216796875 0.1904296875
0 0.0400390625 0.7568359375 0.080078125 0.2265625
0 0.333984375 0.74609375 0.0625 0.0546875
0 0.064453125 0.8076171875 0.12890625 0.119140625
0 0.2763671875 0.873046875 0.236328125 0.240234375
0 0.37109375 0.8525390625 0.1904296875 0.291015625
0 0.1318359375 0.951171875 0.1064453125 0.09375
0 0.169921875 0.3212890625 0.1640625 0.083984375
0 0.4013671875 0.32421875 0.1298828125 0.091796875
0 0.572265625 0.68359375 0.0810546875 0.0498046875
0 0.6103515625 0.6904296875 0.0673828125 0.0390625
0 0.494140625 0.72265625 0.0439453125 0.046875
0 0.603515625 0.75 0.0810546875 0.0390625
0 0.4755859375 0.7861328125 0.013671875 0.029296875
0 0.474609375 0.810546875 0.0126953125 0.0263671875
0 0.7099609375 0.818359375 0.0439453125 0.0341796875
0 0.6904296875 0.8310546875 0.0390625 0.0283203125
0 0.5234375 0.8876953125 0.037109375 0.029296875
0 0.7021484375 0.861328125 0.0390625 0.0341796875
0 0.7109375 0.888671875 0.056640625 0.033203125
0 0.78515625 0.876953125 0.046875 0.0283203125
0 0.7578125 0.9033203125 0.0361328125 0.033203125
0 0.7998046875 0.900390625 0.0234375 0.0263671875
0 0.6748046875 0.9384765625 0.0419921875 0.0341796875
0 0.64453125 0.9453125 0.0498046875 0.029296875
0 0.6435546875 0.958984375 0.03125 0.0234375
0 0.83203125 0.9326171875 0.041015625 0.0341796875
0 0.693359375 0.958984375 0.0390625 0.025390625
0 0.544921875 0.9892578125 0.041015625 0.017578125
0 0.830078125 0.9482421875 0.044921875 0.033203125
0 0.744140625 0.9658203125 0.0498046875 0.033203125
0 0.791015625 0.9677734375 0.029296875 0.0283203125
0 0.7197265625 0.9814453125 0.0439453125 0.0341796875
0 0.685546875 0.986328125 0.0595703125 0.021484375
0 0.828125 0.9892578125 0.0361328125 0.017578125