0 0.4912109375 0.18359375 0.0546875 0.0546875
0 0.228515625 0.1962890625 0.427734375 0.392578125
0 0.685546875 0.2880859375 0.0830078125 0.177734375
0 0.0625 0.1767578125 0.125 0.130859375
0 0.564453125 0.29296875 0.1064453125 0.115234375
0 0.693359375 0.4150390625 0.0654296875 0.0654296875
0 0.591796875 0.404296875 0.087890625 0.091796875
0 0.03125 0.326171875 0.0625 0.2216796875
0 0.1884765625 0.4072265625 0.119140625 0.1171875
0 0.4111328125 0.421875 0.263671875 0.1513671875
0 0.1162109375 0.46484375 0.232421875 0.0654296875
0 0.619140625 0.005859375 0.05859375 0.01171875
0 0.6083984375 0.091796875 0.232421875 0.18359375
0 0.080078125 0.0205078125 0.1455078125 0.041015625
0 0.8359375 0.365234375 0.0625 0.0439453125
0 0.98046875 0.408203125 0.0341796875 0.0625
0 0.8857421875 0.021484375 0.056640625 0.04296875
0 0.986328125 0.048828125 0.021484375 0.048828125
0 0.91796875 0.0703125 0.0810546875 0.0498046875
0 0.916015625 0.091796875 0.0498046875 0.041015625
0 0.8447265625 0.091796875 0.041015625 0.0361328125
0 0.970703125 0.126953125 0.052734375 0.044921875
0 0.8349609375 0.171875 0.068359375 0.046875
0 0.9775390625 0.2451171875 0.041015625 0.076171875
0 0.865234375 0.232421875 0.048828125 0.048828125
0 0.970703125 0.30859375 0.056640625 0.0703125
0 0.857421875 0.2861328125 0.044921875 0.046875
0 0.90625 0.314453125 0.0673828125 0.060546875
0 0.8330078125 0.330078125 0.0986328125 0.048828125
0 0.982421875 0.37890625 0.03125 0.044921875
0 0.037109375 0.943359375 0.07421875 0.10546875
0 0.126953125 0.947265625 0.166015625 0.1015625
0 0.705078125 0.623046875 0.0439453125 0.037109375
0 0.697265625 0.671875 0.0576171875 0.056640625
0 0.6416015625 0.7109375 0.1044921875 0.099609375
0 0.607421875 0.869140625 0.0986328125 0.0732421875
0 0.5205078125 0.8984375 0.078125 0.060546875
0 0.6943359375 0.9462890625 0.0625 0.09375
0 0.701171875 0.54296875 0.0517578125 0.0673828125
0 0.4443359375 0.95703125 0.1015625 0.0830078125
0 0.6337890625 0.970703125 0.1845703125 0.056640625
0 0.6513671875 0.541015625 0.0830078125 0.0830078125
0 0.322265625 0.97265625 0.0859375 0.0517578125
0 0.7890625 0.7666015625 0.0263671875 0.0419921875
0 0.880859375 0.8076171875 0.056640625 0.0576171875
0 0.8076171875 0.794921875 0.0439453125 0.0810546875
0 0.986328125 0.87890625 0.025390625 0.060546875
0 0.9619140625 0.873046875 0.048828125 0.052734375
0 0.818359375 0.85546875 0.0546875 0.0908203125
0 0.9775390625 0.908203125 0.041015625 0.056640625
0 0.919921875 0.8974609375 0.046875 0.080078125
0 0.8193359375 0.9248046875 0.0341796875 0.056640625
0 0.9306640625 0.958984375 0.048828125 0.0673828125
0 0.98046875 0.982421875 0.0341796875 0.03125
0 0.810546875 0.958984375 0.052734375 0.072265625
0 0.8486328125 0.9638671875 0.0576171875 0.0673828125
0 0.8818359375 0.974609375 0.052734375 0.044921875
0 0.9736328125 0.9892578125 0.048828125 0.017578125