0 0.3544921875 0.2578125 0.046875 0.041015625
0 0.3525390625 0.294921875 0.046875 0.037109375
0 0.2978515625 0.3525390625 0.0576171875 0.060546875
0 0.013671875 0.296875 0.0263671875 0.0703125
0 0.1533203125 0.349609375 0.056640625 0.0703125
0 0.013671875 0.326171875 0.02734375 0.08984375
0 0.38671875 0.419921875 0.052734375 0.0673828125
0 0.4267578125 0.4462890625 0.041015625 0.169921875
0 0.21484375 0.439453125 0.0595703125 0.048828125
0 0.3828125 0.4775390625 0.0546875 0.0498046875
0 0.392578125 0.4853515625 0.0546875 0.052734375
0 0.267578125 0.46875 0.0751953125 0.0732421875
0 0.412109375 0.53125 0.0703125 0.076171875
0 0.0576171875 0.568359375 0.0576171875 0.056640625
0 0.01953125 0.58203125 0.0390625 0.029296875
0 0.154296875 0.578125 0.119140625 0.0361328125
0 0.8515625 0.2216796875 0.048828125 0.041015625
0 0.9609375 0.251953125 0.0517578125 0.0439453125
0 0.740234375 0.232421875 0.0576171875 0.041015625
0 0.833984375 0.2509765625 0.0498046875 0.044921875
0 0.712890625 0.2373046875 0.0517578125 0.0390625
0 0.677734375 0.2392578125 0.046875 0.044921875
0 0.9208984375 0.298828125 0.0390625 0.0361328125
0 0.4990234375 0.2275390625 0.056640625 0.0361328125
0 0.466796875 0.232421875 0.0341796875 0.048828125
0 0.837890625 0.3203125 0.0498046875 0.0263671875
0 0.896484375 0.35546875 0.0390625 0.033203125
0 0.8525390625 0.3564453125 0.041015625 0.03125
0 0.5380859375 0.310546875 0.046875 0.033203125
0 0.9599609375 0.416015625 0.0361328125 0.0263671875
0 0.87109375 0.416015625 0.044921875 0.0283203125
0 0.6669921875 0.3818359375 0.0517578125 0.0341796875
0 0.787109375 0.412109375 0.041015625 0.03125
0 0.6494140625 0.388671875 0.0283203125 0.0283203125
0 0.818359375 0.427734375 0.056640625 0.0390625
0 0.931640625 0.44921875 0.0361328125 0.033203125
0 0.890625 0.443359375 0.0361328125 0.0263671875
0 0.6328125 0.3984375 0.03125 0.0234375
0 0.568359375 0.388671875 0.044921875 0.0283203125
0 0.982421875 0.466796875 0.03125 0.025390625
0 0.591796875 0.4091796875 0.0361328125 0.0263671875
0 0.8916015625 0.474609375 0.0439453125 0.03125
0 0.595703125 0.4287109375 0.033203125 0.0205078125
0 0.8720703125 0.484375 0.0185546875 0.017578125
0 0.765625 0.478515625 0.056640625 0.0439453125
0 0.6591796875 0.462890625 0.0361328125 0.0263671875
0 0.46484375 0.4638671875 0.03125 0.0576171875
0 0.251953125 0.685546875 0.1123046875 0.166015625
0 0.2236328125 0.798828125 0.447265625 0.400390625
0 0.1923828125 0.791015625 0.099609375 0.154296875