0 0.203125 0.455078125 0.2138671875 0.0625
0 0.091796875 0.076171875 0.18359375 0.15234375
0 0.5419921875 0.0107421875 0.09375 0.021484375
0 0.5576171875 0.068359375 0.212890625 0.13671875
0 0.390625 0.1142578125 0.267578125 0.228515625
0 0.2373046875 0.1982421875 0.1767578125 0.2001953125
0 0.61328125 0.126953125 0.1064453125 0.251953125
0 0.345703125 0.3076171875 0.1328125 0.158203125
0 0.1103515625 0.4111328125 0.111328125 0.1015625
0 0.0400390625 0.4599609375 0.080078125 0.0517578125
0 0.36328125 0.396484375 0.2265625 0.177734375
0 0.548828125 0.365234375 0.232421875 0.240234375
0 0.748046875 0.052734375 0.0673828125 0.0576171875
0 0.736328125 0.19921875 0.0341796875 0.0341796875
0 0.775390625 0.1884765625 0.046875 0.0341796875
0 0.6123046875 0.572265625 0.0517578125 0.0830078125
0 0.3701171875 0.701171875 0.4326171875 0.4267578125
0 0.1123046875 0.802734375 0.0859375 0.107421875
0 0.0966796875 0.833984375 0.078125 0.087890625
0 0.1259765625 0.888671875 0.064453125 0.0888671875
0 0.64453125 0.79296875 0.0439453125 0.1640625
0 0.369140625 0.94921875 0.103515625 0.0966796875
0 0.5048828125 0.908203125 0.173828125 0.181640625
0 0.548828125 0.9296875 0.064453125 0.0859375
0 0.576171875 0.5 0.0673828125 0.025390625
0 0.578125 0.529296875 0.0751953125 0.0830078125
0 0.6064453125 0.5361328125 0.0390625 0.0439453125
0 0.0732421875 0.7294921875 0.1171875 0.1328125
0 0.80078125 0.755859375 0.154296875 0.150390625
0 0.7119140625 0.8837890625 0.0859375 0.228515625
0 0.9580078125 0.8642578125 0.080078125 0.142578125
0 0.84765625 0.9482421875 0.083984375 0.0986328125
0 0.8232421875 0.97265625 0.080078125 0.0517578125
0 0.962890625 0.955078125 0.0703125 0.083984375
0 0.8544921875 0.982421875 0.083984375 0.03125
0 0.9326171875 0.54296875 0.1298828125 0.111328125
0 0.84375 0.583984375 0.1875 0.171875
0 0.7373046875 0.6787109375 0.099609375 0.107421875
0 0.923828125 0.623046875 0.150390625 0.142578125