0 0.23046875 0.09375 0.134765625 0.115234375
0 0.1201171875 0.16015625 0.1298828125 0.09375
0 0.3125 0.12890625 0.140625 0.142578125
0 0.45703125 0.111328125 0.1015625 0.087890625
0 0.080078125 0.30078125 0.1591796875 0.1826171875
0 0.306640625 0.267578125 0.193359375 0.1328125
0 0.140625 0.435546875 0.123046875 0.0830078125
0 0.3486328125 0.3388671875 0.3173828125 0.275390625
0 0.482421875 0.0244140625 0.0517578125 0.048828125
0 0.58984375 0.4462890625 0.1611328125 0.060546875
0 0.5888671875 0.126953125 0.1591796875 0.2451171875
0 0.8203125 0.1806640625 0.216796875 0.201171875
0 0.8125 0.3525390625 0.240234375 0.2392578125
0 0.9306640625 0.3125 0.134765625 0.3173828125
0 0.111328125 0.732421875 0.0576171875 0.056640625
0 0.439453125 0.65625 0.056640625 0.0673828125
0 0.34765625 0.7080078125 0.1142578125 0.103515625
0 0.486328125 0.671875 0.041015625 0.0654296875
0 0.4462890625 0.6923828125 0.0673828125 0.0673828125
0 0.123046875 0.8125 0.048828125 0.052734375
0 0.185546875 0.873046875 0.0439453125 0.0517578125
0 0.0791015625 0.908203125 0.076171875 0.0673828125
0 0.3623046875 0.845703125 0.0341796875 0.0390625
0 0.3837890625 0.86328125 0.046875 0.052734375
0 0.1181640625 0.951171875 0.052734375 0.0517578125
0 0.375 0.931640625 0.0625 0.0517578125
0 0.09375 0.986328125 0.0966796875 0.025390625
0 0.466796875 0.490234375 0.044921875 0.025390625
0 0.380859375 0.533203125 0.083984375 0.083984375
0 0.4775390625 0.513671875 0.060546875 0.072265625
0 0.146484375 0.638671875 0.0517578125 0.0576171875
0 0.3876953125 0.6357421875 0.0625 0.0654296875
0 0.91796875 0.544921875 0.111328125 0.09375
0 0.8056640625 0.580078125 0.1064453125 0.142578125
0 0.685546875 0.6142578125 0.1591796875 0.1513671875
0 0.59375 0.64453125 0.1201171875 0.125
0 0.9248046875 0.587890625 0.1201171875 0.080078125
0 0.740234375 0.654296875 0.0908203125 0.119140625
0 0.7861328125 0.6513671875 0.0673828125 0.0859375
0 0.8515625 0.634765625 0.083984375 0.1201171875
0 0.638671875 0.6982421875 0.0986328125 0.107421875
0 0.724609375 0.7099609375 0.095703125 0.107421875
0 0.564453125 0.7607421875 0.107421875 0.1376953125
0 0.8076171875 0.7275390625 0.076171875 0.0888671875
0 0.609375 0.783203125 0.0703125 0.09375
0 0.900390625 0.72265625 0.0888671875 0.0986328125
0 0.6865234375 0.7880859375 0.09375 0.111328125
0 0.892578125 0.779296875 0.091796875 0.107421875
0 0.978515625 0.751953125 0.0390625 0.119140625
0 0.529296875 0.90234375 0.0390625 0.1142578125
0 0.9541015625 0.78515625 0.072265625 0.0888671875
0 0.6015625 0.9130859375 0.087890625 0.1064453125
0 0.5556640625 0.927734375 0.072265625 0.091796875
0 0.7626953125 0.875 0.0830078125 0.111328125
0 0.9482421875 0.8525390625 0.0986328125 0.1513671875
0 0.822265625 0.90625 0.0830078125 0.1064453125
0 0.546875 0.982421875 0.0751953125 0.03125
0 0.9326171875 0.9482421875 0.0830078125 0.103515625
0 0.982421875 0.92578125 0.029296875 0.1298828125