0 0.3037109375 0.2568359375 0.0732421875 0.0673828125
0 0.568359375 0.2763671875 0.1376953125 0.2890625
0 0.12109375 0.294921875 0.228515625 0.1904296875
0 0.4169921875 0.373046875 0.146484375 0.1357421875
0 0.423828125 0.0625 0.1953125 0.125
0 0.19140625 0.0869140625 0.2578125 0.173828125
0 0.544921875 0.1279296875 0.0625 0.0830078125
0 0.2734375 0.1337890625 0.1435546875 0.1669921875
0 0.0732421875 0.220703125 0.146484375 0.166015625
0 0.462890625 0.234375 0.2001953125 0.1748046875
0 0.669921875 0.2353515625 0.037109375 0.0625
0 0.935546875 0.255859375 0.015625 0.033203125
0 0.654296875 0.25 0.03125 0.0673828125
0 0.8779296875 0.263671875 0.029296875 0.0419921875
0 0.7158203125 0.271484375 0.033203125 0.056640625
0 0.919921875 0.3095703125 0.0283203125 0.0419921875
0 0.7021484375 0.3076171875 0.0341796875 0.0390625
0 0.908203125 0.32421875 0.0234375 0.046875
0 0.662109375 0.337890625 0.044921875 0.0517578125
0 0.7060546875 0.341796875 0.0361328125 0.044921875
0 0.8876953125 0.3642578125 0.025390625 0.044921875
0 0.8359375 0.37109375 0.0234375 0.0361328125
0 0.900390625 0.388671875 0.021484375 0.0283203125
0 0.84765625 0.388671875 0.033203125 0.0439453125
0 0.689453125 0.408203125 0.0361328125 0.0439453125
0 0.65234375 0.451171875 0.0263671875 0.03125
0 0.8388671875 0.458984375 0.029296875 0.0341796875
0 0.6611328125 0.470703125 0.0341796875 0.0126953125
0 0.865234375 0.07421875 0.025390625 0.046875
0 0.6845703125 0.0947265625 0.0185546875 0.0390625
0 0.896484375 0.1171875 0.029296875 0.048828125
0 0.8671875 0.138671875 0.033203125 0.044921875
0 0.69140625 0.1435546875 0.021484375 0.0283203125
0 0.88671875 0.162109375 0.033203125 0.0595703125
0 0.6611328125 0.181640625 0.037109375 0.0654296875
0 0.90234375 0.212890625 0.029296875 0.0546875
0 0.37890625 0.857421875 0.1298828125 0.1611328125
0 0.05859375 0.8720703125 0.1171875 0.1533203125
0 0.5234375 0.912109375 0.0625 0.072265625
0 0.1826171875 0.9052734375 0.091796875 0.099609375
0 0.548828125 0.5244140625 0.1298828125 0.091796875
0 0.24609375 0.5849609375 0.3642578125 0.2138671875
0 0.626953125 0.59375 0.0205078125 0.091796875
0 0.1044921875 0.623046875 0.208984375 0.2841796875
0 0.451171875 0.64453125 0.134765625 0.1640625
0 0.2275390625 0.6591796875 0.158203125 0.15625
0 0.337890625 0.720703125 0.0888671875 0.1201171875
0 0.2177734375 0.7412109375 0.1142578125 0.1171875
0 0.578125 0.7724609375 0.119140625 0.208984375
0 0.908203125 0.515625 0.0625 0.0751953125
0 0.8798828125 0.5341796875 0.0576171875 0.078125