0 0.3359375 0.37890625 0.046875 0.041015625
0 0.380859375 0.404296875 0.037109375 0.041015625
0 0.087890625 0.3623046875 0.0751953125 0.0673828125
0 0.3876953125 0.376953125 0.0546875 0.0341796875
0 0.79296875 0.19921875 0.037109375 0.052734375
0 0.9599609375 0.2392578125 0.044921875 0.0498046875
0 0.982421875 0.24609375 0.03125 0.060546875
0 0.8017578125 0.2333984375 0.0498046875 0.0673828125
0 0.935546875 0.296875 0.0498046875 0.080078125
0 0.830078125 0.353515625 0.107421875 0.1455078125
0 0.64453125 0.041015625 0.1142578125 0.0810546875
0 0.9794921875 0.1201171875 0.0361328125 0.072265625
0 0.7724609375 0.09375 0.0498046875 0.0576171875
0 0.890625 0.15234375 0.041015625 0.0595703125
0 0.748046875 0.15234375 0.041015625 0.0654296875
0 0.169921875 0.4775390625 0.0625 0.0751953125
0 0.5537109375 0.5576171875 0.0654296875 0.138671875
0 0.3984375 0.546875 0.095703125 0.1142578125
0 0.078125 0.5654296875 0.0654296875 0.091796875
0 0.396484375 0.6435546875 0.078125 0.095703125
0 0.119140625 0.6279296875 0.0703125 0.091796875
0 0.357421875 0.677734375 0.072265625 0.0810546875
0 0.29296875 0.671875 0.052734375 0.080078125
0 0.220703125 0.728515625 0.0625 0.087890625
0 0.341796875 0.7607421875 0.052734375 0.0751953125
0 0.306640625 0.755859375 0.0703125 0.087890625
0 0.400390625 0.822265625 0.095703125 0.1298828125
0 0.490234375 0.8818359375 0.0859375 0.111328125
0 0.171875 0.8369140625 0.0498046875 0.078125
0 0.48046875 0.9423828125 0.046875 0.052734375
0 0.44140625 0.951171875 0.060546875 0.0908203125
0 0.0263671875 0.900390625 0.052734375 0.0703125
0 0.146484375 0.919921875 0.1455078125 0.15625
0 0.4287109375 0.986328125 0.1328125 0.025390625
0 0.6787109375 0.677734375 0.0595703125 0.083984375
0 0.6494140625 0.8701171875 0.046875 0.072265625
0 0.5986328125 0.8994140625 0.0205078125 0.052734375
0 0.6455078125 0.9365234375 0.0498046875 0.0517578125
0 0.619140625 0.951171875 0.046875 0.056640625