0 0.2568359375 0.216796875 0.0205078125 0.154296875
0 0.197265625 0.244140625 0.1201171875 0.1298828125
0 0.201171875 0.4248046875 0.048828125 0.0419921875
0 0.2333984375 0.560546875 0.0439453125 0.064453125
0 0.203125 0.6025390625 0.0517578125 0.0517578125
0 0.75390625 0.0625 0.046875 0.0966796875
0 0.7744140625 0.0830078125 0.0625 0.0546875
0 0.8046875 0.08203125 0.0419921875 0.0576171875
0 0.720703125 0.130859375 0.0439453125 0.0546875
0 0.927734375 0.1064453125 0.056640625 0.068359375
0 0.6923828125 0.1396484375 0.0439453125 0.087890625
0 0.6552734375 0.181640625 0.1142578125 0.158203125
0 0.595703125 0.2080078125 0.0439453125 0.103515625
0 0.556640625 0.251953125 0.0654296875 0.1064453125
0 0.470703125 0.306640625 0.080078125 0.109375
0 0.912109375 0.3046875 0.044921875 0.0751953125
0 0.5068359375 0.4365234375 0.0439453125 0.056640625
0 0.5966796875 0.5263671875 0.0390625 0.0830078125
0 0.0693359375 0.6611328125 0.0576171875 0.0625
0 0.072265625 0.7197265625 0.0595703125 0.078125
0 0.123046875 0.76953125 0.041015625 0.0439453125
0 0.076171875 0.7900390625 0.0361328125 0.056640625
0 0.2392578125 0.7705078125 0.056640625 0.0703125
0 0.1201171875 0.802734375 0.0439453125 0.048828125
0 0.029296875 0.83203125 0.0390625 0.052734375
0 0.0556640625 0.841796875 0.048828125 0.0595703125
0 0.017578125 0.8505859375 0.0341796875 0.076171875
0 0.248046875 0.8232421875 0.0390625 0.0654296875
0 0.154296875 0.841796875 0.041015625 0.0439453125
0 0.060546875 0.927734375 0.048828125 0.056640625
0 0.1181640625 0.9287109375 0.0390625 0.0419921875
0 0.05078125 0.9521484375 0.0439453125 0.048828125
0 0.1162109375 0.95703125 0.0361328125 0.0439453125
0 0.1650390625 0.966796875 0.060546875 0.0625
0 0.083984375 0.9794921875 0.048828125 0.0361328125
0 0.11328125 0.986328125 0.029296875 0.025390625
0 0.5830078125 0.64453125 0.0546875 0.029296875
0 0.7099609375 0.638671875 0.044921875 0.0205078125
0 0.67578125 0.6455078125 0.0625 0.03125
0 0.783203125 0.671875 0.0830078125 0.083984375
0 0.8857421875 0.681640625 0.0751953125 0.103515625
0 0.5634765625 0.734375 0.0390625 0.0751953125
0 0.892578125 0.740234375 0.041015625 0.048828125
0 0.859375 0.759765625 0.0498046875 0.0830078125
0 0.3193359375 0.84375 0.0625 0.0966796875
0 0.431640625 0.8369140625 0.046875 0.064453125
0 0.5615234375 0.833984375 0.1201171875 0.171875
0 0.8681640625 0.841796875 0.115234375 0.107421875