0 0.1630859375 0.2724609375 0.326171875 0.544921875
0 0.31640625 0.7138671875 0.021484375 0.0439453125
0 0.1044921875 0.76171875 0.0361328125 0.046875
0 0.1357421875 0.802734375 0.046875 0.0673828125
0 0.033203125 0.9609375 0.033203125 0.033203125
0 0.6005859375 0.5517578125 0.048828125 0.0078125
0 0.630859375 0.5556640625 0.0361328125 0.013671875
0 0.6416015625 0.5654296875 0.03125 0.0205078125
0 0.818359375 0.5625 0.056640625 0.029296875
0 0.708984375 0.5751953125 0.0361328125 0.025390625
0 0.4658203125 0.6201171875 0.076171875 0.0341796875
0 0.505859375 0.65234375 0.0654296875 0.0546875
0 0.853515625 0.7109375 0.046875 0.0283203125
0 0.8994140625 0.7021484375 0.0283203125 0.0390625
0 0.4716796875 0.787109375 0.03125 0.0341796875
0 0.853515625 0.724609375 0.041015625 0.03125
0 0.8759765625 0.7333984375 0.041015625 0.0361328125
0 0.9296875 0.74609375 0.037109375 0.0361328125
0 0.5087890625 0.822265625 0.0517578125 0.048828125
0 0.966796875 0.830078125 0.041015625 0.041015625