0 0.16015625 0.388671875 0.0810546875 0.0703125
0 0.421875 0.4599609375 0.1904296875 0.291015625
0 0.05078125 0.396484375 0.1015625 0.2080078125
0 0.25 0.5234375 0.162109375 0.1435546875
0 0.3876953125 0.150390625 0.255859375 0.2998046875
0 0.236328125 0.048828125 0.1689453125 0.0966796875
0 0.3203125 0.19140625 0.212890625 0.185546875
0 0.1162109375 0.166015625 0.232421875 0.259765625
0 0.4208984375 0.302734375 0.0732421875 0.0859375
0 0.1533203125 0.26171875 0.162109375 0.173828125
0 0.322265625 0.392578125 0.220703125 0.185546875
0 0.6484375 0.2626953125 0.052734375 0.0390625
0 0.9130859375 0.3212890625 0.048828125 0.0419921875
0 0.9912109375 0.345703125 0.0126953125 0.044921875
0 0.5625 0.26953125 0.052734375 0.0595703125
0 0.7412109375 0.310546875 0.0703125 0.0546875
0 0.7978515625 0.326171875 0.048828125 0.037109375
0 0.607421875 0.2900390625 0.0751953125 0.060546875
0 0.908203125 0.361328125 0.052734375 0.046875
0 0.8505859375 0.3564453125 0.048828125 0.048828125
0 0.888671875 0.3935546875 0.060546875 0.0517578125
0 0.681640625 0.365234375 0.0859375 0.076171875
0 0.9306640625 0.4189453125 0.048828125 0.0439453125
0 0.982421875 0.47265625 0.03125 0.060546875
0 0.783203125 0.4326171875 0.0859375 0.0830078125
0 0.8974609375 0.490234375 0.0986328125 0.095703125
0 0.73828125 0.466796875 0.0830078125 0.0673828125
0 0.603515625 0.4453125 0.0810546875 0.078125
0 0.658203125 0.498046875 0.0517578125 0.0439453125
0 0.5537109375 0.5 0.0703125 0.052734375
0 0.59375 0.548828125 0.078125 0.0595703125
0 0.5380859375 0.5712890625 0.0390625 0.0703125
0 0.9580078125 0.138671875 0.080078125 0.1064453125
0 0.751953125 0.1533203125 0.048828125 0.0517578125
0 0.9736328125 0.220703125 0.048828125 0.060546875
0 0.8447265625 0.2021484375 0.0654296875 0.048828125
0 0.74609375 0.201171875 0.060546875 0.0517578125
0 0.9150390625 0.2373046875 0.0751953125 0.060546875
0 0.623046875 0.212890625 0.048828125 0.041015625
0 0.8544921875 0.267578125 0.041015625 0.0439453125
0 0.744140625 0.2607421875 0.0703125 0.056640625
0 0.951171875 0.3115234375 0.0283203125 0.0419921875
0 0.8701171875 0.2939453125 0.0576171875 0.048828125
0 0.5068359375 0.724609375 0.0205078125 0.0654296875
0 0.2900390625 0.7451171875 0.0419921875 0.0576171875
0 0.2421875 0.767578125 0.0517578125 0.0830078125
0 0.2490234375 0.80078125 0.0419921875 0.0576171875
0 0.498046875 0.859375 0.0390625 0.142578125
0 0.3779296875 0.896484375 0.0595703125 0.0830078125
0 0.3564453125 0.9482421875 0.029296875 0.0654296875
0 0.3740234375 0.9677734375 0.0361328125 0.056640625
0 0.369140625 0.986328125 0.0361328125 0.025390625
0 0.455078125 0.619140625 0.0439453125 0.021484375
0 0.7392578125 0.9423828125 0.15625 0.111328125
0 0.86328125 0.982421875 0.1064453125 0.029296875
0 0.59375 0.9638671875 0.087890625 0.0673828125
0 0.8974609375 0.720703125 0.2001953125 0.2236328125
0 0.669921875 0.66015625 0.232421875 0.103515625
0 0.830078125 0.740234375 0.2705078125 0.263671875
0 0.931640625 0.7861328125 0.1328125 0.1689453125
0 0.6416015625 0.75390625 0.1142578125 0.099609375
0 0.5361328125 0.748046875 0.0341796875 0.107421875
0 0.927734375 0.865234375 0.126953125 0.125
0 0.666015625 0.8740234375 0.048828125 0.060546875
0 0.560546875 0.873046875 0.083984375 0.1376953125