0 0.015625 0.0068359375 0.03125 0.013671875
0 0.30859375 0.0068359375 0.0517578125 0.013671875
0 0.0654296875 0.029296875 0.048828125 0.05859375
0 0.087890625 0.16015625 0.0498046875 0.056640625
0 0.3759765625 0.119140625 0.0751953125 0.095703125
0 0.3515625 0.1533203125 0.0546875 0.060546875
0 0.1171875 0.23828125 0.052734375 0.064453125
0 0.310546875 0.2607421875 0.0390625 0.046875
0 0.3828125 0.2607421875 0.0498046875 0.046875
0 0.41015625 0.283203125 0.037109375 0.048828125
0 0.908203125 0.146484375 0.048828125 0.078125
0 0.7216796875 0.158203125 0.287109375 0.31640625
0 0.875 0.0068359375 0.1015625 0.013671875
0 0.896484375 0.037109375 0.0625 0.07421875
0 0.8876953125 0.09375 0.0673828125 0.0732421875
0 0.9130859375 0.1083984375 0.0390625 0.0390625
0 0.388671875 0.3701171875 0.1611328125 0.1015625
0 0.27734375 0.4189453125 0.1376953125 0.0986328125
0 0.033203125 0.6865234375 0.06640625 0.119140625
0 0.1982421875 0.78515625 0.123046875 0.1484375
0 0.466796875 0.873046875 0.177734375 0.1826171875
0 0.337890625 0.94921875 0.1142578125 0.0966796875
0 0.205078125 0.3486328125 0.138671875 0.0576171875
0 0.615234375 0.337890625 0.072265625 0.0361328125
0 0.79296875 0.3330078125 0.1455078125 0.0263671875
0 0.603515625 0.4462890625 0.048828125 0.09375
0 0.61328125 0.5576171875 0.0673828125 0.0908203125
0 0.634765625 0.5859375 0.046875 0.056640625
0 0.681640625 0.5888671875 0.0751953125 0.087890625
0 0.611328125 0.61328125 0.0625 0.087890625