0 0.62890625 0.267578125 0.056640625 0.083984375
0 0.6279296875 0.541015625 0.052734375 0.087890625
0 0.431640625 0.5751953125 0.060546875 0.0859375
0 0.4755859375 0.6591796875 0.0546875 0.0654296875
0 0.3046875 0.6806640625 0.0830078125 0.0986328125
0 0.38671875 0.3076171875 0.0283203125 0.0439453125
0 0.470703125 0.326171875 0.033203125 0.046875
0 0.453125 0.384765625 0.0205078125 0.0283203125
0 0.515625 0.46875 0.025390625 0.044921875
0 0.4912109375 0.44140625 0.025390625 0.037109375
0 0.5068359375 0.4248046875 0.0185546875 0.0263671875
0 0.53125 0.404296875 0.025390625 0.041015625
0 0.564453125 0.3486328125 0.0283203125 0.046875
0 0.4619140625 0.232421875 0.052734375 0.080078125
0 0.470703125 0.203125 0.046875 0.0673828125
0 0.6591796875 0.4296875 0.0439453125 0.0859375
0 0.6279296875 0.4404296875 0.041015625 0.052734375
0 0.6044921875 0.3935546875 0.041015625 0.068359375
0 0.564453125 0.388671875 0.025390625 0.0361328125
0 0.4873046875 0.408203125 0.025390625 0.0341796875
0 0.486328125 0.3779296875 0.0185546875 0.041015625
0 0.5009765625 0.37890625 0.0234375 0.037109375
0 0.537109375 0.515625 0.0126953125 0.0205078125
0 0.556640625 0.578125 0.0126953125 0.0205078125
0 0.580078125 0.580078125 0.015625 0.0263671875
0 0.529296875 0.5869140625 0.0126953125 0.0205078125
0 0.55078125 0.6337890625 0.015625 0.0263671875
0 0.541015625 0.599609375 0.0185546875 0.0283203125
0 0.2919921875 0.5361328125 0.017578125 0.0234375
0 0.798828125 0.470703125 0.0126953125 0.0205078125
0 0.796875 0.4462890625 0.0126953125 0.015625
0 0.830078125 0.5244140625 0.013671875 0.0205078125
0 0.720703125 0.7353515625 0.0126953125 0.0205078125
0 0.884765625 0.9111328125 0.015625 0.0263671875
0 0.83203125 0.951171875 0.013671875 0.0234375
0 0.8935546875 0.8466796875 0.0126953125 0.021484375
0 0.404296875 0.763671875 0.013671875 0.0205078125
0 0.455078125 0.818359375 0.0107421875 0.015625
0 0.3642578125 0.716796875 0.0107421875 0.017578125
0 0.384765625 0.6962890625 0.009765625 0.015625
0 0.388671875 0.7412109375 0.009765625 0.015625
0 0.5419921875 0.484375 0.021484375 0.0283203125
0 0.572265625 0.482421875 0.0498046875 0.0595703125
0 0.5576171875 0.5634765625 0.0126953125 0.0205078125
0 0.5634765625 0.544921875 0.017578125 0.0205078125
0 0.560546875 0.52734375 0.0234375 0.0283203125
0 0.57421875 0.51953125 0.015625 0.021484375
0 0.2373046875 0.5595703125 0.0126953125 0.015625
0 0.171875 0.830078125 0.0126953125 0.021484375
0 0.318359375 0.7841796875 0.013671875 0.0205078125
0 0.2783203125 0.7626953125 0.0107421875 0.0205078125