0 0.7646484375 0.892578125 0.1455078125 0.1015625
0 0.1875 0.1142578125 0.154296875 0.2001953125
0 0.75390625 0.115234375 0.046875 0.087890625
0 0.31640625 0.12109375 0.1376953125 0.185546875
0 0.923828125 0.134765625 0.0751953125 0.1298828125
0 0.0732421875 0.2294921875 0.142578125 0.244140625
0 0.4111328125 0.263671875 0.201171875 0.259765625
0 0.091796875 0.4033203125 0.107421875 0.1298828125
0 0.6376953125 0.43359375 0.0830078125 0.1513671875
0 0.0947265625 0.5244140625 0.1123046875 0.1201171875
0 0.505859375 0.0546875 0.0546875 0.060546875
0 0.0283203125 0.60546875 0.056640625 0.0966796875
0 0.091796875 0.615234375 0.0888671875 0.130859375
0 0.568359375 0.619140625 0.09375 0.1767578125
0 0.47265625 0.623046875 0.15625 0.2216796875
0 0.939453125 0.6435546875 0.056640625 0.1142578125
0 0.81640625 0.6474609375 0.134765625 0.205078125
0 0.228515625 0.658203125 0.0830078125 0.076171875
0 0.291015625 0.6572265625 0.0517578125 0.0986328125
0 0.169921875 0.689453125 0.119140625 0.1044921875
0 0.662109375 0.7578125 0.099609375 0.1220703125
0 0.0576171875 0.8056640625 0.1015625 0.087890625
0 0.732421875 0.8115234375 0.072265625 0.1044921875