0 0.1142578125 0.248046875 0.0498046875 0.0341796875
0 0.0732421875 0.287109375 0.083984375 0.0517578125
0 0.015625 0.306640625 0.03125 0.033203125
0 0.146484375 0.3232421875 0.056640625 0.0751953125
0 0.017578125 0.3388671875 0.03515625 0.025390625
0 0.0205078125 0.3828125 0.0361328125 0.044921875
0 0.158203125 0.43359375 0.056640625 0.044921875
0 0.2109375 0.4365234375 0.076171875 0.0654296875
0 0.25 0.4765625 0.0439453125 0.0498046875
0 0.1728515625 0.474609375 0.056640625 0.0595703125
0 0.349609375 0.5380859375 0.0517578125 0.0517578125
0 0.9013671875 0.0556640625 0.087890625 0.111328125
0 0.9462890625 0.181640625 0.0703125 0.1376953125
0 0.958984375 0.345703125 0.037109375 0.0673828125
0 0.4833984375 0.349609375 0.0361328125 0.064453125
0 0.935546875 0.42578125 0.029296875 0.0498046875
0 0.943359375 0.490234375 0.0263671875 0.0498046875
0 0.4208984375 0.4736328125 0.048828125 0.0859375
0 0.193359375 0.75390625 0.38671875 0.37109375