0 0.1650390625 0.3232421875 0.330078125 0.646484375
0 0.767578125 0.1376953125 0.0751953125 0.091796875
0 0.44921875 0.107421875 0.1640625 0.2138671875
0 0.830078125 0.216796875 0.0654296875 0.0830078125
0 0.873046875 0.3515625 0.072265625 0.0732421875
0 0.9267578125 0.396484375 0.0703125 0.0751953125
0 0.9892578125 0.51953125 0.017578125 0.115234375
0 0.880859375 0.4951171875 0.1064453125 0.111328125
0 0.7197265625 0.4599609375 0.0595703125 0.0751953125
0 0.693359375 0.46484375 0.080078125 0.091796875
0 0.7587890625 0.4931640625 0.0546875 0.087890625
0 0.8212890625 0.5771484375 0.080078125 0.1015625
0 0.9111328125 0.626953125 0.072265625 0.041015625
0 0.5830078125 0.54296875 0.1904296875 0.2080078125
0 0.423828125 0.5986328125 0.111328125 0.0966796875
0 0.654296875 0.0361328125 0.0888671875 0.072265625
0 0.1826171875 0.8232421875 0.365234375 0.3486328125
0 0.1923828125 0.697265625 0.1064453125 0.0966796875