0 0.171875 0.029296875 0.080078125 0.0576171875
0 0.353515625 0.025390625 0.0888671875 0.0498046875
0 0.4599609375 0.029296875 0.029296875 0.05859375
0 0.2216796875 0.083984375 0.044921875 0.033203125
0 0.013671875 0.0908203125 0.02734375 0.083984375
0 0.1748046875 0.1044921875 0.0673828125 0.0703125
0 0.2822265625 0.103515625 0.044921875 0.0390625
0 0.3662109375 0.1318359375 0.0546875 0.037109375
0 0.3759765625 0.171875 0.068359375 0.0703125
0 0.4462890625 0.173828125 0.060546875 0.0888671875
0 0.013671875 0.2197265625 0.02734375 0.072265625
0 0.2216796875 0.2373046875 0.0966796875 0.0673828125
0 0.107421875 0.265625 0.0673828125 0.0751953125
0 0.392578125 0.2998046875 0.0986328125 0.076171875
0 0.015625 0.333984375 0.03125 0.072265625
0 0.43359375 0.3427734375 0.0732421875 0.0751953125
0 0.7177734375 0.177734375 0.482421875 0.35546875
0 0.6220703125 0.017578125 0.087890625 0.03515625
0 0.943359375 0.095703125 0.107421875 0.1904296875
0 0.8798828125 0.2412109375 0.1435546875 0.2421875
0 0.966796875 0.330078125 0.0625 0.095703125
0 0.21484375 0.39453125 0.0517578125 0.029296875
0 0.2763671875 0.416015625 0.072265625 0.072265625
0 0.1591796875 0.4228515625 0.0595703125 0.0576171875
0 0.357421875 0.427734375 0.0810546875 0.0830078125
0 0.44140625 0.4775390625 0.0703125 0.080078125
0 0.1298828125 0.4873046875 0.0576171875 0.0517578125
0 0.25 0.49609375 0.126953125 0.103515625
0 0.3828125 0.49609375 0.064453125 0.0595703125
0 0.30078125 0.541015625 0.1015625 0.1064453125
0 0.44921875 0.5419921875 0.052734375 0.0595703125
0 0.03125 0.55859375 0.0625 0.060546875
0 0.134765625 0.5625 0.0439453125 0.048828125
0 0.2158203125 0.583984375 0.119140625 0.1064453125
0 0.345703125 0.5888671875 0.119140625 0.1171875
0 0.013671875 0.6650390625 0.0263671875 0.0517578125
0 0.1337890625 0.67578125 0.0361328125 0.0439453125
0 0.3974609375 0.6669921875 0.083984375 0.0751953125
0 0.2470703125 0.705078125 0.162109375 0.1455078125
0 0.423828125 0.701171875 0.083984375 0.0859375
0 0.115234375 0.7841796875 0.0517578125 0.0595703125
0 0.3203125 0.80078125 0.126953125 0.1220703125
0 0.216796875 0.8115234375 0.0595703125 0.0625
0 0.416015625 0.8056640625 0.080078125 0.078125
0 0.2568359375 0.890625 0.099609375 0.1123046875