0 0.283203125 0.2880859375 0.56640625 0.576171875
0 0.8818359375 0.0576171875 0.2314453125 0.115234375
0 0.8984375 0.123046875 0.1953125 0.24609375
0 0.759765625 0.2880859375 0.3798828125 0.576171875
0 0.80859375 0.3681640625 0.3779296875 0.4189453125
0 0.123046875 0.59375 0.056640625 0.029296875
0 0.27734375 0.59765625 0.0517578125 0.0361328125
0 0.15234375 0.69921875 0.0517578125 0.037109375
0 0.087890625 0.7109375 0.048828125 0.0283203125
0 0.1552734375 0.7216796875 0.0654296875 0.041015625
0 0.216796875 0.73828125 0.0341796875 0.0390625
0 0.0458984375 0.7802734375 0.0576171875 0.037109375
0 0.171875 0.767578125 0.044921875 0.03125
0 0.123046875 0.7939453125 0.03125 0.025390625
0 0.0517578125 0.8310546875 0.029296875 0.0283203125
0 0.2021484375 0.802734375 0.0390625 0.0419921875
0 0.25390625 0.81640625 0.046875 0.0419921875
0 0.0537109375 0.86328125 0.03125 0.025390625
0 0.115234375 0.8603515625 0.052734375 0.046875
0 0.00390625 0.892578125 0.0078125 0.029296875
0 0.251953125 0.837890625 0.048828125 0.033203125
0 0.2744140625 0.8466796875 0.046875 0.0361328125
0 0.1015625 0.9228515625 0.064453125 0.0439453125
0 0.283203125 0.8916015625 0.0517578125 0.037109375
0 0.330078125 0.8984375 0.041015625 0.0419921875
0 0.2763671875 0.91015625 0.0439453125 0.037109375
0 0.1591796875 0.9423828125 0.0546875 0.033203125
0 0.109375 0.955078125 0.056640625 0.041015625
0 0.2451171875 0.9345703125 0.052734375 0.0419921875
0 0.3212890625 0.919921875 0.060546875 0.037109375
0 0.12890625 0.978515625 0.0517578125 0.037109375
0 0.9580078125 0.640625 0.080078125 0.107421875
0 0.76953125 0.7880859375 0.400390625 0.4189453125
0 0.8330078125 0.939453125 0.060546875 0.072265625
0 0.798828125 0.953125 0.1064453125 0.0888671875
0 0.970703125 0.970703125 0.056640625 0.052734375