0 0.4306640625 0.0263671875 0.0625 0.052734375
0 0.029296875 0.0869140625 0.05859375 0.091796875
0 0.005859375 0.0986328125 0.01171875 0.052734375
0 0.4619140625 0.095703125 0.048828125 0.0703125
0 0.0087890625 0.142578125 0.017578125 0.0654296875
0 0.419921875 0.13671875 0.0703125 0.087890625
0 0.0400390625 0.1787109375 0.056640625 0.064453125
0 0.087890625 0.2099609375 0.091796875 0.107421875
0 0.09375 0.361328125 0.091796875 0.033203125
0 0.791015625 0.0869140625 0.1435546875 0.150390625
0 0.623046875 0.107421875 0.1123046875 0.083984375
0 0.955078125 0.11328125 0.083984375 0.1064453125
0 0.8427734375 0.126953125 0.1044921875 0.080078125
0 0.6083984375 0.189453125 0.1455078125 0.1376953125
0 0.900390625 0.1875 0.1689453125 0.1640625
0 0.6884765625 0.236328125 0.15625 0.1748046875
0 0.833984375 0.255859375 0.1298828125 0.126953125
0 0.900390625 0.30859375 0.166015625 0.1376953125
0 0.90234375 0.359375 0.146484375 0.0361328125
0 0.94921875 0.0244140625 0.0966796875 0.048828125
0 0.6201171875 0.044921875 0.134765625 0.0888671875
0 0.228515625 0.3974609375 0.125 0.0361328125
0 0.384765625 0.388671875 0.115234375 0.0205078125
0 0.19921875 0.478515625 0.181640625 0.126953125
0 0.029296875 0.6298828125 0.0576171875 0.1201171875
0 0.283203125 0.666015625 0.40625 0.451171875
0 0.017578125 0.8251953125 0.03515625 0.111328125
0 0.17578125 0.849609375 0.2607421875 0.296875
0 0.439453125 0.923828125 0.09375 0.1298828125
0 0.056640625 0.97265625 0.1123046875 0.048828125
0 0.326171875 0.982421875 0.142578125 0.029296875
0 0.58984375 0.419921875 0.146484375 0.0830078125
0 0.951171875 0.435546875 0.09375 0.1142578125
0 0.8212890625 0.546875 0.234375 0.291015625
0 0.962890625 0.6650390625 0.0703125 0.1796875
0 0.6962890625 0.6875 0.373046875 0.451171875
0 0.59375 0.845703125 0.212890625 0.2939453125
0 0.931640625 0.8330078125 0.1328125 0.1767578125
0 0.716796875 0.87109375 0.1611328125 0.166015625
0 0.837890625 0.9208984375 0.09375 0.126953125
0 0.724609375 0.943359375 0.119140625 0.107421875