0 0.142578125 0.076171875 0.0517578125 0.0673828125
0 0.171875 0.0830078125 0.041015625 0.0546875
0 0.1962890625 0.087890625 0.041015625 0.0576171875
0 0.259765625 0.1005859375 0.0576171875 0.0966796875
0 0.2275390625 0.0986328125 0.0517578125 0.0908203125
0 0.1201171875 0.0771484375 0.0390625 0.0546875
0 0.328125 0.123046875 0.060546875 0.1064453125
0 0.064453125 0.076171875 0.048828125 0.0673828125
0 0.1025390625 0.099609375 0.044921875 0.064453125
0 0.193359375 0.177734375 0.0361328125 0.046875
0 0.279296875 0.2158203125 0.029296875 0.060546875
0 0.15234375 0.201171875 0.044921875 0.0625
0 0.1806640625 0.267578125 0.029296875 0.044921875
0 0.1337890625 0.2734375 0.041015625 0.0673828125
0 0.037109375 0.3984375 0.044921875 0.072265625
0 0.392578125 0.470703125 0.041015625 0.0625
0 0.013671875 0.4306640625 0.02734375 0.056640625
0 0.46875 0.109375 0.0341796875 0.142578125
0 0.431640625 0.111328125 0.107421875 0.169921875
0 0.67578125 0.298828125 0.375 0.5966796875
0 0.224609375 0.6337890625 0.056640625 0.0703125
0 0.046875 0.662109375 0.056640625 0.044921875
0 0.21484375 0.8203125 0.041015625 0.068359375
0 0.0205078125 0.787109375 0.041015625 0.0654296875
0 0.154296875 0.849609375 0.0361328125 0.0498046875
0 0.01953125 0.826171875 0.0390625 0.0654296875
0 0.216796875 0.888671875 0.044921875 0.048828125
0 0.05859375 0.859375 0.041015625 0.0595703125
0 0.193359375 0.900390625 0.041015625 0.0546875
0 0.02734375 0.8740234375 0.0546875 0.0830078125
0 0.044921875 0.9111328125 0.0390625 0.046875
0 0.0224609375 0.9267578125 0.044921875 0.0595703125
0 0.158203125 0.958984375 0.076171875 0.076171875
0 0.087890625 0.9755859375 0.0517578125 0.0439453125
0 0.6298828125 0.701171875 0.2841796875 0.2080078125
0 0.7099609375 0.939453125 0.2236328125 0.115234375