0 0.05078125 0.453125 0.052734375 0.0498046875
0 0.39453125 0.447265625 0.0498046875 0.064453125
0 0.291015625 0.4794921875 0.1015625 0.095703125
0 0.443359375 0.4755859375 0.0419921875 0.0625
0 0.392578125 0.484375 0.0595703125 0.064453125
0 0.505859375 0.4892578125 0.0498046875 0.0732421875
0 0.041015625 0.5341796875 0.0439453125 0.0498046875
0 0.4951171875 0.5439453125 0.0439453125 0.0498046875
0 0.0869140625 0.603515625 0.0390625 0.0498046875
0 0.2666015625 0.615234375 0.0283203125 0.0341796875
0 0.46875 0.607421875 0.048828125 0.0576171875
0 0.283203125 0.623046875 0.041015625 0.0283203125
0 0.2470703125 0.009765625 0.0625 0.0185546875
0 0.384765625 0.009765625 0.0732421875 0.0185546875
0 0.341796875 0.0224609375 0.072265625 0.044921875
0 0.2099609375 0.0693359375 0.0732421875 0.078125
0 0.390625 0.078125 0.0703125 0.060546875
0 0.189453125 0.189453125 0.0439453125 0.037109375
0 0.3173828125 0.2109375 0.0908203125 0.083984375
0 0.46875 0.283203125 0.0390625 0.0419921875
0 0.37109375 0.318359375 0.0732421875 0.080078125
0 0.4775390625 0.318359375 0.060546875 0.0703125
0 0.11328125 0.37109375 0.0439453125 0.0546875
0 0.513671875 0.384765625 0.0419921875 0.0595703125
0 0.34765625 0.416015625 0.056640625 0.0595703125
0 0.8154296875 0.03515625 0.0341796875 0.0654296875
0 0.57421875 0.048828125 0.0341796875 0.0498046875
0 0.75 0.0498046875 0.0390625 0.046875
0 0.7783203125 0.0498046875 0.03125 0.056640625
0 0.591796875 0.080078125 0.0439453125 0.064453125
0 0.7412109375 0.1103515625 0.0439453125 0.076171875
0 0.654296875 0.1875 0.0966796875 0.1357421875
0 0.7138671875 0.3212890625 0.0830078125 0.142578125
0 0.873046875 0.314453125 0.1171875 0.125
0 0.919921875 0.392578125 0.044921875 0.087890625
0 0.740234375 0.4814453125 0.0439453125 0.068359375
0 0.876953125 0.544921875 0.078125 0.146484375
0 0.7255859375 0.564453125 0.0341796875 0.0517578125
0 0.978515625 0.5712890625 0.0390625 0.080078125
0 0.9599609375 0.5751953125 0.03125 0.0546875
0 0.740234375 0.619140625 0.0341796875 0.0361328125
0 0.6533203125 0.005859375 0.037109375 0.01171875
0 0.267578125 0.8173828125 0.53515625 0.357421875
0 0.845703125 0.69140625 0.0830078125 0.103515625
0 0.5556640625 0.73828125 0.0341796875 0.138671875
0 0.7109375 0.7685546875 0.095703125 0.1279296875
0 0.951171875 0.8017578125 0.09375 0.15625
0 0.5625 0.9306640625 0.048828125 0.134765625
0 0.763671875 0.970703125 0.0595703125 0.056640625