0 0.294921875 0.2431640625 0.5439453125 0.486328125
0 0.9267578125 0.12109375 0.142578125 0.1279296875
0 0.740234375 0.22265625 0.208984375 0.208984375
0 0.9189453125 0.3310546875 0.0732421875 0.099609375
0 0.880859375 0.3671875 0.0654296875 0.095703125
0 0.9072265625 0.396484375 0.0732421875 0.09375
0 0.73828125 0.40234375 0.1591796875 0.166015625
0 0.8408203125 0.408203125 0.083984375 0.0908203125
0 0.6767578125 0.439453125 0.169921875 0.091796875
0 0.931640625 0.455078125 0.1328125 0.060546875
0 0.890625 0.0380859375 0.09375 0.076171875
0 0.515625 0.5556640625 0.103515625 0.134765625
0 0.5263671875 0.5517578125 0.0830078125 0.1279296875
0 0.8486328125 0.5380859375 0.2265625 0.1015625
0 0.75 0.5224609375 0.1591796875 0.0703125
0 0.7626953125 0.619140625 0.2421875 0.2138671875
0 0.666015625 0.673828125 0.126953125 0.103515625
0 0.623046875 0.736328125 0.107421875 0.1015625
0 0.681640625 0.810546875 0.1376953125 0.103515625
0 0.8193359375 0.798828125 0.1015625 0.060546875