0 0.072265625 0.205078125 0.0234375 0.048828125
0 0.0947265625 0.2080078125 0.0498046875 0.048828125
0 0.564453125 0.2333984375 0.0419921875 0.078125
0 0.18359375 0.228515625 0.0546875 0.0595703125
0 0.1748046875 0.2470703125 0.0439453125 0.060546875
0 0.2451171875 0.2783203125 0.052734375 0.0673828125
0 0.3974609375 0.291015625 0.0498046875 0.0625
0 0.21484375 0.294921875 0.0361328125 0.0419921875
0 0.3779296875 0.333984375 0.0361328125 0.0546875
0 0.447265625 0.3447265625 0.0390625 0.068359375
0 0.3701171875 0.3681640625 0.0341796875 0.0625
0 0.408203125 0.4111328125 0.052734375 0.076171875
0 0.337890625 0.41796875 0.0517578125 0.072265625
0 0.416015625 0.4462890625 0.0361328125 0.046875
0 0.4130859375 0.47265625 0.0439453125 0.0263671875
0 0.306640625 0.4755859375 0.041015625 0.0205078125
0 0.978515625 0.046875 0.0390625 0.060546875
0 0.626953125 0.056640625 0.0439453125 0.056640625
0 0.650390625 0.0908203125 0.037109375 0.046875
0 0.61328125 0.08984375 0.029296875 0.044921875
0 0.619140625 0.119140625 0.041015625 0.060546875
0 0.916015625 0.193359375 0.044921875 0.0419921875
0 0.630859375 0.193359375 0.0205078125 0.0341796875
0 0.98046875 0.251953125 0.0341796875 0.03125
0 0.623046875 0.2568359375 0.048828125 0.076171875
0 0.6025390625 0.2568359375 0.0078125 0.0390625
0 0.4970703125 0.740234375 0.0263671875 0.0751953125
0 0.388671875 0.7890625 0.03125 0.0595703125
0 0.3525390625 0.796875 0.0263671875 0.0654296875
0 0.3896484375 0.8310546875 0.029296875 0.0859375
0 0.25 0.830078125 0.025390625 0.0703125
0 0.16015625 0.8291015625 0.037109375 0.0810546875
0 0.15234375 0.861328125 0.03125 0.064453125
0 0.396484375 0.892578125 0.037109375 0.087890625
0 0.2275390625 0.896484375 0.0361328125 0.0732421875
0 0.1318359375 0.912109375 0.0341796875 0.0732421875
0 0.24609375 0.927734375 0.044921875 0.068359375
0 0.5146484375 0.943359375 0.0390625 0.1044921875
0 0.427734375 0.9443359375 0.0439453125 0.1064453125
0 0.58203125 0.9580078125 0.029296875 0.080078125
0 0.234375 0.96875 0.0361328125 0.0576171875
0 0.109375 0.9755859375 0.0361328125 0.0439453125
0 0.3701171875 0.982421875 0.0439453125 0.03125
0 0.509765625 0.986328125 0.052734375 0.021484375
0 0.404296875 0.9892578125 0.041015625 0.017578125
0 0.013671875 0.978515625 0.0263671875 0.0390625
0 0.236328125 0.98828125 0.0576171875 0.0205078125
0 0.375 0.6689453125 0.0234375 0.0595703125
0 0.935546875 0.7060546875 0.0498046875 0.0625
0 0.982421875 0.728515625 0.029296875 0.0673828125
0 0.6728515625 0.7421875 0.0185546875 0.0419921875
0 0.91796875 0.7666015625 0.0625 0.0576171875
0 0.7685546875 0.767578125 0.046875 0.0498046875
0 0.6943359375 0.7685546875 0.0341796875 0.0751953125
0 0.978515625 0.822265625 0.0390625 0.2158203125
0 0.8955078125 0.818359375 0.03125 0.0546875
0 0.8583984375 0.818359375 0.041015625 0.0439453125
0 0.7158203125 0.82421875 0.0419921875 0.0859375
0 0.9404296875 0.8349609375 0.0546875 0.0546875
0 0.8896484375 0.8486328125 0.0498046875 0.046875
0 0.8232421875 0.84765625 0.0361328125 0.076171875
0 0.9736328125 0.88671875 0.037109375 0.0517578125
0 0.7265625 0.892578125 0.0263671875 0.0546875
0 0.84375 0.908203125 0.0390625 0.060546875
0 0.9091796875 0.9365234375 0.041015625 0.056640625
0 0.7236328125 0.927734375 0.0439453125 0.0673828125
0 0.765625 0.93359375 0.044921875 0.068359375
0 0.9755859375 0.951171875 0.0439453125 0.0673828125
0 0.80078125 0.9453125 0.0390625 0.068359375
0 0.8955078125 0.958984375 0.0361328125 0.0654296875
0 0.9912109375 0.978515625 0.0126953125 0.0390625
0 0.9326171875 0.9755859375 0.0341796875 0.0439453125
0 0.978515625 0.986328125 0.029296875 0.025390625
0 0.9580078125 0.9892578125 0.03125 0.017578125
0 0.818359375 0.986328125 0.080078125 0.025390625