0 0.45703125 0.18359375 0.3173828125 0.3671875
0 0.228515625 0.1572265625 0.0830078125 0.0986328125
0 0.064453125 0.2158203125 0.087890625 0.099609375
0 0.3515625 0.248046875 0.154296875 0.1591796875
0 0.408203125 0.279296875 0.0654296875 0.0830078125
0 0.2626953125 0.3798828125 0.126953125 0.138671875
0 0.3125 0.419921875 0.052734375 0.0810546875
0 0.9482421875 0.1875 0.0419921875 0.0966796875
0 0.935546875 0.189453125 0.025390625 0.046875
0 0.931640625 0.2314453125 0.037109375 0.048828125
0 0.8212890625 0.2578125 0.0517578125 0.064453125
0 0.916015625 0.267578125 0.0439453125 0.064453125
0 0.9580078125 0.28125 0.03125 0.064453125
0 0.875 0.2802734375 0.0390625 0.0654296875
0 0.802734375 0.318359375 0.0625 0.0595703125
0 0.654296875 0.3212890625 0.048828125 0.0517578125
0 0.919921875 0.373046875 0.154296875 0.220703125
0 0.7802734375 0.3701171875 0.03125 0.052734375
0 0.744140625 0.369140625 0.0419921875 0.046875
0 0.826171875 0.388671875 0.056640625 0.056640625
0 0.7763671875 0.3994140625 0.048828125 0.0498046875
0 0.7080078125 0.400390625 0.0361328125 0.0751953125
0 0.8583984375 0.435546875 0.0390625 0.0546875
0 0.623046875 0.4462890625 0.009765625 0.056640625
0 0.7314453125 0.458984375 0.0390625 0.064453125
0 0.794921875 0.48828125 0.0419921875 0.0595703125
0 0.625 0.48046875 0.013671875 0.0673828125
0 0.6513671875 0.482421875 0.048828125 0.0673828125
0 0.91015625 0.4892578125 0.03125 0.056640625
0 0.8701171875 0.4931640625 0.0625 0.048828125
0 0.685546875 0.490234375 0.041015625 0.052734375
0 0.78125 0.49609375 0.0390625 0.041015625
0 0.8193359375 0.5107421875 0.0341796875 0.0126953125
0 0.568359375 0.5263671875 0.056640625 0.013671875
0 0.1455078125 0.544921875 0.068359375 0.052734375
0 0.109375 0.5400390625 0.041015625 0.041015625
0 0.02734375 0.548828125 0.0546875 0.0595703125
0 0.587890625 0.58203125 0.056640625 0.0625
0 0.0927734375 0.5771484375 0.0654296875 0.0546875
0 0.53125 0.6181640625 0.064453125 0.078125
0 0.1455078125 0.6201171875 0.0517578125 0.0595703125
0 0.1865234375 0.6552734375 0.083984375 0.095703125
0 0.158203125 0.8251953125 0.0830078125 0.064453125
0 0.03515625 0.873046875 0.0703125 0.080078125
0 0.173828125 0.955078125 0.0576171875 0.068359375
0 0.1142578125 0.958984375 0.0654296875 0.068359375
0 0.2294921875 0.974609375 0.0888671875 0.044921875
0 0.03125 0.9775390625 0.0625 0.041015625
0 0.8427734375 0.5810546875 0.119140625 0.1142578125
0 0.90625 0.5908203125 0.0830078125 0.0859375
0 0.6669921875 0.677734375 0.0859375 0.1142578125
0 0.875 0.7177734375 0.087890625 0.0703125
0 0.900390625 0.841796875 0.1953125 0.3125
0 0.654296875 0.8837890625 0.072265625 0.083984375
0 0.7060546875 0.9169921875 0.1279296875 0.119140625
0 0.798828125 0.9345703125 0.060546875 0.056640625
0 0.7431640625 0.974609375 0.1689453125 0.044921875