0 0.5107421875 0.228515625 0.103515625 0.1142578125
0 0.2880859375 0.220703125 0.0830078125 0.080078125
0 0.404296875 0.2841796875 0.091796875 0.087890625
0 0.173828125 0.357421875 0.203125 0.1767578125
0 0.294921875 0.419921875 0.076171875 0.0546875
0 0.447265625 0.400390625 0.197265625 0.09375
0 0.380859375 0.1591796875 0.064453125 0.064453125
0 0.5 0.185546875 0.162109375 0.111328125
0 0.658203125 0.044921875 0.0986328125 0.0888671875
0 0.7412109375 0.060546875 0.1376953125 0.1201171875
0 0.771484375 0.140625 0.1591796875 0.1611328125
0 0.8564453125 0.15234375 0.2216796875 0.2421875
0 0.751953125 0.283203125 0.228515625 0.201171875
0 0.95703125 0.310546875 0.0830078125 0.103515625
0 0.6650390625 0.306640625 0.1142578125 0.1376953125
0 0.634765625 0.349609375 0.052734375 0.123046875
0 0.673828125 0.412109375 0.1328125 0.0703125
0 0.287109375 0.541015625 0.064453125 0.068359375
0 0.44921875 0.5888671875 0.2548828125 0.279296875
0 0.2216796875 0.5986328125 0.2080078125 0.2216796875
0 0.4951171875 0.6533203125 0.068359375 0.0908203125
0 0.2880859375 0.798828125 0.2841796875 0.3125
0 0.083984375 0.7861328125 0.16796875 0.166015625
0 0.310546875 0.912109375 0.0751953125 0.0703125
0 0.802734375 0.7236328125 0.388671875 0.548828125