0 0.0556640625 0.474609375 0.0205078125 0.025390625
0 0.173828125 0.4912109375 0.0595703125 0.064453125
0 0.12890625 0.494140625 0.03125 0.021484375
0 0.099609375 0.509765625 0.017578125 0.029296875
0 0.08203125 0.513671875 0.015625 0.0185546875
0 0.279296875 0.505859375 0.029296875 0.03125
0 0.236328125 0.5244140625 0.0439453125 0.0341796875
0 0.099609375 0.5400390625 0.044921875 0.03125
0 0.28515625 0.53125 0.0361328125 0.025390625
0 0.2138671875 0.537109375 0.0390625 0.0361328125
0 0.287109375 0.537109375 0.0263671875 0.0205078125
0 0.2548828125 0.5537109375 0.029296875 0.03125
0 0.2880859375 0.560546875 0.029296875 0.0283203125
0 0.115234375 0.435546875 0.029296875 0.021484375
0 0.701171875 0.04296875 0.091796875 0.0859375
0 0.6123046875 0.0615234375 0.0517578125 0.072265625
0 0.5771484375 0.09765625 0.0390625 0.0751953125
0 0.69140625 0.099609375 0.0517578125 0.0751953125
0 0.427734375 0.12890625 0.0390625 0.0888671875
0 0.9462890625 0.1533203125 0.0517578125 0.083984375
0 0.4951171875 0.2177734375 0.0546875 0.0810546875
0 0.9189453125 0.2099609375 0.103515625 0.130859375
0 0.7421875 0.23828125 0.0859375 0.107421875
0 0.966796875 0.2587890625 0.060546875 0.080078125
0 0.443359375 0.3291015625 0.0546875 0.0908203125
0 0.7763671875 0.333984375 0.0673828125 0.091796875
0 0.50390625 0.3798828125 0.060546875 0.0908203125
0 0.7529296875 0.373046875 0.0625 0.076171875
0 0.6884765625 0.3828125 0.0439453125 0.078125
0 0.6396484375 0.4541015625 0.0546875 0.0859375
0 0.7685546875 0.45703125 0.046875 0.0732421875
0 0.7333984375 0.462890625 0.0625 0.083984375
0 0.8466796875 0.5029296875 0.0830078125 0.125
0 0.955078125 0.5361328125 0.076171875 0.1015625
0 0.63671875 0.5576171875 0.0439453125 0.0576171875
0 0.96875 0.580078125 0.0439453125 0.013671875
0 0.33984375 0.7294921875 0.1328125 0.2138671875
0 0.169921875 0.791015625 0.33984375 0.41015625
0 0.658203125 0.638671875 0.1826171875 0.0986328125
0 0.447265625 0.6826171875 0.076171875 0.1875
0 0.681640625 0.767578125 0.072265625 0.1064453125
0 0.6484375 0.8310546875 0.0517578125 0.0751953125
0 0.69140625 0.888671875 0.076171875 0.119140625
0 0.796875 0.921875 0.107421875 0.1513671875