0 0.45703125 0.056640625 0.1201171875 0.1123046875
0 0.3095703125 0.083984375 0.1201171875 0.087890625
0 0.12890625 0.1669921875 0.2578125 0.318359375
0 0.05859375 0.478515625 0.1171875 0.197265625
0 0.123046875 0.08984375 0.2451171875 0.1796875
0 0.8876953125 0.099609375 0.080078125 0.0908203125
0 0.798828125 0.1865234375 0.1044921875 0.1201171875
0 0.837890625 0.2626953125 0.078125 0.0830078125
0 0.576171875 0.400390625 0.115234375 0.318359375
0 0.865234375 0.3115234375 0.0859375 0.0859375
0 0.8125 0.3896484375 0.0966796875 0.0986328125
0 0.55859375 0.451171875 0.080078125 0.1015625
0 0.693359375 0.4423828125 0.103515625 0.109375
0 0.84375 0.46484375 0.115234375 0.09375
0 0.59765625 0.53515625 0.1279296875 0.083984375
0 0.75 0.529296875 0.087890625 0.09375
0 0.84375 0.529296875 0.173828125 0.09375
0 0.984375 0.53125 0.0263671875 0.091796875
0 0.720703125 0.560546875 0.142578125 0.03125
0 0.95703125 0.55078125 0.0830078125 0.052734375
0 0.0107421875 0.78125 0.021484375 0.0625
0 0.296875 0.7529296875 0.0517578125 0.0703125
0 0.0576171875 0.8203125 0.048828125 0.064453125
0 0.0908203125 0.951171875 0.0517578125 0.0595703125
0 0.376953125 0.8857421875 0.076171875 0.099609375
0 0.3544921875 0.921875 0.0546875 0.0654296875
0 0.841796875 0.5869140625 0.0625 0.013671875
0 0.7978515625 0.599609375 0.0419921875 0.0361328125
0 0.84375 0.6416015625 0.0576171875 0.0439453125
0 0.8974609375 0.681640625 0.044921875 0.0361328125
0 0.97265625 0.67578125 0.0517578125 0.0390625
0 0.810546875 0.7470703125 0.041015625 0.033203125
0 0.9814453125 0.72265625 0.029296875 0.0283203125
0 0.888671875 0.74609375 0.0498046875 0.041015625
0 0.9072265625 0.759765625 0.0361328125 0.0361328125
0 0.9833984375 0.75390625 0.029296875 0.0234375
0 0.888671875 0.7783203125 0.0419921875 0.037109375
0 0.8271484375 0.7958984375 0.041015625 0.0361328125
0 0.9189453125 0.78515625 0.0341796875 0.0234375
0 0.908203125 0.8359375 0.037109375 0.033203125
0 0.873046875 0.8623046875 0.0205078125 0.0283203125
0 0.896484375 0.892578125 0.048828125 0.041015625
0 0.8623046875 0.90234375 0.0576171875 0.041015625