0 0.2470703125 0.013671875 0.056640625 0.02734375
0 0.1962890625 0.017578125 0.021484375 0.03515625
0 0.228515625 0.017578125 0.029296875 0.029296875
0 0.265625 0.029296875 0.0283203125 0.0234375
0 0.205078125 0.03125 0.029296875 0.0341796875
0 0.1767578125 0.037109375 0.048828125 0.0517578125
0 0.3056640625 0.0419921875 0.091796875 0.080078125
0 0.22265625 0.046875 0.033203125 0.03125
0 0.40234375 0.060546875 0.044921875 0.0625
0 0.205078125 0.064453125 0.0390625 0.0205078125
0 0.30078125 0.072265625 0.0341796875 0.0341796875
0 0.12109375 0.072265625 0.044921875 0.0576171875
0 0.17578125 0.08203125 0.041015625 0.0390625
0 0.369140625 0.0908203125 0.044921875 0.0419921875
0 0.236328125 0.0927734375 0.0341796875 0.03125
0 0.2666015625 0.095703125 0.046875 0.03125
0 0.2060546875 0.1005859375 0.0283203125 0.0341796875
0 0.3271484375 0.103515625 0.025390625 0.0341796875
0 0.357421875 0.11328125 0.0234375 0.0341796875
0 0.1845703125 0.1142578125 0.0517578125 0.0517578125
0 0.408203125 0.130859375 0.0283203125 0.0263671875
0 0.43359375 0.130859375 0.041015625 0.0361328125
0 0.4521484375 0.1318359375 0.041015625 0.052734375
0 0.216796875 0.2177734375 0.025390625 0.041015625
0 0.18359375 0.220703125 0.044921875 0.0361328125
0 0.3291015625 0.240234375 0.03125 0.0341796875
0 0.216796875 0.2392578125 0.029296875 0.0263671875
0 0.3779296875 0.24609375 0.0205078125 0.0263671875
0 0.11328125 0.2470703125 0.044921875 0.0419921875
0 0.181640625 0.2568359375 0.041015625 0.029296875
0 0.2666015625 0.2607421875 0.037109375 0.03125
0 0.21875 0.263671875 0.0390625 0.0263671875
0 0.1923828125 0.283203125 0.025390625 0.017578125
0 0.1416015625 0.287109375 0.009765625 0.046875
0 0.236328125 0.30078125 0.0546875 0.048828125
0 0.146484375 0.3076171875 0.0361328125 0.0390625
0 0.177734375 0.333984375 0.0234375 0.033203125
0 0.2001953125 0.3369140625 0.029296875 0.029296875
0 0.1923828125 0.3662109375 0.033203125 0.021484375
0 0.154296875 0.3642578125 0.0625 0.0263671875
0 0.107421875 0.373046875 0.0263671875 0.009765625
0 0.81640625 0.025390625 0.044921875 0.0498046875
0 0.673828125 0.03515625 0.0576171875 0.0703125
0 0.806640625 0.048828125 0.044921875 0.0673828125
0 0.904296875 0.0537109375 0.029296875 0.0419921875
0 0.744140625 0.072265625 0.1044921875 0.1435546875
0 0.83203125 0.0673828125 0.03125 0.0439453125
0 0.669921875 0.07421875 0.03125 0.0673828125
0 0.6435546875 0.115234375 0.046875 0.0673828125
0 0.8095703125 0.1181640625 0.033203125 0.0390625
0 0.685546875 0.1201171875 0.052734375 0.0830078125
0 0.6728515625 0.1630859375 0.037109375 0.048828125
0 0.7861328125 0.17578125 0.033203125 0.0576171875
0 0.728515625 0.205078125 0.0751953125 0.1279296875
0 0.841796875 0.208984375 0.03125 0.0439453125
0 0.7939453125 0.228515625 0.0361328125 0.048828125
0 0.755859375 0.236328125 0.0498046875 0.078125
0 0.802734375 0.2900390625 0.037109375 0.0517578125
0 0.72265625 0.298828125 0.056640625 0.09375
0 0.748046875 0.330078125 0.048828125 0.078125
0 0.701171875 0.35546875 0.0390625 0.0439453125
0 0.728515625 0.353515625 0.0390625 0.048828125
0 0.80078125 0.3642578125 0.029296875 0.0263671875
0 0.455078125 0.3994140625 0.0673828125 0.0390625
0 0.40234375 0.3974609375 0.0703125 0.0361328125
0 0.48046875 0.470703125 0.046875 0.046875
0 0.546875 0.515625 0.060546875 0.060546875
0 0.56640625 0.5849609375 0.021484375 0.080078125
0 0.5439453125 0.5869140625 0.0390625 0.052734375
0 0.3447265625 0.59765625 0.03125 0.056640625
0 0.53515625 0.603515625 0.0419921875 0.0439453125
0 0.326171875 0.65625 0.0361328125 0.0732421875
0 0.365234375 0.67578125 0.046875 0.0673828125
0 0.3046875 0.6875 0.037109375 0.0576171875
0 0.3642578125 0.7236328125 0.0361328125 0.0576171875
0 0.498046875 0.76953125 0.0517578125 0.0830078125
0 0.34765625 0.7744140625 0.0625 0.0439453125
0 0.4169921875 0.794921875 0.060546875 0.0751953125
0 0.4765625 0.798828125 0.0361328125 0.0673828125
0 0.4501953125 0.828125 0.068359375 0.0517578125
0 0.373046875 0.837890625 0.0546875 0.0654296875
0 0.431640625 0.923828125 0.0595703125 0.068359375
0 0.5302734375 0.962890625 0.033203125 0.046875
0 0.494140625 0.9638671875 0.0419921875 0.0439453125
0 0.8486328125 0.6025390625 0.298828125 0.4453125
0 0.7900390625 0.708984375 0.1142578125 0.119140625
0 0.734375 0.736328125 0.083984375 0.0732421875