0 0.2548828125 0.033203125 0.0390625 0.052734375
0 0.42578125 0.01171875 0.048828125 0.0234375
0 0.453125 0.0107421875 0.041015625 0.021484375
0 0.2783203125 0.060546875 0.0517578125 0.0673828125
0 0.03125 0.169921875 0.0625 0.1953125
0 0.4296875 0.056640625 0.052734375 0.080078125
0 0.365234375 0.1513671875 0.111328125 0.1455078125
0 0.455078125 0.232421875 0.1015625 0.087890625
0 0.5849609375 0.216796875 0.083984375 0.1201171875
0 0.19140625 0.0244140625 0.044921875 0.048828125
0 0.814453125 0.2470703125 0.0703125 0.0517578125
0 0.0673828125 0.2900390625 0.0390625 0.021484375
0 0.01171875 0.3046875 0.0234375 0.0439453125
0 0.0703125 0.294921875 0.044921875 0.03125
0 0.177734375 0.306640625 0.0576171875 0.041015625
0 0.138671875 0.333984375 0.0703125 0.0517578125
0 0.2529296875 0.36328125 0.0498046875 0.0390625
0 0.0048828125 0.4755859375 0.009765625 0.029296875
0 0.6015625 0.306640625 0.044921875 0.03125
0 0.404296875 0.3681640625 0.052734375 0.0390625
0 0.525390625 0.341796875 0.041015625 0.033203125
0 0.3896484375 0.3828125 0.03125 0.03125
0 0.5625 0.341796875 0.0576171875 0.0439453125
0 0.6201171875 0.3232421875 0.013671875 0.03125
0 0.380859375 0.400390625 0.033203125 0.025390625
0 0.0224609375 0.5048828125 0.044921875 0.0341796875
0 0.3193359375 0.41796875 0.046875 0.0341796875
0 0.3515625 0.4248046875 0.0361328125 0.0283203125
0 0.0224609375 0.5244140625 0.044921875 0.048828125
0 0.3623046875 0.4423828125 0.03125 0.0234375
0 0.5380859375 0.41015625 0.0576171875 0.046875
0 0.4345703125 0.4443359375 0.037109375 0.0283203125
0 0.19921875 0.513671875 0.076171875 0.0419921875
0 0.2470703125 0.5390625 0.0703125 0.0595703125
0 0.603515625 0.560546875 0.046875 0.03125
0 0.2373046875 0.6748046875 0.033203125 0.037109375
0 0.6064453125 0.57421875 0.0390625 0.0341796875
0 0.076171875 0.7421875 0.0576171875 0.046875
0 0.6181640625 0.5830078125 0.0205078125 0.041015625
0 0.021484375 0.775390625 0.04296875 0.0625
0 0.28125 0.70703125 0.052734375 0.052734375
0 0.8212890625 0.326171875 0.185546875 0.09375
0 0.919921875 0.4951171875 0.154296875 0.236328125