0 0.0810546875 0.166015625 0.0673828125 0.0673828125
0 0.607421875 0.0859375 0.111328125 0.1435546875
0 0.4697265625 0.1552734375 0.064453125 0.0703125
0 0.3271484375 0.1953125 0.203125 0.2265625
0 0.705078125 0.216796875 0.021484375 0.1298828125
0 0.642578125 0.3583984375 0.115234375 0.154296875
0 0.15234375 0.46484375 0.142578125 0.142578125
0 0.294921875 0.466796875 0.142578125 0.138671875
0 0.525390625 0.4580078125 0.0546875 0.0703125
0 0.650390625 0.396484375 0.1328125 0.279296875
0 0.1611328125 0.50390625 0.25 0.0654296875
0 0.3427734375 0.087890625 0.1328125 0.1611328125
0 0.9033203125 0.09375 0.0908203125 0.1015625
0 0.78515625 0.119140625 0.037109375 0.0546875
0 0.9541015625 0.083984375 0.087890625 0.16796875
0 0.892578125 0.10546875 0.033203125 0.0283203125
0 0.751953125 0.1455078125 0.0654296875 0.0986328125
0 0.947265625 0.1630859375 0.1015625 0.115234375
0 0.779296875 0.216796875 0.0439453125 0.0439453125
0 0.83203125 0.21875 0.0341796875 0.0234375
0 0.8466796875 0.2431640625 0.0595703125 0.0439453125
0 0.818359375 0.265625 0.0546875 0.0517578125
0 0.7978515625 0.30859375 0.072265625 0.064453125
0 0.740234375 0.390625 0.0439453125 0.0703125
0 0.7978515625 0.3818359375 0.0908203125 0.0810546875
0 0.943359375 0.3720703125 0.0546875 0.046875
0 0.736328125 0.44140625 0.0341796875 0.080078125
0 0.876953125 0.4296875 0.076171875 0.0673828125
0 0.9306640625 0.4521484375 0.068359375 0.068359375
0 0.759765625 0.517578125 0.072265625 0.0361328125
0 0.86328125 0.486328125 0.1826171875 0.1015625
0 0.939453125 0.5087890625 0.0625 0.0546875
0 0.185546875 0.6357421875 0.3701171875 0.1953125
0 0.037109375 0.5947265625 0.07421875 0.115234375
0 0.529296875 0.5537109375 0.0966796875 0.03125
0 0.6875 0.580078125 0.0576171875 0.0595703125
0 0.5908203125 0.607421875 0.0810546875 0.0888671875
0 0.033203125 0.767578125 0.0654296875 0.2138671875
0 0.2109375 0.7578125 0.111328125 0.1123046875
0 0.4443359375 0.740234375 0.240234375 0.25
0 0.017578125 0.87109375 0.0341796875 0.0986328125
0 0.65234375 0.7880859375 0.1279296875 0.173828125
0 0.185546875 0.90234375 0.236328125 0.1904296875
0 0.6083984375 0.9189453125 0.0546875 0.068359375
0 0.43359375 0.9482421875 0.107421875 0.0986328125
0 0.8818359375 0.544921875 0.0576171875 0.0126953125
0 0.8837890625 0.5673828125 0.056640625 0.0576171875
0 0.765625 0.6279296875 0.033203125 0.03125
0 0.8125 0.8427734375 0.1064453125 0.1142578125