0 0.103515625 0.3603515625 0.103515625 0.076171875
0 0.3779296875 0.439453125 0.166015625 0.134765625
0 0.0869140625 0.4111328125 0.173828125 0.212890625
0 0.349609375 0.5 0.119140625 0.0341796875
0 0.2431640625 0.490234375 0.1298828125 0.052734375
0 0.1044921875 0.482421875 0.123046875 0.0703125
0 0.39453125 0.052734375 0.1640625 0.10546875
0 0.36328125 0.033203125 0.0673828125 0.0654296875
0 0.2685546875 0.033203125 0.083984375 0.06640625
0 0.236328125 0.0537109375 0.111328125 0.107421875
0 0.287109375 0.134765625 0.1123046875 0.111328125
0 0.408203125 0.177734375 0.1376953125 0.173828125
0 0.1748046875 0.166015625 0.1044921875 0.1015625
0 0.078125 0.201171875 0.15625 0.134765625
0 0.3330078125 0.25390625 0.2861328125 0.294921875
0 0.138671875 0.2412109375 0.095703125 0.09375
0 0.396484375 0.291015625 0.109375 0.115234375
0 0.3359375 0.3193359375 0.072265625 0.072265625
0 0.16796875 0.3310546875 0.0859375 0.0859375
0 0.9365234375 0.0537109375 0.076171875 0.095703125
0 0.8154296875 0.125 0.0341796875 0.0439453125
0 0.595703125 0.111328125 0.0361328125 0.048828125
0 0.9453125 0.1494140625 0.068359375 0.0966796875
0 0.6171875 0.16015625 0.046875 0.0703125
0 0.486328125 0.2900390625 0.017578125 0.0361328125
0 0.8330078125 0.4111328125 0.0595703125 0.095703125
0 0.5869140625 0.404296875 0.0341796875 0.0517578125
0 0.552734375 0.43359375 0.0517578125 0.078125
0 0.646484375 0.4658203125 0.041015625 0.0654296875
0 0.69140625 0.49609375 0.060546875 0.041015625
0 0.3759765625 0.5859375 0.087890625 0.0625
0 0.380859375 0.751953125 0.078125 0.060546875
0 0.3935546875 0.802734375 0.0859375 0.044921875
0 0.46484375 0.845703125 0.021484375 0.0654296875
0 0.3544921875 0.83203125 0.076171875 0.0576171875
0 0.158203125 0.814453125 0.1044921875 0.0654296875
0 0.3818359375 0.974609375 0.115234375 0.044921875
0 0.9248046875 0.857421875 0.111328125 0.119140625
0 0.9794921875 0.91015625 0.0361328125 0.083984375
0 0.7900390625 0.904296875 0.1513671875 0.1689453125
0 0.9599609375 0.955078125 0.0751953125 0.083984375
0 0.73828125 0.744140625 0.5205078125 0.4501953125