0 0.185546875 0.0263671875 0.1201171875 0.052734375
0 0.337890625 0.0224609375 0.1142578125 0.044921875
0 0.501953125 0.060546875 0.15625 0.12109375
0 0.125 0.1181640625 0.177734375 0.115234375
0 0.4482421875 0.1748046875 0.0986328125 0.0908203125
0 0.580078125 0.27734375 0.052734375 0.09375
0 0.205078125 0.2861328125 0.4091796875 0.3798828125
0 0.46484375 0.326171875 0.0986328125 0.076171875
0 0.537109375 0.40234375 0.1376953125 0.146484375
0 0.51171875 0.443359375 0.087890625 0.0654296875
0 0.0673828125 0.41015625 0.134765625 0.1328125
0 0.966796875 0.193359375 0.0625 0.1328125
0 0.8115234375 0.275390625 0.2001953125 0.2158203125
0 0.97265625 0.404296875 0.0517578125 0.103515625
0 0.943359375 0.4326171875 0.0654296875 0.087890625
0 0.9638671875 0.4482421875 0.0673828125 0.056640625
0 0.798828125 0.423828125 0.1513671875 0.103515625
0 0.8994140625 0.451171875 0.0830078125 0.048828125
0 0.962890625 0.09765625 0.0703125 0.0986328125
0 0.44140625 0.525390625 0.2763671875 0.09375
0 0.220703125 0.58984375 0.134765625 0.1611328125
0 0.013671875 0.6748046875 0.02734375 0.052734375
0 0.541015625 0.712890625 0.037109375 0.0517578125
0 0.068359375 0.7158203125 0.095703125 0.1044921875
0 0.017578125 0.7548828125 0.03515625 0.052734375
0 0.4716796875 0.7783203125 0.0498046875 0.076171875
0 0.3515625 0.8603515625 0.205078125 0.240234375
0 0.0244140625 0.9111328125 0.048828125 0.173828125
0 0.5029296875 0.9248046875 0.0498046875 0.046875
0 0.125 0.9580078125 0.111328125 0.080078125
0 0.740234375 0.4892578125 0.0390625 0.021484375
0 0.66015625 0.5048828125 0.0703125 0.052734375
0 0.7607421875 0.498046875 0.041015625 0.0390625
0 0.75390625 0.521484375 0.033203125 0.0283203125
0 0.787109375 0.53515625 0.0361328125 0.044921875
0 0.763671875 0.5830078125 0.0576171875 0.0595703125
0 0.677734375 0.609375 0.0830078125 0.1142578125
0 0.740234375 0.6142578125 0.0419921875 0.046875
0 0.7138671875 0.685546875 0.0517578125 0.0732421875
0 0.732421875 0.7568359375 0.0654296875 0.076171875
0 0.693359375 0.8203125 0.0283203125 0.0361328125
0 0.7060546875 0.923828125 0.033203125 0.0546875