0 0.2138671875 0.009765625 0.115234375 0.0185546875
0 0.029296875 0.103515625 0.0576171875 0.2060546875
0 0.22265625 0.080078125 0.291015625 0.1591796875
0 0.021484375 0.0947265625 0.04296875 0.080078125
0 0.59375 0.0205078125 0.087890625 0.041015625
0 0.6455078125 0.0400390625 0.083984375 0.080078125
0 0.34375 0.11328125 0.298828125 0.2265625
0 0.015625 0.212890625 0.03125 0.0986328125
0 0.658203125 0.1025390625 0.0576171875 0.0888671875
0 0.568359375 0.1669921875 0.2392578125 0.248046875
0 0.14453125 0.30078125 0.2705078125 0.2421875
0 0.52734375 0.2373046875 0.0703125 0.0703125
0 0.4345703125 0.2607421875 0.083984375 0.0859375
0 0.412109375 0.298828125 0.111328125 0.107421875
0 0.4912109375 0.361328125 0.1171875 0.107421875
0 0.619140625 0.349609375 0.1376953125 0.166015625
0 0.39453125 0.416015625 0.111328125 0.0830078125
0 0.314453125 0.439453125 0.1640625 0.0341796875
0 0.55859375 0.3837890625 0.2578125 0.146484375
0 0.640625 0.43359375 0.09375 0.044921875
0 0.7314453125 0.103515625 0.064453125 0.048828125
0 0.720703125 0.1337890625 0.0517578125 0.0419921875
0 0.734375 0.185546875 0.083984375 0.0673828125
0 0.701171875 0.2236328125 0.021484375 0.095703125
0 0.8466796875 0.1826171875 0.0498046875 0.052734375
0 0.7451171875 0.23828125 0.0830078125 0.068359375
0 0.818359375 0.2900390625 0.0439453125 0.0419921875
0 0.7607421875 0.306640625 0.0751953125 0.060546875
0 0.701171875 0.34765625 0.021484375 0.056640625
0 0.70703125 0.376953125 0.0341796875 0.0751953125
0 0.7109375 0.4013671875 0.033203125 0.029296875
0 0.751953125 0.4052734375 0.1044921875 0.095703125
0 0.849609375 0.400390625 0.056640625 0.0703125
0 0.7529296875 0.4365234375 0.0390625 0.0419921875
0 0.822265625 0.435546875 0.052734375 0.0439453125
0 0.72265625 0.451171875 0.056640625 0.009765625
0 0.783203125 0.4482421875 0.0361328125 0.017578125
0 0.814453125 0.451171875 0.029296875 0.0126953125
0 0.892578125 0.44921875 0.044921875 0.013671875
0 0.9130859375 0.443359375 0.052734375 0.0263671875
0 0.75390625 0.0595703125 0.060546875 0.0654296875
0 0.810546875 0.048828125 0.0498046875 0.052734375
0 0.701171875 0.083984375 0.021484375 0.072265625
0 0.4189453125 0.7265625 0.078125 0.087890625
0 0.333984375 0.810546875 0.1044921875 0.1171875
0 0.375 0.8857421875 0.078125 0.0810546875
0 0.087890625 0.927734375 0.1748046875 0.1376953125
0 0.400390625 0.935546875 0.083984375 0.0830078125
0 0.3525390625 0.98046875 0.0986328125 0.0341796875
0 0.849609375 0.630859375 0.0546875 0.0419921875
0 0.8173828125 0.6796875 0.091796875 0.0654296875
0 0.7666015625 0.712890625 0.037109375 0.0361328125
0 0.8974609375 0.6962890625 0.0703125 0.0810546875
0 0.77734375 0.744140625 0.041015625 0.033203125
0 0.7890625 0.78515625 0.044921875 0.0517578125
0 0.712890625 0.82421875 0.044921875 0.0390625
0 0.935546875 0.7998046875 0.064453125 0.056640625
0 0.970703125 0.7880859375 0.052734375 0.0830078125
0 0.95703125 0.833984375 0.0673828125 0.068359375