0 0.0849609375 0.0400390625 0.123046875 0.080078125
0 0.39453125 0.0419921875 0.091796875 0.083984375
0 0.302734375 0.0537109375 0.095703125 0.107421875
0 0.3583984375 0.115234375 0.107421875 0.1435546875
0 0.4248046875 0.1103515625 0.052734375 0.0703125
0 0.4560546875 0.17578125 0.056640625 0.0498046875
0 0.478515625 0.169921875 0.013671875 0.087890625
0 0.123046875 0.2705078125 0.1220703125 0.123046875
0 0.236328125 0.2744140625 0.0732421875 0.1064453125
0 0.4638671875 0.228515625 0.0439453125 0.072265625
0 0.4169921875 0.24609375 0.09375 0.091796875
0 0.205078125 0.3359375 0.107421875 0.138671875
0 0.068359375 0.408203125 0.1171875 0.15625
0 0.455078125 0.345703125 0.0625 0.1064453125
0 0.4599609375 0.404296875 0.0517578125 0.1142578125
0 0.248046875 0.48828125 0.076171875 0.0576171875
0 0.4423828125 0.486328125 0.0859375 0.0595703125
0 0.505859375 0.0361328125 0.0361328125 0.0673828125
0 0.525390625 0.1689453125 0.048828125 0.0595703125
0 0.814453125 0.111328125 0.0703125 0.0986328125
0 0.791015625 0.146484375 0.0517578125 0.064453125
0 0.55859375 0.2421875 0.0498046875 0.0654296875
0 0.75390625 0.2568359375 0.037109375 0.046875
0 0.826171875 0.251953125 0.046875 0.048828125
0 0.853515625 0.2724609375 0.0361328125 0.0498046875
0 0.51953125 0.4013671875 0.0498046875 0.048828125
0 0.77734375 0.3740234375 0.0498046875 0.056640625
0 0.5947265625 0.439453125 0.0439453125 0.0341796875
0 0.06640625 0.5693359375 0.1328125 0.1015625
0 0.3818359375 0.5732421875 0.2080078125 0.107421875
0 0.43359375 0.634765625 0.103515625 0.2314453125
0 0.357421875 0.6748046875 0.087890625 0.0703125
0 0.1806640625 0.728515625 0.216796875 0.1767578125
0 0.375 0.693359375 0.126953125 0.109375
0 0.232421875 0.8779296875 0.1767578125 0.189453125
0 0.1552734375 0.908203125 0.1484375 0.1201171875
0 0.439453125 0.859375 0.091796875 0.1953125
0 0.783203125 0.5380859375 0.076171875 0.0390625
0 0.68359375 0.6103515625 0.0361328125 0.0439453125
0 0.8193359375 0.59375 0.0673828125 0.095703125
0 0.505859375 0.705078125 0.0361328125 0.0703125
0 0.7880859375 0.87109375 0.0576171875 0.091796875
0 0.5439453125 0.9423828125 0.0361328125 0.048828125
0 0.517578125 0.966796875 0.052734375 0.060546875
0 0.6201171875 0.970703125 0.0390625 0.052734375
0 0.6806640625 0.984375 0.0576171875 0.0263671875