0 0.4833984375 0.1767578125 0.1982421875 0.232421875
0 0.390625 0.259765625 0.0703125 0.0361328125
0 0.294921875 0.26953125 0.1455078125 0.0966796875
0 0.201171875 0.27734375 0.060546875 0.080078125
0 0.193359375 0.25 0.2001953125 0.134765625
0 0.3876953125 0.060546875 0.166015625 0.12109375
0 0.267578125 0.048828125 0.076171875 0.0966796875
0 0.134765625 0.0693359375 0.1640625 0.138671875
0 0.2626953125 0.1337890625 0.134765625 0.1044921875
0 0.873046875 0.12109375 0.248046875 0.2421875
0 0.828125 0.177734375 0.15625 0.2705078125
0 0.91796875 0.216796875 0.1591796875 0.1513671875
0 0.916015625 0.279296875 0.1201171875 0.076171875
0 0.2919921875 0.5546875 0.169921875 0.197265625
0 0.6884765625 0.6943359375 0.064453125 0.0859375
0 0.607421875 0.732421875 0.0517578125 0.0810546875
0 0.083984375 0.716796875 0.072265625 0.0830078125
0 0.3134765625 0.7353515625 0.1015625 0.1142578125
0 0.556640625 0.7763671875 0.1064453125 0.1201171875
0 0.4140625 0.7763671875 0.1171875 0.140625
0 0.4912109375 0.798828125 0.0888671875 0.126953125
0 0.4443359375 0.853515625 0.099609375 0.1142578125
0 0.3583984375 0.857421875 0.0595703125 0.076171875
0 0.525390625 0.8837890625 0.041015625 0.0654296875
0 0.71875 0.96484375 0.0576171875 0.0654296875
0 0.47265625 0.9580078125 0.060546875 0.080078125
0 0.892578125 0.359375 0.080078125 0.080078125
0 0.8720703125 0.3759765625 0.0703125 0.0732421875
0 0.884765625 0.439453125 0.0546875 0.080078125
0 0.873046875 0.705078125 0.248046875 0.3486328125
0 0.9677734375 0.8759765625 0.056640625 0.0732421875
0 0.83984375 0.919921875 0.1171875 0.146484375
0 0.93359375 0.9482421875 0.107421875 0.0986328125