0 0.318359375 0.267578125 0.09375 0.1298828125
0 0.23828125 0.314453125 0.130859375 0.103515625
0 0.107421875 0.044921875 0.2138671875 0.0888671875
0 0.013671875 0.548828125 0.02734375 0.125
0 0.1669921875 0.1923828125 0.1279296875 0.138671875
0 0.58203125 0.017578125 0.0625 0.0341796875
0 0.5244140625 0.017578125 0.0830078125 0.0341796875
0 0.826171875 0.0400390625 0.107421875 0.080078125
0 0.87890625 0.03515625 0.0751953125 0.0703125
0 0.6044921875 0.0361328125 0.0654296875 0.072265625
0 0.9423828125 0.05078125 0.111328125 0.1015625
0 0.732421875 0.1005859375 0.208984375 0.201171875
0 0.849609375 0.1201171875 0.1328125 0.1357421875
0 0.6611328125 0.150390625 0.1064453125 0.138671875
0 0.689453125 0.2001953125 0.0673828125 0.111328125
0 0.75 0.208984375 0.1015625 0.140625
0 0.8623046875 0.244140625 0.1376953125 0.1923828125
0 0.951171875 0.2744140625 0.091796875 0.138671875
0 0.73046875 0.3427734375 0.048828125 0.0517578125
0 0.498046875 0.3515625 0.1376953125 0.1455078125
0 0.392578125 0.36328125 0.0517578125 0.0830078125
0 0.9375 0.369140625 0.1201171875 0.166015625
0 0.6865234375 0.4013671875 0.0703125 0.078125
0 0.94140625 0.48828125 0.103515625 0.1455078125
0 0.9794921875 0.494140625 0.0361328125 0.232421875
0 0.8525390625 0.521484375 0.146484375 0.1875
0 0.611328125 0.537109375 0.0654296875 0.0751953125
0 0.498046875 0.541015625 0.044921875 0.064453125
0 0.376953125 0.591796875 0.0205078125 0.044921875
0 0.9619140625 0.576171875 0.072265625 0.080078125
0 0.564453125 0.591796875 0.0625 0.048828125
0 0.80078125 0.5830078125 0.138671875 0.0654296875
0 0.9013671875 0.583984375 0.134765625 0.0625
0 0.169921875 0.646484375 0.0703125 0.0576171875
0 0.25 0.6884765625 0.0576171875 0.078125
0 0.3232421875 0.8095703125 0.0654296875 0.0703125
0 0.341796875 0.9462890625 0.044921875 0.103515625
0 0.208984375 0.9599609375 0.052734375 0.0751953125
0 0.185546875 0.9619140625 0.072265625 0.072265625
0 0.255859375 0.966796875 0.0517578125 0.0625
0 0.8740234375 0.826171875 0.060546875 0.0888671875
0 0.634765625 0.8388671875 0.0283203125 0.0576171875
0 0.984375 0.845703125 0.0263671875 0.060546875
0 0.443359375 0.8583984375 0.046875 0.0732421875
0 0.93359375 0.8505859375 0.080078125 0.1298828125
0 0.8974609375 0.8583984375 0.041015625 0.064453125
0 0.4921875 0.8837890625 0.037109375 0.0517578125
0 0.974609375 0.884765625 0.0361328125 0.048828125
0 0.4150390625 0.896484375 0.0703125 0.091796875
0 0.5166015625 0.8984375 0.0439453125 0.056640625
0 0.841796875 0.8984375 0.0439453125 0.060546875
0 0.9912109375 0.8974609375 0.0126953125 0.060546875
0 0.87890625 0.904296875 0.0517578125 0.0732421875
0 0.513671875 0.931640625 0.033203125 0.03125
0 0.8603515625 0.927734375 0.0625 0.0673828125
0 0.5498046875 0.9423828125 0.037109375 0.048828125
0 0.9794921875 0.9462890625 0.0361328125 0.060546875
0 0.9169921875 0.9599609375 0.0751953125 0.0751953125
0 0.5361328125 0.978515625 0.0625 0.0390625
0 0.453125 0.9794921875 0.0888671875 0.0361328125
0 0.9599609375 0.9794921875 0.0703125 0.0361328125
0 0.466796875 0.623046875 0.03125 0.009765625
0 0.904296875 0.63671875 0.048828125 0.0390625
0 0.484375 0.638671875 0.0361328125 0.0439453125
0 0.560546875 0.6513671875 0.0390625 0.0595703125
0 0.5166015625 0.6875 0.037109375 0.048828125
0 0.4365234375 0.705078125 0.056640625 0.0830078125
0 0.525390625 0.716796875 0.0498046875 0.068359375
0 0.986328125 0.7099609375 0.021484375 0.083984375
0 0.849609375 0.716796875 0.044921875 0.068359375
0 0.98046875 0.712890625 0.0234375 0.048828125
0 0.4658203125 0.74609375 0.060546875 0.083984375
0 0.984375 0.73828125 0.0263671875 0.048828125
0 0.873046875 0.7421875 0.052734375 0.0810546875
0 0.560546875 0.7587890625 0.03125 0.0517578125
0 0.501953125 0.765625 0.0595703125 0.0888671875
0 0.927734375 0.763671875 0.087890625 0.0830078125
0 0.796875 0.763671875 0.0263671875 0.0517578125
0 0.451171875 0.783203125 0.0625 0.072265625
0 0.4375 0.7978515625 0.0439453125 0.0654296875
0 0.40234375 0.81640625 0.0703125 0.119140625
0 0.986328125 0.8056640625 0.021484375 0.0966796875