0 0.28515625 0.0517578125 0.119140625 0.103515625
0 0.3515625 0.02734375 0.0595703125 0.0546875
0 0.380859375 0.0830078125 0.0517578125 0.056640625
0 0.060546875 0.1904296875 0.12109375 0.130859375
0 0.173828125 0.19140625 0.0830078125 0.109375
0 0.388671875 0.1357421875 0.0341796875 0.0751953125
0 0.3505859375 0.1552734375 0.1015625 0.095703125
0 0.142578125 0.255859375 0.1171875 0.140625
0 0.037109375 0.2919921875 0.07421875 0.087890625
0 0.3818359375 0.251953125 0.048828125 0.1064453125
0 0.390625 0.294921875 0.03125 0.083984375
0 0.9736328125 0.0380859375 0.048828125 0.076171875
0 0.7841796875 0.0849609375 0.0830078125 0.080078125
0 0.921875 0.1025390625 0.09375 0.0908203125
0 0.72265625 0.24609375 0.2060546875 0.1796875
0 0.8662109375 0.265625 0.0751953125 0.060546875
0 0.9619140625 0.2392578125 0.072265625 0.193359375
0 0.837890625 0.322265625 0.09375 0.029296875
0 0.8505859375 0.017578125 0.0673828125 0.0341796875
0 0.9462890625 0.021484375 0.103515625 0.04296875
0 0.181640625 0.392578125 0.21875 0.107421875
0 0.10546875 0.4306640625 0.072265625 0.0439453125
0 0.044921875 0.4736328125 0.08984375 0.134765625
0 0.14453125 0.71484375 0.2890625 0.3876953125
0 0.322265625 0.7294921875 0.0625 0.0751953125
0 0.376953125 0.7099609375 0.0576171875 0.1513671875
0 0.2685546875 0.849609375 0.138671875 0.1513671875
0 0.056640625 0.9169921875 0.1123046875 0.1591796875
0 0.1875 0.966796875 0.111328125 0.060546875
0 0.486328125 0.380859375 0.15625 0.083984375
0 0.720703125 0.3544921875 0.1923828125 0.03125
0 0.529296875 0.4873046875 0.115234375 0.1201171875
0 0.7919921875 0.5205078125 0.4111328125 0.3642578125
0 0.43359375 0.595703125 0.0517578125 0.1142578125
0 0.5068359375 0.685546875 0.1201171875 0.1123046875
0 0.705078125 0.6767578125 0.2861328125 0.2998046875
0 0.95703125 0.701171875 0.0830078125 0.1328125
0 0.505859375 0.8359375 0.1123046875 0.125
0 0.5576171875 0.880859375 0.1826171875 0.15625
0 0.857421875 0.833984375 0.1484375 0.1298828125