0 0.642578125 0.1123046875 0.1298828125 0.1484375
0 0.783203125 0.13671875 0.1279296875 0.1533203125
0 0.9931640625 0.140625 0.009765625 0.0654296875
0 0.89453125 0.2333984375 0.0390625 0.0439453125
0 0.650390625 0.263671875 0.205078125 0.2861328125
0 0.02734375 0.7568359375 0.0546875 0.138671875
0 0.205078125 0.783203125 0.259765625 0.2861328125
0 0.396484375 0.814453125 0.0498046875 0.0654296875
0 0.4931640625 0.8125 0.1064453125 0.1298828125
0 0.330078125 0.919921875 0.1123046875 0.1298828125
0 0.5107421875 0.912109375 0.0703125 0.169921875
0 0.0693359375 0.9326171875 0.138671875 0.1298828125
0 0.5107421875 0.970703125 0.0703125 0.052734375
0 0.763671875 0.654296875 0.0703125 0.03125
0 0.986328125 0.6787109375 0.025390625 0.041015625
0 0.7255859375 0.74609375 0.1142578125 0.1123046875
0 0.791015625 0.7509765625 0.0810546875 0.0830078125
0 0.57421875 0.8525390625 0.052734375 0.1142578125
0 0.771484375 0.880859375 0.0859375 0.068359375
0 0.8544921875 0.921875 0.2861328125 0.1513671875
0 0.951171875 0.98046875 0.09375 0.0341796875