0 0.4287109375 0.3955078125 0.041015625 0.041015625
0 0.3994140625 0.390625 0.0439453125 0.0517578125
0 0.3388671875 0.3818359375 0.0341796875 0.0439453125
0 0.421875 0.4111328125 0.021484375 0.009765625
0 0.3076171875 0.392578125 0.0859375 0.048828125
0 0.431640625 0.640625 0.1044921875 0.142578125
0 0.3046875 0.615234375 0.158203125 0.150390625
0 0.2060546875 0.595703125 0.1201171875 0.123046875
0 0.3369140625 0.67578125 0.087890625 0.115234375
0 0.380859375 0.69140625 0.0654296875 0.083984375
0 0.44921875 0.7080078125 0.0810546875 0.1171875
0 0.22265625 0.6640625 0.0986328125 0.1064453125
0 0.296875 0.7158203125 0.09375 0.109375
0 0.115234375 0.6796875 0.1298828125 0.1328125
0 0.0244140625 0.673828125 0.048828125 0.080078125
0 0.365234375 0.767578125 0.078125 0.087890625
0 0.1591796875 0.72265625 0.068359375 0.09375
0 0.0205078125 0.705078125 0.041015625 0.09375
0 0.4462890625 0.8076171875 0.080078125 0.1015625
0 0.2275390625 0.765625 0.09375 0.109375
0 0.4189453125 0.8515625 0.091796875 0.1064453125
0 0.025390625 0.7783203125 0.0498046875 0.115234375
0 0.4619140625 0.88671875 0.048828125 0.091796875
0 0.091796875 0.83203125 0.087890625 0.1064453125
0 0.0439453125 0.8232421875 0.0732421875 0.0888671875
0 0.2548828125 0.8740234375 0.0830078125 0.109375
0 0.435546875 0.935546875 0.0986328125 0.125
0 0.298828125 0.9306640625 0.0830078125 0.1064453125
0 0.013671875 0.8974609375 0.02734375 0.107421875
0 0.3798828125 0.98046875 0.0830078125 0.0341796875
0 0.0263671875 0.955078125 0.052734375 0.087890625
0 0.0712890625 0.9775390625 0.060546875 0.041015625
0 0.814453125 0.6953125 0.109375 0.111328125
0 0.9130859375 0.787109375 0.1689453125 0.1904296875
0 0.7607421875 0.8095703125 0.1328125 0.1044921875
0 0.9599609375 0.875 0.0751953125 0.1015625
0 0.9052734375 0.92578125 0.1376953125 0.140625
0 0.529296875 0.8642578125 0.0830078125 0.0888671875
0 0.81640625 0.974609375 0.107421875 0.044921875
0 0.51953125 0.955078125 0.0625 0.087890625
0 0.6201171875 0.9599609375 0.2314453125 0.0751953125