0 0.1455078125 0.275390625 0.09375 0.103515625
0 0.2802734375 0.337890625 0.185546875 0.171875
0 0.115234375 0.400390625 0.1201171875 0.09375
0 0.3349609375 0.4169921875 0.0888671875 0.09375
0 0.3818359375 0.4375 0.009765625 0.0673828125
0 0.2763671875 0.4814453125 0.1171875 0.130859375
0 0.37109375 0.529296875 0.03125 0.107421875
0 0.2021484375 0.5712890625 0.0966796875 0.0751953125
0 0.16015625 0.630859375 0.060546875 0.0517578125
0 0.05859375 0.6044921875 0.1171875 0.103515625
0 0.7177734375 0.603515625 0.0751953125 0.064453125
0 0.5400390625 0.60546875 0.228515625 0.1015625
0 0.4365234375 0.021484375 0.095703125 0.04296875
0 0.888671875 0.033203125 0.123046875 0.0654296875
0 0.544921875 0.1005859375 0.263671875 0.201171875
0 0.7373046875 0.095703125 0.095703125 0.0966796875
0 0.98046875 0.158203125 0.0341796875 0.1328125
0 0.8681640625 0.216796875 0.255859375 0.43359375
0 0.689453125 0.244140625 0.1533203125 0.1171875
0 0.4375 0.271484375 0.0966796875 0.1064453125
0 0.818359375 0.37890625 0.1953125 0.171875
0 0.5869140625 0.404296875 0.255859375 0.240234375
0 0.947265625 0.466796875 0.064453125 0.0830078125
0 0.67578125 0.4833984375 0.1455078125 0.1640625
0 0.4736328125 0.576171875 0.1689453125 0.1611328125
0 0.873046875 0.5732421875 0.205078125 0.166015625
0 0.17578125 0.859375 0.3515625 0.2763671875
0 0.0869140625 0.904296875 0.173828125 0.185546875
0 0.521484375 0.66796875 0.0439453125 0.0205078125
0 0.537109375 0.6767578125 0.0361328125 0.0361328125
0 0.8212890625 0.697265625 0.0703125 0.076171875
0 0.6904296875 0.736328125 0.0498046875 0.0830078125
0 0.6806640625 0.7890625 0.0205078125 0.064453125
0 0.705078125 0.8037109375 0.0283203125 0.0546875
0 0.708984375 0.837890625 0.0283203125 0.0576171875
0 0.7607421875 0.90234375 0.0263671875 0.0498046875
0 0.4677734375 0.927734375 0.0361328125 0.0576171875
0 0.591796875 0.9482421875 0.0517578125 0.095703125