0 0.021484375 0.02734375 0.0419921875 0.0546875
0 0.4794921875 0.0068359375 0.060546875 0.013671875
0 0.4375 0.0205078125 0.076171875 0.041015625
0 0.0087890625 0.060546875 0.017578125 0.044921875
0 0.3525390625 0.0341796875 0.044921875 0.0595703125
0 0.37890625 0.0419921875 0.033203125 0.0419921875
0 0.482421875 0.0302734375 0.0439453125 0.056640625
0 0.400390625 0.056640625 0.072265625 0.0751953125
0 0.44140625 0.0576171875 0.033203125 0.0439453125
0 0.419921875 0.087890625 0.0498046875 0.056640625
0 0.435546875 0.1044921875 0.029296875 0.037109375
0 0.4892578125 0.1083984375 0.041015625 0.0546875
0 0.4130859375 0.1220703125 0.0439453125 0.0517578125
0 0.3837890625 0.134765625 0.044921875 0.0595703125
0 0.021484375 0.2001953125 0.04296875 0.080078125
0 0.455078125 0.16015625 0.041015625 0.046875
0 0.380859375 0.1953125 0.0390625 0.0390625
0 0.427734375 0.216796875 0.0341796875 0.029296875
0 0.4306640625 0.2529296875 0.0341796875 0.0390625
0 0.42578125 0.267578125 0.0439453125 0.017578125
0 0.7763671875 0.138671875 0.0966796875 0.2763671875
0 0.86328125 0.232421875 0.2705078125 0.0888671875
0 0.8525390625 0.029296875 0.248046875 0.05859375
0 0.16015625 0.7666015625 0.0517578125 0.072265625
0 0.12109375 0.7734375 0.0654296875 0.0859375
0 0.189453125 0.81640625 0.03125 0.033203125
0 0.478515625 0.7958984375 0.0625 0.078125
0 0.634765625 0.7734375 0.0390625 0.060546875
0 0.0791015625 0.87109375 0.052734375 0.0498046875
0 0.1396484375 0.8857421875 0.0390625 0.0419921875
0 0.1796875 0.8828125 0.0419921875 0.068359375
0 0.291015625 0.8896484375 0.0439453125 0.064453125
0 0.4892578125 0.8701171875 0.03125 0.048828125
0 0.642578125 0.849609375 0.0390625 0.0654296875
0 0.3701171875 0.892578125 0.0390625 0.064453125
0 0.447265625 0.892578125 0.0283203125 0.052734375
0 0.12890625 0.947265625 0.03125 0.0341796875
0 0.255859375 0.490234375 0.0390625 0.0673828125
0 0.5673828125 0.478515625 0.0517578125 0.078125
0 0.6708984375 0.4775390625 0.0439453125 0.060546875
0 0.1279296875 0.587890625 0.0498046875 0.046875
0 0.6455078125 0.521484375 0.0517578125 0.091796875
0 0.46875 0.55078125 0.0439453125 0.0830078125
0 0.603515625 0.548828125 0.0576171875 0.078125
0 0.2578125 0.599609375 0.0498046875 0.072265625
0 0.0263671875 0.654296875 0.052734375 0.0888671875
0 0.708984375 0.564453125 0.0341796875 0.1015625
0 0.2734375 0.6337890625 0.046875 0.0751953125
0 0.662109375 0.5888671875 0.046875 0.0673828125
0 0.6044921875 0.6025390625 0.0361328125 0.056640625
0 0.634765625 0.599609375 0.0439453125 0.0595703125
0 0.953125 0.31640625 0.0888671875 0.0751953125
0 0.927734375 0.3642578125 0.109375 0.0751953125
0 0.853515625 0.48046875 0.1123046875 0.078125
0 0.919921875 0.5712890625 0.15625 0.1796875
0 0.8369140625 0.630859375 0.216796875 0.208984375
0 0.888671875 0.765625 0.21875 0.1376953125
0 0.9150390625 0.935546875 0.166015625 0.125