0 0.791015625 0.6181640625 0.251953125 0.3544921875
0 0.525390625 0.431640625 0.193359375 0.2890625
0 0.4873046875 0.564453125 0.0419921875 0.0517578125
0 0.7021484375 0.197265625 0.0419921875 0.0576171875
0 0.7158203125 0.2431640625 0.025390625 0.0361328125
0 0.373046875 0.173828125 0.099609375 0.130859375
0 0.337890625 0.2734375 0.119140625 0.1640625
0 0.2998046875 0.3544921875 0.029296875 0.0390625
0 0.189453125 0.09765625 0.0283203125 0.046875
0 0.2333984375 0.1142578125 0.0205078125 0.033203125
0 0.1962890625 0.255859375 0.037109375 0.0576171875
0 0.177734375 0.2197265625 0.025390625 0.033203125
0 0.03125 0.0234375 0.025390625 0.033203125
0 0.009765625 0.0986328125 0.01953125 0.037109375
0 0.05859375 0.130859375 0.0341796875 0.0546875
0 0.0166015625 0.326171875 0.025390625 0.046875
0 0.021484375 0.2705078125 0.029296875 0.0439453125
0 0.052734375 0.251953125 0.0625 0.064453125
0 0.064453125 0.19921875 0.0439453125 0.0439453125
0 0.115234375 0.3583984375 0.044921875 0.0546875
0 0.1435546875 0.384765625 0.021484375 0.0361328125
0 0.205078125 0.6357421875 0.1591796875 0.2392578125
0 0.1611328125 0.5341796875 0.052734375 0.068359375
0 0.15625 0.47265625 0.052734375 0.0625
0 0.107421875 0.724609375 0.0419921875 0.0830078125
0 0.107421875 0.509765625 0.0546875 0.0625
0 0.052734375 0.650390625 0.099609375 0.216796875
0 0.0732421875 0.5302734375 0.0341796875 0.0517578125
0 0.046875 0.3349609375 0.029296875 0.0390625
0 0.080078125 0.298828125 0.033203125 0.046875
0 0.111328125 0.318359375 0.0341796875 0.0439453125
0 0.103515625 0.275390625 0.0341796875 0.046875
0 0.080078125 0.4833984375 0.033203125 0.046875
0 0.0888671875 0.443359375 0.029296875 0.046875
0 0.07421875 0.345703125 0.0419921875 0.064453125
0 0.091796875 0.3984375 0.0341796875 0.0517578125
0 0.107421875 0.583984375 0.0751953125 0.1123046875
0 0.111328125 0.6552734375 0.037109375 0.0439453125
0 0.033203125 0.3115234375 0.037109375 0.046875
0 0.134765625 0.298828125 0.041015625 0.0390625
0 0.1328125 0.259765625 0.046875 0.0546875
0 0.0107421875 0.7333984375 0.017578125 0.0439453125
0 0.1142578125 0.2294921875 0.041015625 0.046875