0 0.9130859375 0.259765625 0.0341796875 0.072265625
0 0.666015625 0.2607421875 0.322265625 0.4111328125
0 0.1865234375 0.27734375 0.095703125 0.1142578125
0 0.384765625 0.3203125 0.064453125 0.087890625
0 0.3642578125 0.3447265625 0.060546875 0.068359375
0 0.212890625 0.376953125 0.060546875 0.080078125
0 0.150390625 0.39453125 0.09375 0.1201171875
0 0.376953125 0.408203125 0.0439453125 0.076171875
0 0.189453125 0.4580078125 0.076171875 0.080078125
0 0.927734375 0.49609375 0.0810546875 0.1357421875
0 0.185546875 0.53515625 0.0625 0.080078125
0 0.591796875 0.55859375 0.076171875 0.0986328125
0 0.73046875 0.55859375 0.1298828125 0.1611328125
0 0.962890625 0.583984375 0.029296875 0.072265625
0 0.76953125 0.587890625 0.044921875 0.0732421875
0 0.8935546875 0.0625 0.076171875 0.1064453125
0 0.9287109375 0.591796875 0.060546875 0.0732421875
0 0.92578125 0.6689453125 0.029296875 0.0546875
0 0.3759765625 0.6767578125 0.2607421875 0.3251953125
0 0.6650390625 0.68359375 0.080078125 0.09375
0 0.078125 0.689453125 0.1376953125 0.109375
0 0.9541015625 0.72265625 0.046875 0.099609375
0 0.716796875 0.7685546875 0.052734375 0.0703125
0 0.091796875 0.7880859375 0.111328125 0.1201171875
0 0.662109375 0.798828125 0.060546875 0.0361328125
0 0.052734375 0.814453125 0.056640625 0.0517578125
0 0.458984375 0.841796875 0.046875 0.068359375
0 0.0849609375 0.8779296875 0.0986328125 0.0986328125
0 0.330078125 0.8916015625 0.095703125 0.138671875
0 0.423828125 0.93359375 0.0859375 0.126953125
0 0.169921875 0.1171875 0.173828125 0.234375
0 0.908203125 0.146484375 0.044921875 0.072265625
0 0.162109375 0.1630859375 0.107421875 0.1298828125
0 0.89453125 0.203125 0.0546875 0.0654296875
0 0.919921875 0.2236328125 0.03125 0.0341796875
0 0.36328125 0.2353515625 0.091796875 0.1044921875