0 0.0927734375 0.072265625 0.0908203125 0.1201171875
0 0.2880859375 0.17578125 0.0625 0.107421875
0 0.1806640625 0.20703125 0.134765625 0.1640625
0 0.1904296875 0.435546875 0.044921875 0.0888671875
0 0.0810546875 0.443359375 0.095703125 0.146484375
0 0.01171875 0.5146484375 0.0234375 0.0703125
0 0.7763671875 0.1123046875 0.0390625 0.052734375
0 0.4365234375 0.0771484375 0.0185546875 0.0341796875
0 0.943359375 0.1376953125 0.03125 0.0498046875
0 0.748046875 0.123046875 0.0361328125 0.044921875
0 0.3779296875 0.0830078125 0.0361328125 0.044921875
0 0.9150390625 0.169921875 0.0263671875 0.046875
0 0.5810546875 0.142578125 0.0234375 0.041015625
0 0.591796875 0.142578125 0.03125 0.0498046875
0 0.4091796875 0.1279296875 0.03125 0.044921875
0 0.7421875 0.1728515625 0.0234375 0.033203125
0 0.3994140625 0.1455078125 0.029296875 0.0498046875
0 0.76171875 0.1884765625 0.0283203125 0.041015625
0 0.5244140625 0.1611328125 0.0439453125 0.076171875
0 0.5400390625 0.171875 0.0361328125 0.0498046875
0 0.373046875 0.181640625 0.029296875 0.0517578125
0 0.9287109375 0.2529296875 0.03125 0.0390625
0 0.58984375 0.21484375 0.0263671875 0.041015625
0 0.697265625 0.236328125 0.0283203125 0.0498046875
0 0.380859375 0.2060546875 0.025390625 0.0283203125
0 0.884765625 0.2685546875 0.0185546875 0.03125
0 0.5263671875 0.2294921875 0.0390625 0.0498046875
0 0.716796875 0.2705078125 0.0361328125 0.0546875
0 0.7333984375 0.2900390625 0.0390625 0.0654296875
0 0.849609375 0.3046875 0.0283203125 0.0283203125
0 0.701171875 0.314453125 0.03125 0.046875
0 0.53515625 0.3037109375 0.041015625 0.0498046875
0 0.8671875 0.345703125 0.033203125 0.0439453125
0 0.9169921875 0.369140625 0.0263671875 0.0419921875
0 0.87890625 0.380859375 0.013671875 0.0205078125
0 0.8857421875 0.384765625 0.03125 0.046875
0 0.884765625 0.3916015625 0.015625 0.0185546875
0 0.6923828125 0.384765625 0.0283203125 0.041015625
0 0.4912109375 0.3671875 0.0361328125 0.0576171875
0 0.5146484375 0.390625 0.048828125 0.0703125
0 0.6669921875 0.4130859375 0.041015625 0.048828125
0 0.6923828125 0.4287109375 0.0283203125 0.041015625
0 0.486328125 0.4189453125 0.03125 0.0390625
0 0.888671875 0.46875 0.0390625 0.052734375
0 0.505859375 0.427734375 0.0185546875 0.0234375
0 0.6611328125 0.453125 0.0439453125 0.0654296875
0 0.912109375 0.4833984375 0.0205078125 0.025390625
0 0.498046875 0.462890625 0.0341796875 0.048828125
0 0.671875 0.49609375 0.0361328125 0.0546875
0 0.859375 0.529296875 0.0361328125 0.0517578125
0 0.5068359375 0.494140625 0.0390625 0.0546875
0 0.673828125 0.5361328125 0.0439453125 0.0390625
0 0.861328125 0.548828125 0.029296875 0.013671875
0 0.466796875 0.533203125 0.0361328125 0.0439453125
0 0.494140625 0.546875 0.0361328125 0.017578125
0 0.9619140625 0.013671875 0.029296875 0.02734375
0 0.7919921875 0.01171875 0.0283203125 0.0234375
0 0.775390625 0.021484375 0.0390625 0.04296875
0 0.56640625 0.009765625 0.033203125 0.0185546875
0 0.982421875 0.0478515625 0.0234375 0.033203125
0 0.9638671875 0.044921875 0.029296875 0.046875
0 0.4013671875 0.005859375 0.041015625 0.01171875
0 0.607421875 0.0458984375 0.0283203125 0.0498046875
0 0.7568359375 0.0634765625 0.0283203125 0.0390625
0 0.5712890625 0.0439453125 0.0517578125 0.068359375
0 0.923828125 0.0908203125 0.0205078125 0.0283203125
0 0.41015625 0.03125 0.0361328125 0.0576171875
0 0.6044921875 0.068359375 0.0361328125 0.044921875
0 0.73828125 0.0859375 0.0341796875 0.0576171875
0 0.5517578125 0.0654296875 0.0361328125 0.044921875
0 0.93359375 0.1123046875 0.03125 0.0419921875
0 0.298828125 0.826171875 0.1015625 0.119140625
0 0.306640625 0.9140625 0.078125 0.083984375
0 0.04296875 0.87890625 0.0859375 0.236328125
0 0.310546875 0.9619140625 0.0888671875 0.072265625
0 0.71875 0.607421875 0.337890625 0.1015625
0 0.7958984375 0.818359375 0.2314453125 0.1904296875
0 0.435546875 0.8017578125 0.15625 0.146484375