0 0.806640625 0.423828125 0.0234375 0.0751953125
0 0.701171875 0.4755859375 0.0283203125 0.0576171875
0 0.666015625 0.486328125 0.0234375 0.0654296875
0 0.9443359375 0.5009765625 0.0341796875 0.0986328125
0 0.705078125 0.517578125 0.025390625 0.0830078125
0 0.5634765625 0.525390625 0.0205078125 0.068359375
0 0.474609375 0.52734375 0.03125 0.080078125
0 0.1123046875 0.53515625 0.033203125 0.0654296875
0 0.04296875 0.5478515625 0.0283203125 0.046875
0 0.4677734375 0.5595703125 0.0283203125 0.060546875
0 0.712890625 0.580078125 0.033203125 0.087890625
0 0.09765625 0.5830078125 0.021484375 0.0517578125
0 0.1376953125 0.5908203125 0.041015625 0.060546875
0 0.546875 0.59375 0.03125 0.072265625
0 0.1943359375 0.6005859375 0.0205078125 0.0439453125
0 0.4501953125 0.61328125 0.029296875 0.072265625
0 0.05078125 0.615234375 0.025390625 0.046875
0 0.3076171875 0.615234375 0.0234375 0.0751953125
0 0.56640625 0.623046875 0.0419921875 0.0673828125
0 0.8369140625 0.626953125 0.0341796875 0.103515625
0 0.748046875 0.630859375 0.0361328125 0.1044921875
0 0.2451171875 0.634765625 0.0234375 0.060546875
0 0.9072265625 0.638671875 0.0361328125 0.080078125
0 0.986328125 0.658203125 0.025390625 0.1298828125
0 0.556640625 0.666015625 0.03125 0.064453125
0 0.43359375 0.6845703125 0.03125 0.056640625
0 0.3037109375 0.6865234375 0.0263671875 0.060546875
0 0.693359375 0.693359375 0.037109375 0.0751953125
0 0.0576171875 0.6953125 0.025390625 0.0498046875
0 0.115234375 0.697265625 0.025390625 0.041015625
0 0.193359375 0.701171875 0.03125 0.060546875
0 0.833984375 0.70703125 0.044921875 0.0966796875
0 0.728515625 0.708984375 0.0341796875 0.0751953125
0 0.783203125 0.7099609375 0.0234375 0.0595703125
0 0.3359375 0.7109375 0.0234375 0.0908203125
0 0.55859375 0.712890625 0.0517578125 0.0751953125
0 0.029296875 0.740234375 0.041015625 0.0751953125
0 0.25390625 0.748046875 0.021484375 0.0673828125
0 0.9755859375 0.751953125 0.0205078125 0.0654296875
0 0.775390625 0.7509765625 0.017578125 0.091796875
0 0.2041015625 0.7548828125 0.013671875 0.0390625
0 0.2275390625 0.755859375 0.0263671875 0.068359375
0 0.1015625 0.759765625 0.0205078125 0.0361328125
0 0.142578125 0.763671875 0.021484375 0.052734375
0 0.28515625 0.7666015625 0.0283203125 0.056640625
0 0.28515625 0.7724609375 0.021484375 0.0654296875
0 0.685546875 0.7783203125 0.03125 0.056640625
0 0.5341796875 0.779296875 0.025390625 0.0654296875
0 0.337890625 0.78515625 0.0595703125 0.076171875
0 0.314453125 0.791015625 0.017578125 0.068359375
0 0.908203125 0.79296875 0.0341796875 0.060546875
0 0.771484375 0.802734375 0.025390625 0.072265625
0 0.1376953125 0.802734375 0.015625 0.0576171875
0 0.7060546875 0.8056640625 0.0185546875 0.0673828125
0 0.4130859375 0.80859375 0.0341796875 0.091796875
0 0.982421875 0.810546875 0.0341796875 0.0986328125
0 0.5439453125 0.8125 0.0439453125 0.0390625
0 0.4599609375 0.818359375 0.041015625 0.0498046875
0 0.5693359375 0.818359375 0.0390625 0.09375
0 0.0849609375 0.8203125 0.044921875 0.078125
0 0.158203125 0.822265625 0.021484375 0.068359375
0 0.2197265625 0.8310546875 0.015625 0.056640625
0 0.716796875 0.8359375 0.021484375 0.0859375
0 0.67578125 0.83984375 0.029296875 0.080078125
0 0.306640625 0.841796875 0.017578125 0.052734375
0 0.953125 0.8515625 0.041015625 0.1455078125
0 0.1318359375 0.853515625 0.029296875 0.052734375
0 0.294921875 0.861328125 0.017578125 0.0498046875
0 0.7607421875 0.861328125 0.017578125 0.064453125
0 0.80859375 0.865234375 0.029296875 0.1015625
0 0.1787109375 0.865234375 0.017578125 0.056640625
0 0.361328125 0.865234375 0.0205078125 0.064453125
0 0.693359375 0.8681640625 0.0283203125 0.052734375
0 0.4365234375 0.87109375 0.0234375 0.0751953125
0 0.576171875 0.8720703125 0.0205078125 0.060546875
0 0.193359375 0.8740234375 0.015625 0.076171875
0 0.2744140625 0.8759765625 0.0234375 0.0546875
0 0.873046875 0.876953125 0.025390625 0.052734375
0 0.349609375 0.880859375 0.03125 0.078125
0 0.099609375 0.880859375 0.0263671875 0.060546875
0 0.64453125 0.880859375 0.0361328125 0.072265625
0 0.908203125 0.880859375 0.0234375 0.0859375
0 0.705078125 0.88671875 0.025390625 0.0859375
0 0.5595703125 0.888671875 0.0283203125 0.056640625
0 0.7587890625 0.892578125 0.021484375 0.0751953125
0 0.228515625 0.896484375 0.0107421875 0.0390625
0 0.21484375 0.90625 0.0126953125 0.0439453125
0 0.982421875 0.908203125 0.0185546875 0.060546875
0 0.0634765625 0.908203125 0.025390625 0.044921875
0 0.41796875 0.912109375 0.025390625 0.041015625
0 0.021484375 0.91015625 0.025390625 0.0283203125
0 0.16796875 0.912109375 0.0185546875 0.046875
0 0.615234375 0.9150390625 0.056640625 0.09375
0 0.130859375 0.9228515625 0.0126953125 0.033203125
0 0.3720703125 0.927734375 0.0419921875 0.1015625
0 0.87109375 0.9287109375 0.0107421875 0.0361328125
0 0.091796875 0.9306640625 0.017578125 0.0439453125
0 0.7939453125 0.9296875 0.029296875 0.072265625
0 0.931640625 0.9296875 0.013671875 0.056640625
0 0.9677734375 0.931640625 0.0185546875 0.0517578125
0 0.306640625 0.93359375 0.0283203125 0.044921875
0 0.533203125 0.93359375 0.0341796875 0.064453125
0 0.197265625 0.935546875 0.0185546875 0.0361328125
0 0.263671875 0.9404296875 0.0205078125 0.0498046875
0 0.8515625 0.943359375 0.0107421875 0.0546875
0 0.16015625 0.9453125 0.0283203125 0.0498046875
0 0.51953125 0.951171875 0.0390625 0.056640625
0 0.810546875 0.951171875 0.025390625 0.0859375
0 0.9013671875 0.953125 0.0205078125 0.044921875
0 0.951171875 0.95703125 0.0234375 0.052734375
0 0.12890625 0.958984375 0.0283203125 0.0673828125
0 0.869140625 0.962890625 0.025390625 0.0517578125
0 0.646484375 0.9638671875 0.0546875 0.0673828125
0 0.197265625 0.96484375 0.0283203125 0.044921875
0 0.044921875 0.962890625 0.046875 0.068359375
0 0.716796875 0.96484375 0.052734375 0.0654296875
0 0.9873046875 0.9658203125 0.0234375 0.060546875
0 0.220703125 0.9677734375 0.048828125 0.056640625
0 0.7822265625 0.970703125 0.0361328125 0.052734375
0 0.087890625 0.9736328125 0.0185546875 0.0439453125
0 0.365234375 0.974609375 0.033203125 0.044921875
0 0.912109375 0.978515625 0.013671875 0.0283203125
0 0.396484375 0.9775390625 0.025390625 0.021484375
0 0.962890625 0.982421875 0.0283203125 0.03125
0 0.291015625 0.978515625 0.029296875 0.0390625
0 0.681640625 0.357421875 0.021484375 0.0576171875
0 0.9404296875 0.369140625 0.025390625 0.080078125