0 0.3095703125 0.1474609375 0.037109375 0.0888671875
0 0.048828125 0.1357421875 0.09765625 0.119140625
0 0.2705078125 0.177734375 0.0888671875 0.115234375
0 0.35546875 0.212890625 0.0625 0.0888671875
0 0.0986328125 0.20703125 0.091796875 0.0673828125
0 0.361328125 0.31640625 0.0517578125 0.09375
0 0.1513671875 0.3525390625 0.302734375 0.248046875
0 0.3642578125 0.4482421875 0.044921875 0.056640625
0 0.1962890625 0.029296875 0.103515625 0.0576171875
0 0.1201171875 0.0634765625 0.068359375 0.0830078125
0 0.5126953125 0.154296875 0.029296875 0.068359375
0 0.884765625 0.17578125 0.111328125 0.2216796875
0 0.458984375 0.234375 0.0390625 0.0546875
0 0.46484375 0.302734375 0.03125 0.056640625
0 0.408203125 0.3076171875 0.0361328125 0.0625
0 0.3974609375 0.32421875 0.017578125 0.072265625
0 0.578125 0.361328125 0.0419921875 0.0751953125
0 0.5126953125 0.416015625 0.0439453125 0.076171875
0 0.78515625 0.3994140625 0.146484375 0.154296875
0 0.9794921875 0.095703125 0.0361328125 0.15625
0 0.203125 0.494140625 0.021484375 0.03125
0 0.2998046875 0.515625 0.046875 0.0517578125
0 0.228515625 0.515625 0.0341796875 0.0751953125
0 0.380859375 0.564453125 0.0126953125 0.048828125
0 0.255859375 0.572265625 0.041015625 0.0859375
0 0.36328125 0.5966796875 0.0341796875 0.0732421875
0 0.2724609375 0.6396484375 0.0263671875 0.0546875
0 0.37890625 0.65625 0.017578125 0.0625
0 0.271484375 0.6767578125 0.0439453125 0.0654296875
0 0.3115234375 0.6787109375 0.046875 0.0703125
0 0.3486328125 0.693359375 0.0390625 0.0703125
0 0.361328125 0.767578125 0.052734375 0.0908203125
0 0.302734375 0.794921875 0.0390625 0.0751953125
0 0.8134765625 0.9013671875 0.0546875 0.0830078125
0 0.5693359375 0.896484375 0.0234375 0.0546875
0 0.9287109375 0.9287109375 0.03125 0.0546875
0 0.3955078125 0.9013671875 0.0126953125 0.072265625
0 0.8701171875 0.9296875 0.0673828125 0.119140625
0 0.9599609375 0.9365234375 0.03125 0.052734375
0 0.873046875 0.548828125 0.0361328125 0.0595703125
0 0.8330078125 0.935546875 0.0361328125 0.0595703125
0 0.427734375 0.9296875 0.033203125 0.048828125
0 0.912109375 0.966796875 0.03125 0.044921875
0 0.451171875 0.9453125 0.0361328125 0.0498046875
0 0.77734375 0.9697265625 0.0361328125 0.0546875
0 0.939453125 0.974609375 0.0341796875 0.044921875
0 0.814453125 0.970703125 0.048828125 0.056640625
0 0.447265625 0.978515625 0.029296875 0.0263671875
0 0.794921875 0.984375 0.0576171875 0.0263671875
0 0.484375 0.982421875 0.0361328125 0.029296875
0 0.9716796875 0.583984375 0.041015625 0.0859375
0 0.443359375 0.564453125 0.0419921875 0.076171875
0 0.900390625 0.6259765625 0.0263671875 0.0546875
0 0.8662109375 0.646484375 0.03125 0.0517578125
0 0.7509765625 0.6416015625 0.041015625 0.046875
0 0.80859375 0.6611328125 0.0361328125 0.046875
0 0.86328125 0.671875 0.048828125 0.0703125
0 0.953125 0.6806640625 0.041015625 0.0517578125
0 0.4130859375 0.65234375 0.0283203125 0.0361328125
0 0.8486328125 0.6982421875 0.0390625 0.0703125
0 0.4248046875 0.6787109375 0.0283203125 0.0498046875
0 0.501953125 0.705078125 0.0341796875 0.0546875
0 0.4560546875 0.736328125 0.033203125 0.0439453125
0 0.396484375 0.748046875 0.013671875 0.080078125
0 0.46484375 0.7666015625 0.046875 0.0625
0 0.943359375 0.794921875 0.0419921875 0.076171875
0 0.7900390625 0.7919921875 0.041015625 0.0654296875
0 0.921875 0.798828125 0.021484375 0.0439453125
0 0.41015625 0.791015625 0.041015625 0.076171875
0 0.9287109375 0.8203125 0.0263671875 0.044921875
0 0.8115234375 0.818359375 0.046875 0.0751953125
0 0.5009765625 0.8115234375 0.0263671875 0.046875
0 0.44140625 0.814453125 0.0517578125 0.0830078125
0 0.8671875 0.841796875 0.080078125 0.0732421875
0 0.736328125 0.833984375 0.0205078125 0.0498046875
0 0.404296875 0.828125 0.029296875 0.0703125
0 0.943359375 0.890625 0.0517578125 0.0888671875