0 0.0380859375 0.05859375 0.076171875 0.1171875
0 0.169921875 0.09375 0.208984375 0.1875
0 0.5419921875 0.025390625 0.09375 0.0498046875
0 0.048828125 0.1875 0.0966796875 0.111328125
0 0.2421875 0.1552734375 0.099609375 0.1044921875
0 0.560546875 0.0927734375 0.1015625 0.109375
0 0.3095703125 0.162109375 0.0517578125 0.068359375
0 0.205078125 0.2314453125 0.1357421875 0.1455078125
0 0.6298828125 0.169921875 0.013671875 0.103515625
0 0.345703125 0.2490234375 0.1201171875 0.119140625
0 0.56640625 0.2099609375 0.142578125 0.193359375
0 0.158203125 0.333984375 0.1044921875 0.0859375
0 0.4677734375 0.296875 0.0859375 0.09375
0 0.1357421875 0.40625 0.0654296875 0.0625
0 0.3828125 0.3505859375 0.166015625 0.1640625
0 0.060546875 0.404296875 0.1201171875 0.125
0 0.6298828125 0.328125 0.013671875 0.1904296875
0 0.203125 0.4462890625 0.1328125 0.041015625
0 0.5615234375 0.400390625 0.1171875 0.123046875
0 0.4775390625 0.431640625 0.083984375 0.0703125
0 0.396484375 0.4375 0.111328125 0.0576171875
0 0.814453125 0.146484375 0.0576171875 0.052734375
0 0.978515625 0.2197265625 0.0361328125 0.0341796875
0 0.791015625 0.3427734375 0.044921875 0.046875
0 0.9375 0.44921875 0.0576171875 0.0341796875
0 0.3056640625 0.4912109375 0.072265625 0.044921875
0 0.474609375 0.5419921875 0.271484375 0.146484375
0 0.2744140625 0.5673828125 0.2216796875 0.197265625
0 0.5556640625 0.513671875 0.076171875 0.0908203125
0 0.435546875 0.7109375 0.298828125 0.322265625
0 0.228515625 0.76953125 0.2001953125 0.1689453125
0 0.5146484375 0.8056640625 0.078125 0.072265625
0 0.6826171875 0.509765625 0.0859375 0.0830078125
0 0.9375 0.50390625 0.1201171875 0.0703125
0 0.673828125 0.642578125 0.0673828125 0.125
0 0.919921875 0.5986328125 0.154296875 0.177734375
0 0.984375 0.65234375 0.0263671875 0.083984375
0 0.7373046875 0.7255859375 0.095703125 0.1015625
0 0.7734375 0.7919921875 0.244140625 0.203125
0 0.685546875 0.8369140625 0.0908203125 0.263671875
0 0.87890625 0.83203125 0.2392578125 0.3330078125