0 0.228515625 0.0390625 0.0439453125 0.0546875
0 0.494140625 0.072265625 0.0263671875 0.0966796875
0 0.484375 0.0986328125 0.044921875 0.0625
0 0.244140625 0.1240234375 0.046875 0.0625
0 0.4267578125 0.1953125 0.0361328125 0.044921875
0 0.4892578125 0.212890625 0.0361328125 0.044921875
0 0.169921875 0.267578125 0.048828125 0.044921875
0 0.423828125 0.31640625 0.046875 0.0517578125
0 0.2333984375 0.3271484375 0.044921875 0.03125
0 0.6083984375 0.02734375 0.0986328125 0.0546875
0 0.5517578125 0.060546875 0.083984375 0.1201171875
0 0.697265625 0.201171875 0.1220703125 0.1376953125
0 0.580078125 0.21875 0.138671875 0.134765625
0 0.67578125 0.3232421875 0.1845703125 0.1767578125
0 0.533203125 0.3212890625 0.044921875 0.130859375
0 0.5869140625 0.443359375 0.1533203125 0.181640625
0 0.71484375 0.5 0.146484375 0.091796875
0 0.064453125 0.646484375 0.12890625 0.19921875
0 0.359375 0.681640625 0.271484375 0.267578125
0 0.22265625 0.7109375 0.0703125 0.052734375
0 0.044921875 0.744140625 0.080078125 0.041015625
0 0.189453125 0.775390625 0.1826171875 0.1513671875
0 0.23828125 0.8154296875 0.048828125 0.0595703125
0 0.220703125 0.63671875 0.4404296875 0.177734375