0 0.1318359375 0.0263671875 0.0673828125 0.052734375
0 0.0546875 0.11328125 0.056640625 0.0498046875
0 0.134765625 0.1025390625 0.0595703125 0.060546875
0 0.052734375 0.146484375 0.0498046875 0.0498046875
0 0.349609375 0.1357421875 0.0546875 0.0419921875
0 0.326171875 0.185546875 0.095703125 0.068359375
0 0.279296875 0.220703125 0.0390625 0.0390625
0 0.4091796875 0.197265625 0.0732421875 0.0830078125
0 0.29296875 0.2529296875 0.0439453125 0.0341796875
0 0.1806640625 0.31640625 0.0390625 0.0419921875
0 0.3115234375 0.2919921875 0.046875 0.0517578125
0 0.2412109375 0.333984375 0.046875 0.0390625
0 0.201171875 0.361328125 0.0390625 0.03125
0 0.4609375 0.2998046875 0.0673828125 0.056640625
0 0.5107421875 0.2880859375 0.0908203125 0.0810546875
0 0.5634765625 0.3115234375 0.0546875 0.056640625
0 0.48828125 0.333984375 0.072265625 0.0703125
0 0.1943359375 0.513671875 0.1015625 0.0517578125
0 0.048828125 0.5419921875 0.09765625 0.111328125
0 0.2158203125 0.5703125 0.099609375 0.1123046875
0 0.146484375 0.5986328125 0.150390625 0.1533203125
0 0.404296875 0.57421875 0.080078125 0.095703125
0 0.322265625 0.6103515625 0.0751953125 0.095703125
0 0.373046875 0.634765625 0.0888671875 0.103515625
0 0.62109375 0.56640625 0.03125 0.09375
0 0.21484375 0.689453125 0.1357421875 0.1298828125
0 0.1865234375 0.748046875 0.0986328125 0.107421875
0 0.376953125 0.708984375 0.365234375 0.384765625
0 0.58203125 0.748046875 0.111328125 0.3798828125
0 0.869140625 0.49609375 0.0517578125 0.017578125
0 0.830078125 0.505859375 0.048828125 0.0361328125
0 0.939453125 0.509765625 0.0703125 0.0439453125
0 0.83984375 0.5634765625 0.0751953125 0.0986328125
0 0.888671875 0.560546875 0.0419921875 0.0390625
0 0.904296875 0.5908203125 0.041015625 0.0517578125
0 0.923828125 0.5927734375 0.060546875 0.0703125
0 0.8544921875 0.6328125 0.0751953125 0.0986328125
0 0.880859375 0.626953125 0.046875 0.0517578125
0 0.9736328125 0.64453125 0.048828125 0.064453125
0 0.896484375 0.708984375 0.0595703125 0.078125
0 0.978515625 0.712890625 0.0390625 0.0595703125
0 0.9775390625 0.7568359375 0.041015625 0.076171875
0 0.9423828125 0.802734375 0.052734375 0.0703125
0 0.974609375 0.8359375 0.041015625 0.060546875