0 0.2080078125 0.0673828125 0.2763671875 0.134765625
0 0.27734375 0.0458984375 0.0986328125 0.091796875
0 0.19921875 0.126953125 0.2939453125 0.251953125
0 0.1171875 0.1337890625 0.177734375 0.1533203125
0 0.275390625 0.2265625 0.09375 0.091796875
0 0.9755859375 0.1201171875 0.0439453125 0.240234375
0 0.81640625 0.177734375 0.146484375 0.236328125
0 0.607421875 0.2099609375 0.09375 0.169921875
0 0.876953125 0.216796875 0.103515625 0.1591796875
0 0.767578125 0.234375 0.123046875 0.123046875
0 0.634765625 0.2451171875 0.1201171875 0.1015625
0 0.87890625 0.033203125 0.119140625 0.0654296875
0 0.9208984375 0.044921875 0.142578125 0.08984375
0 0.4482421875 0.068359375 0.134765625 0.13671875
0 0.6884765625 0.056640625 0.1142578125 0.1123046875
0 0.2734375 0.4833984375 0.0517578125 0.048828125
0 0.107421875 0.5166015625 0.21484375 0.376953125
0 0.3349609375 0.57421875 0.021484375 0.1015625
0 0.046875 0.7548828125 0.09375 0.1015625
0 0.248046875 0.783203125 0.197265625 0.2265625
0 0.0576171875 0.904296875 0.115234375 0.1875
0 0.2451171875 0.96875 0.1064453125 0.0576171875
0 0.0224609375 0.3076171875 0.044921875 0.0205078125
0 0.296875 0.37109375 0.0986328125 0.146484375
0 0.912109375 0.31640625 0.103515625 0.0361328125
0 0.55078125 0.30859375 0.138671875 0.021484375
0 0.982421875 0.341796875 0.03125 0.0673828125
0 0.36328125 0.3857421875 0.029296875 0.083984375
0 0.37109375 0.498046875 0.044921875 0.080078125
0 0.3818359375 0.53125 0.0419921875 0.052734375
0 0.431640625 0.546875 0.068359375 0.080078125
0 0.3681640625 0.552734375 0.0390625 0.076171875