0 0.33984375 0.037109375 0.1328125 0.07421875
0 0.54296875 0.046875 0.0673828125 0.09375
0 0.564453125 0.111328125 0.0625 0.142578125
0 0.015625 0.138671875 0.03125 0.0830078125
0 0.505859375 0.2080078125 0.0703125 0.123046875
0 0.197265625 0.220703125 0.166015625 0.259765625
0 0.2763671875 0.361328125 0.0625 0.0888671875
0 0.513671875 0.3662109375 0.083984375 0.080078125
0 0.353515625 0.376953125 0.0576171875 0.0576171875
0 0.875 0.0068359375 0.0576171875 0.013671875
0 0.74609375 0.017578125 0.03125 0.03125
0 0.73828125 0.236328125 0.1064453125 0.119140625
0 0.61328125 0.2412109375 0.029296875 0.0751953125
0 0.064453125 0.4501953125 0.12890625 0.087890625
0 0.013671875 0.623046875 0.0263671875 0.1533203125
0 0.16796875 0.6357421875 0.2890625 0.3779296875
0 0.349609375 0.7099609375 0.0546875 0.0732421875
0 0.4462890625 0.716796875 0.123046875 0.1455078125
0 0.505859375 0.8125 0.0419921875 0.068359375
0 0.267578125 0.8115234375 0.126953125 0.1484375
0 0.48046875 0.83984375 0.1669921875 0.228515625
0 0.0400390625 0.841796875 0.080078125 0.232421875
0 0.537109375 0.91796875 0.095703125 0.111328125
0 0.427734375 0.919921875 0.0830078125 0.1484375
0 0.146484375 0.931640625 0.095703125 0.115234375
0 0.8271484375 0.615234375 0.1298828125 0.134765625
0 0.6298828125 0.66796875 0.0625 0.1298828125
0 0.876953125 0.685546875 0.0966796875 0.080078125
0 0.6826171875 0.794921875 0.1689453125 0.212890625
0 0.62890625 0.810546875 0.060546875 0.25
0 0.85546875 0.841796875 0.2841796875 0.3125
0 0.64453125 0.9619140625 0.091796875 0.072265625
0 0.892578125 0.451171875 0.115234375 0.083984375
0 0.9775390625 0.4755859375 0.041015625 0.134765625
0 0.828125 0.458984375 0.083984375 0.087890625
0 0.759765625 0.498046875 0.1064453125 0.140625
0 0.921875 0.5439453125 0.0751953125 0.091796875
0 0.689453125 0.55078125 0.1044921875 0.1201171875