0 0.21484375 0.646484375 0.2685546875 0.380859375
0 0.47265625 0.435546875 0.2060546875 0.3076171875
0 0.5146484375 0.5634765625 0.0419921875 0.0546875
0 0.2841796875 0.2197265625 0.044921875 0.0625
0 0.271484375 0.2646484375 0.0283203125 0.0390625
0 0.6103515625 0.1611328125 0.1064453125 0.142578125
0 0.6513671875 0.2568359375 0.126953125 0.1748046875
0 0.6923828125 0.3349609375 0.029296875 0.0439453125
0 0.7890625 0.0673828125 0.029296875 0.046875
0 0.748046875 0.0888671875 0.0234375 0.033203125
0 0.791015625 0.224609375 0.041015625 0.0625
0 0.8076171875 0.1865234375 0.025390625 0.0361328125
0 0.96875 0.05078125 0.0234375 0.0361328125
0 0.923828125 0.0869140625 0.037109375 0.0576171875
0 0.974609375 0.27734375 0.0283203125 0.0517578125
0 0.966796875 0.220703125 0.033203125 0.046875
0 0.9326171875 0.2060546875 0.0654296875 0.0732421875
0 0.919921875 0.1552734375 0.044921875 0.046875
0 0.876953125 0.3203125 0.046875 0.0576171875
0 0.849609375 0.34765625 0.025390625 0.041015625
0 0.7998046875 0.6044921875 0.1689453125 0.2548828125
0 0.83984375 0.5 0.0546875 0.076171875
0 0.841796875 0.4384765625 0.0546875 0.068359375
0 0.90234375 0.6826171875 0.046875 0.0859375
0 0.892578125 0.4697265625 0.0576171875 0.0654296875
0 0.94921875 0.6015625 0.1015625 0.224609375
0 0.927734375 0.4873046875 0.037109375 0.0546875
0 0.9443359375 0.2900390625 0.029296875 0.0439453125
0 0.908203125 0.2568359375 0.0341796875 0.0517578125
0 0.8779296875 0.2802734375 0.037109375 0.0439453125
0 0.8837890625 0.2353515625 0.037109375 0.0517578125
0 0.91796875 0.439453125 0.0341796875 0.0517578125
0 0.9072265625 0.40234375 0.033203125 0.0517578125
0 0.9169921875 0.302734375 0.046875 0.072265625
0 0.90234375 0.357421875 0.037109375 0.0546875
0 0.896484375 0.541015625 0.080078125 0.1201171875
0 0.89453125 0.615234375 0.037109375 0.046875
0 0.9560546875 0.2646484375 0.037109375 0.0517578125
0 0.8544921875 0.2626953125 0.0419921875 0.0439453125
0 0.8544921875 0.22265625 0.0498046875 0.0576171875
0 0.9931640625 0.681640625 0.013671875 0.046875
0 0.8720703125 0.189453125 0.0419921875 0.0546875