0 0.2744140625 0.048828125 0.115234375 0.09765625
0 0.3662109375 0.076171875 0.068359375 0.0751953125
0 0.51171875 0.04296875 0.046875 0.076171875
0 0.48828125 0.0615234375 0.041015625 0.072265625
0 0.42578125 0.0947265625 0.052734375 0.0595703125
0 0.3955078125 0.103515625 0.0595703125 0.0810546875
0 0.5244140625 0.1171875 0.1064453125 0.095703125
0 0.0322265625 0.021484375 0.052734375 0.04296875
0 0.013671875 0.029296875 0.02734375 0.05859375
0 0.1064453125 0.017578125 0.083984375 0.03515625
0 0.0673828125 0.033203125 0.080078125 0.06640625
0 0.236328125 0.015625 0.0703125 0.03125
0 0.7216796875 0.2119140625 0.0732421875 0.072265625
0 0.8271484375 0.2431640625 0.0732421875 0.0625
0 0.927734375 0.255859375 0.048828125 0.0498046875
0 0.9775390625 0.248046875 0.041015625 0.056640625
0 0.783203125 0.328125 0.0703125 0.0517578125
0 0.9482421875 0.310546875 0.072265625 0.0673828125
0 0.77734375 0.3544921875 0.060546875 0.044921875
0 0.970703125 0.3642578125 0.052734375 0.0654296875
0 0.810546875 0.4091796875 0.0576171875 0.0498046875
0 0.931640625 0.3837890625 0.060546875 0.044921875
0 0.861328125 0.439453125 0.0830078125 0.048828125
0 0.869140625 0.462890625 0.0498046875 0.0419921875
0 0.8046875 0.4921875 0.0439453125 0.037109375
0 0.982421875 0.453125 0.03125 0.041015625
0 0.9375 0.46875 0.0576171875 0.0439453125
0 0.982421875 0.48828125 0.03125 0.048828125
0 0.83203125 0.56640625 0.072265625 0.041015625
0 0.982421875 0.556640625 0.029296875 0.0595703125
0 0.421875 0.6142578125 0.181640625 0.0517578125
0 0.171875 0.638671875 0.1376953125 0.1015625
0 0.048828125 0.744140625 0.09765625 0.10546875
0 0.3486328125 0.7412109375 0.154296875 0.1376953125
0 0.3056640625 0.79296875 0.513671875 0.4091796875
0 0.05859375 0.900390625 0.1171875 0.1298828125
0 0.185546875 0.955078125 0.2138671875 0.087890625
0 0.5361328125 0.9482421875 0.1015625 0.0986328125
0 0.658203125 0.921875 0.056640625 0.0595703125
0 0.6748046875 0.9404296875 0.109375 0.068359375
0 0.958984375 0.8798828125 0.0673828125 0.048828125
0 0.80859375 0.962890625 0.060546875 0.0498046875
0 0.908203125 0.947265625 0.0517578125 0.052734375
0 0.8779296875 0.9560546875 0.0263671875 0.037109375
0 0.748046875 0.6572265625 0.048828125 0.0830078125