0 0.4208984375 0.087890625 0.064453125 0.044921875
0 0.4013671875 0.11328125 0.048828125 0.041015625
0 0.396484375 0.166015625 0.0810546875 0.064453125
0 0.3154296875 0.1767578125 0.09375 0.087890625
0 0.501953125 0.2060546875 0.046875 0.0517578125
0 0.2197265625 0.181640625 0.068359375 0.0751953125
0 0.296875 0.20703125 0.0361328125 0.052734375
0 0.3916015625 0.224609375 0.076171875 0.064453125
0 0.25 0.220703125 0.068359375 0.072265625
0 0.2705078125 0.263671875 0.0546875 0.056640625
0 0.44140625 0.2958984375 0.0419921875 0.0390625
0 0.3857421875 0.29296875 0.0703125 0.0576171875
0 0.298828125 0.302734375 0.048828125 0.0517578125
0 0.181640625 0.28515625 0.0810546875 0.0751953125
0 0.2939453125 0.3310546875 0.0625 0.072265625
0 0.23828125 0.337890625 0.025390625 0.046875
0 0.2705078125 0.3486328125 0.03125 0.0341796875
0 0.3037109375 0.3642578125 0.03125 0.0263671875
0 0.2431640625 0.361328125 0.0341796875 0.0390625
0 0.21484375 0.3623046875 0.0546875 0.0576171875
0 0.341796875 0.3837890625 0.1015625 0.0888671875
0 0.2626953125 0.37890625 0.0341796875 0.0361328125
0 0.4365234375 0.4140625 0.0517578125 0.068359375
0 0.2392578125 0.392578125 0.041015625 0.0234375
0 0.3330078125 0.4130859375 0.037109375 0.0390625
0 0.154296875 0.3896484375 0.052734375 0.064453125
0 0.20703125 0.40625 0.044921875 0.0439453125
0 0.396484375 0.4326171875 0.052734375 0.029296875
0 0.265625 0.423828125 0.037109375 0.0361328125
0 0.294921875 0.4287109375 0.0546875 0.0361328125
0 0.232421875 0.427734375 0.033203125 0.0390625
0 0.3544921875 0.4375 0.03125 0.0205078125
0 0.3837890625 0.443359375 0.0263671875 0.0078125
0 0.208984375 0.427734375 0.0576171875 0.0390625
0 0.576171875 0.017578125 0.052734375 0.0341796875
0 0.373046875 0.017578125 0.0576171875 0.0341796875
0 0.4580078125 0.056640625 0.056640625 0.064453125
0 0.5126953125 0.0625 0.044921875 0.0546875
0 0.3798828125 0.052734375 0.0576171875 0.0673828125
0 0.0263671875 0.65234375 0.052734375 0.166015625
0 0.15234375 0.72265625 0.3046875 0.548828125
0 0.310546875 0.875 0.2265625 0.2451171875
0 0.9208984375 0.5712890625 0.1357421875 0.146484375
0 0.9423828125 0.712890625 0.111328125 0.1904296875
0 0.748046875 0.80078125 0.28125 0.3955078125
0 0.91015625 0.9423828125 0.1767578125 0.111328125
0 0.767578125 0.962890625 0.2529296875 0.0703125