0 0.146484375 0.0068359375 0.0625 0.013671875
0 0.0380859375 0.029296875 0.068359375 0.05859375
0 0.052734375 0.091796875 0.0439453125 0.0673828125
0 0.2900390625 0.142578125 0.0517578125 0.0732421875
0 0.095703125 0.115234375 0.0576171875 0.0673828125
0 0.044921875 0.126953125 0.046875 0.0595703125
0 0.2275390625 0.171875 0.0419921875 0.0517578125
0 0.0888671875 0.1552734375 0.052734375 0.0654296875
0 0.283203125 0.208984375 0.0517578125 0.0517578125
0 0.1298828125 0.185546875 0.048828125 0.064453125
0 0.2578125 0.22265625 0.0498046875 0.056640625
0 0.087890625 0.205078125 0.0751953125 0.083984375
0 0.1083984375 0.2392578125 0.044921875 0.0517578125
0 0.0849609375 0.255859375 0.0546875 0.064453125
0 0.212890625 0.263671875 0.09375 0.044921875
0 0.0419921875 0.26171875 0.056640625 0.048828125
0 0.826171875 0.0673828125 0.037109375 0.046875
0 0.7919921875 0.0654296875 0.0517578125 0.0498046875
0 0.92578125 0.1044921875 0.0390625 0.041015625
0 0.818359375 0.0869140625 0.0361328125 0.0341796875
0 0.9697265625 0.1171875 0.0263671875 0.033203125
0 0.716796875 0.0771484375 0.0546875 0.0546875
0 0.779296875 0.099609375 0.048828125 0.0419921875
0 0.8583984375 0.115234375 0.0439453125 0.0390625
0 0.8125 0.111328125 0.0439453125 0.037109375
0 0.783203125 0.126953125 0.0283203125 0.0234375
0 0.7314453125 0.1240234375 0.0205078125 0.046875
0 0.8193359375 0.1484375 0.0673828125 0.0625
0 0.7314453125 0.14453125 0.0439453125 0.048828125
0 0.751953125 0.173828125 0.03125 0.041015625
0 0.7724609375 0.181640625 0.0361328125 0.0361328125
0 0.75390625 0.21484375 0.0361328125 0.0361328125
0 0.716796875 0.2138671875 0.072265625 0.0673828125
0 0.669921875 0.2099609375 0.03125 0.03125
0 0.6630859375 0.248046875 0.0517578125 0.0595703125
0 0.705078125 0.263671875 0.033203125 0.044921875
0 0.283203125 0.6416015625 0.56640625 0.708984375
0 0.9736328125 0.494140625 0.048828125 0.1513671875
0 0.87890625 0.4765625 0.158203125 0.1591796875
0 0.783203125 0.4638671875 0.1201171875 0.130859375
0 0.9013671875 0.5341796875 0.087890625 0.1220703125
0 0.943359375 0.546875 0.0654296875 0.0888671875
0 0.982421875 0.560546875 0.029296875 0.125
0 0.7919921875 0.529296875 0.0986328125 0.1123046875
0 0.857421875 0.5791015625 0.09375 0.1142578125
0 0.6826171875 0.55078125 0.1298828125 0.140625
0 0.591796875 0.5556640625 0.044921875 0.0830078125
0 0.9189453125 0.625 0.078125 0.091796875
0 0.716796875 0.5947265625 0.068359375 0.0986328125
0 0.5869140625 0.5849609375 0.0341796875 0.0986328125
0 0.9755859375 0.66015625 0.0439453125 0.107421875
0 0.783203125 0.630859375 0.09375 0.1142578125
0 0.955078125 0.70703125 0.083984375 0.115234375
0 0.5869140625 0.66015625 0.0341796875 0.119140625
0 0.986328125 0.73828125 0.025390625 0.0966796875
0 0.634765625 0.70703125 0.087890625 0.111328125
0 0.5986328125 0.701171875 0.0576171875 0.0966796875
0 0.7939453125 0.7392578125 0.0830078125 0.1142578125
0 0.95703125 0.798828125 0.0830078125 0.15625
0 0.8271484375 0.7939453125 0.0830078125 0.111328125
0 0.986328125 0.8681640625 0.021484375 0.1298828125
0 0.8974609375 0.873046875 0.080078125 0.1064453125
0 0.96484375 0.892578125 0.0654296875 0.1298828125
0 0.595703125 0.8662109375 0.052734375 0.0654296875
0 0.8974609375 0.955078125 0.107421875 0.083984375
0 0.982421875 0.9755859375 0.03125 0.0439453125
0 0.66015625 0.9462890625 0.103515625 0.103515625
0 0.5830078125 0.9443359375 0.0263671875 0.091796875