0 0.029296875 0.1005859375 0.0576171875 0.173828125
0 0.3837890625 0.173828125 0.044921875 0.09375
0 0.1201171875 0.28515625 0.0859375 0.0908203125
0 0.146484375 0.275390625 0.29296875 0.48046875
0 0.234375 0.4267578125 0.34375 0.181640625
0 0.33984375 0.0087890625 0.060546875 0.017578125
0 0.2607421875 0.064453125 0.2138671875 0.1279296875
0 0.87109375 0.486328125 0.056640625 0.0625
0 0.9375 0.0673828125 0.1201171875 0.134765625
0 0.703125 0.2587890625 0.5888671875 0.517578125
0 0.8857421875 0.34765625 0.099609375 0.1044921875
0 0.455078125 0.40234375 0.09375 0.15625
0 0.4169921875 0.466796875 0.017578125 0.0576171875
0 0.12890625 0.7587890625 0.2578125 0.478515625
0 0.634765625 0.58203125 0.125 0.125
0 0.6533203125 0.576171875 0.0654296875 0.0810546875
0 0.4619140625 0.7412109375 0.1064453125 0.1845703125
0 0.787109375 0.80078125 0.419921875 0.3955078125
0 0.51171875 0.986328125 0.0830078125 0.025390625