0 0.0498046875 0.013671875 0.068359375 0.02734375
0 0.166015625 0.021484375 0.12890625 0.04296875
0 0.1220703125 0.04296875 0.0908203125 0.076171875
0 0.080078125 0.0830078125 0.1123046875 0.083984375
0 0.1875 0.0810546875 0.091796875 0.072265625
0 0.4716796875 0.0478515625 0.091796875 0.0859375
0 0.380859375 0.076171875 0.095703125 0.083984375
0 0.2119140625 0.130859375 0.0966796875 0.0751953125
0 0.4609375 0.111328125 0.119140625 0.1064453125
0 0.216796875 0.1708984375 0.0830078125 0.068359375
0 0.4873046875 0.173828125 0.0908203125 0.0888671875
0 0.033203125 0.2294921875 0.06640625 0.052734375
0 0.2109375 0.216796875 0.0654296875 0.0498046875
0 0.0908203125 0.2392578125 0.0703125 0.0654296875
0 0.365234375 0.232421875 0.078125 0.0654296875
0 0.17578125 0.2626953125 0.048828125 0.044921875
0 0.2265625 0.2626953125 0.052734375 0.044921875
0 0.302734375 0.279296875 0.0703125 0.0576171875
0 0.033203125 0.4169921875 0.0654296875 0.041015625
0 0.40234375 0.431640625 0.119140625 0.0126953125
0 0.955078125 0.1357421875 0.0390625 0.0654296875
0 0.9208984375 0.150390625 0.0341796875 0.0703125
0 0.9638671875 0.1767578125 0.041015625 0.0888671875
0 0.8271484375 0.203125 0.0341796875 0.0751953125
0 0.7421875 0.2138671875 0.046875 0.087890625
0 0.740234375 0.2451171875 0.0390625 0.068359375
0 0.978515625 0.236328125 0.0390625 0.0986328125
0 0.822265625 0.271484375 0.044921875 0.080078125
0 0.7314453125 0.302734375 0.0439453125 0.080078125
0 0.591796875 0.322265625 0.0390625 0.0830078125
0 0.84765625 0.2958984375 0.056640625 0.078125
0 0.8466796875 0.3427734375 0.0439453125 0.0703125
0 0.7275390625 0.376953125 0.0419921875 0.0654296875
0 0.6015625 0.39453125 0.0390625 0.068359375
0 0.978515625 0.3505859375 0.0390625 0.0859375
0 0.63671875 0.4013671875 0.0439453125 0.072265625
0 0.857421875 0.38671875 0.0654296875 0.0859375
0 0.984375 0.419921875 0.0263671875 0.0341796875
0 0.845703125 0.4287109375 0.0390625 0.017578125
0 0.9150390625 0.025390625 0.0361328125 0.0498046875
0 0.189453125 0.6279296875 0.046875 0.0439453125
0 0.203125 0.662109375 0.046875 0.0419921875
0 0.1748046875 0.7333984375 0.056640625 0.064453125
0 0.0390625 0.775390625 0.0546875 0.072265625
0 0.283203125 0.771484375 0.0517578125 0.068359375
0 0.3837890625 0.7685546875 0.1513671875 0.181640625
0 0.130859375 0.84375 0.0595703125 0.052734375
0 0.298828125 0.8271484375 0.052734375 0.0546875
0 0.3125 0.833984375 0.052734375 0.056640625
0 0.1904296875 0.853515625 0.0732421875 0.078125
0 0.3525390625 0.8662109375 0.0751953125 0.080078125
0 0.5244140625 0.865234375 0.0439453125 0.0625
0 0.4677734375 0.9521484375 0.0517578125 0.0546875
0 0.033203125 0.9892578125 0.0576171875 0.017578125
0 0.53515625 0.951171875 0.021484375 0.087890625
0 0.30078125 0.9755859375 0.076171875 0.0439453125
0 0.501953125 0.9697265625 0.0283203125 0.041015625
0 0.5205078125 0.97265625 0.0517578125 0.0517578125
0 0.142578125 0.982421875 0.115234375 0.029296875
0 0.3701171875 0.986328125 0.0439453125 0.025390625
0 0.4306640625 0.9931640625 0.052734375 0.009765625
0 0.50390625 0.98828125 0.060546875 0.0205078125
0 0.931640625 0.533203125 0.1328125 0.185546875
0 0.7763671875 0.56640625 0.1171875 0.0908203125
0 0.634765625 0.62109375 0.173828125 0.330078125
0 0.626953125 0.5400390625 0.1591796875 0.2001953125