0 0.7841796875 0.654296875 0.2705078125 0.3876953125
0 0.529296875 0.435546875 0.2109375 0.314453125
0 0.4833984375 0.5634765625 0.044921875 0.0576171875
0 0.7197265625 0.224609375 0.0439453125 0.0654296875
0 0.73046875 0.271484375 0.0283203125 0.0390625
0 0.392578125 0.1591796875 0.107421875 0.1455078125
0 0.3525390625 0.25390625 0.126953125 0.177734375
0 0.310546875 0.330078125 0.029296875 0.0439453125
0 0.2158203125 0.060546875 0.029296875 0.0517578125
0 0.2568359375 0.083984375 0.0234375 0.0361328125
0 0.2109375 0.216796875 0.0419921875 0.0625
0 0.1962890625 0.1796875 0.025390625 0.0361328125
0 0.0361328125 0.0380859375 0.0234375 0.0361328125
0 0.08203125 0.076171875 0.037109375 0.0625
0 0.029296875 0.2666015625 0.029296875 0.0517578125
0 0.025390625 0.25 0.0048828125 0.0048828125
0 0.0361328125 0.2099609375 0.033203125 0.046875
0 0.0712890625 0.1953125 0.0654296875 0.0732421875
0 0.083984375 0.1455078125 0.046875 0.046875
0 0.125 0.310546875 0.046875 0.0576171875
0 0.1513671875 0.3388671875 0.025390625 0.0390625
0 0.1982421875 0.59765625 0.169921875 0.2578125
0 0.16015625 0.490234375 0.0546875 0.0751953125
0 0.16015625 0.4296875 0.0546875 0.068359375
0 0.095703125 0.673828125 0.046875 0.087890625
0 0.109375 0.458984375 0.0576171875 0.068359375
0 0.0498046875 0.591796875 0.099609375 0.228515625
0 0.0732421875 0.4765625 0.037109375 0.0546875
0 0.05859375 0.279296875 0.029296875 0.0439453125
0 0.0947265625 0.24609375 0.037109375 0.0517578125
0 0.1240234375 0.2705078125 0.037109375 0.046875
0 0.119140625 0.2265625 0.037109375 0.0517578125
0 0.0830078125 0.4296875 0.0341796875 0.0517578125
0 0.0947265625 0.3916015625 0.033203125 0.0517578125
0 0.0859375 0.291015625 0.046875 0.072265625
0 0.099609375 0.34765625 0.037109375 0.0546875
0 0.103515625 0.533203125 0.0830078125 0.1201171875
0 0.103515625 0.607421875 0.041015625 0.0517578125
0 0.0458984375 0.25390625 0.0390625 0.0517578125
0 0.1474609375 0.25390625 0.0419921875 0.0439453125
0 0.1494140625 0.2138671875 0.0498046875 0.0576171875
0 0.00390625 0.6689453125 0.0078125 0.046875
0 0.130859375 0.181640625 0.0419921875 0.0546875