0 0.4658203125 0.16015625 0.083984375 0.080078125
0 0.3740234375 0.2099609375 0.0859375 0.09375
0 0.4541015625 0.251953125 0.0625 0.0673828125
0 0.421875 0.349609375 0.0986328125 0.109375
0 0.353515625 0.384765625 0.056640625 0.0546875
0 0.0419921875 0.451171875 0.083984375 0.1611328125
0 0.3779296875 0.4541015625 0.080078125 0.0673828125
0 0.041015625 0.5283203125 0.0810546875 0.0908203125
0 0.365234375 0.5400390625 0.0859375 0.09375
0 0.1005859375 0.548828125 0.0390625 0.064453125
0 0.013671875 0.5830078125 0.02734375 0.103515625
0 0.4482421875 0.6162109375 0.0986328125 0.041015625
0 0.1005859375 0.6142578125 0.1064453125 0.044921875
0 0.33984375 0.60546875 0.146484375 0.0625
0 0.044921875 0.966796875 0.060546875 0.041015625
0 0.181640625 0.966796875 0.083984375 0.0625
0 0.50390625 0.654296875 0.0263671875 0.0283203125
0 0.470703125 0.6875 0.0908203125 0.0673828125
0 0.291015625 0.7431640625 0.09375 0.0576171875
0 0.208984375 0.7919921875 0.0732421875 0.0498046875
0 0.416015625 0.7919921875 0.1064453125 0.0751953125
0 0.142578125 0.873046875 0.091796875 0.0830078125
0 0.3505859375 0.892578125 0.197265625 0.1455078125
0 0.03125 0.919921875 0.0625 0.0673828125
0 0.845703125 0.712890625 0.126953125 0.1142578125
0 0.5732421875 0.7412109375 0.107421875 0.103515625
0 0.7607421875 0.78515625 0.0888671875 0.0703125
0 0.544921875 0.8056640625 0.052734375 0.0673828125
0 0.65234375 0.8515625 0.1513671875 0.126953125
0 0.9248046875 0.8505859375 0.0859375 0.0810546875
0 0.865234375 0.880859375 0.1298828125 0.109375
0 0.970703125 0.9130859375 0.052734375 0.0625
0 0.7119140625 0.9267578125 0.0673828125 0.0751953125
0 0.970703125 0.984375 0.056640625 0.0263671875
0 0.736328125 0.9638671875 0.3515625 0.0673828125
0 0.736328125 0.6826171875 0.1201171875 0.0859375
0 0.6396484375 0.705078125 0.0966796875 0.0732421875