0 0.005859375 0.0166015625 0.01171875 0.033203125
0 0.109375 0.2841796875 0.0888671875 0.146484375
0 0.0068359375 0.302734375 0.013671875 0.076171875
0 0.0390625 0.353515625 0.044921875 0.095703125
0 0.0927734375 0.4033203125 0.0654296875 0.0654296875
0 0.28125 0.408203125 0.111328125 0.1826171875
0 0.142578125 0.435546875 0.0546875 0.0576171875
0 0.18359375 0.451171875 0.0986328125 0.1142578125
0 0.01953125 0.4892578125 0.0390625 0.1513671875
0 0.23046875 0.53515625 0.072265625 0.109375
0 0.228515625 0.740234375 0.0498046875 0.072265625
0 0.015625 0.822265625 0.03125 0.0673828125
0 0.0478515625 0.880859375 0.0908203125 0.103515625
0 0.251953125 0.9306640625 0.099609375 0.091796875
0 0.91015625 0.248046875 0.060546875 0.080078125
0 0.548828125 0.318359375 0.1875 0.21875
0 0.978515625 0.302734375 0.0390625 0.076171875
0 0.9365234375 0.576171875 0.046875 0.0673828125
0 0.912109375 0.5869140625 0.064453125 0.0830078125
0 0.9794921875 0.591796875 0.0361328125 0.083984375
0 0.8330078125 0.728515625 0.1357421875 0.2421875
0 0.67578125 0.8583984375 0.1201171875 0.1640625
0 0.9091796875 0.8720703125 0.064453125 0.0888671875
0 0.802734375 0.9453125 0.025390625 0.064453125
0 0.5380859375 0.966796875 0.0390625 0.0625
0 0.880859375 0.9580078125 0.046875 0.0703125