0 0.2626953125 0.283203125 0.525390625 0.56640625
0 0.962890625 0.076171875 0.0703125 0.107421875
0 0.974609375 0.224609375 0.044921875 0.1279296875
0 0.9375 0.24609375 0.0625 0.064453125
0 0.6005859375 0.2275390625 0.1455078125 0.189453125
0 0.955078125 0.318359375 0.083984375 0.080078125
0 0.611328125 0.3154296875 0.095703125 0.1015625
0 0.9306640625 0.4013671875 0.091796875 0.107421875
0 0.669921875 0.3486328125 0.044921875 0.068359375
0 0.56640625 0.3642578125 0.0751953125 0.146484375
0 0.974609375 0.517578125 0.044921875 0.0966796875
0 0.662109375 0.4423828125 0.111328125 0.115234375
0 0.8955078125 0.4912109375 0.1611328125 0.1513671875
0 0.75 0.529296875 0.0830078125 0.076171875
0 0.646484375 0.517578125 0.1533203125 0.1015625
0 0.0048828125 0.728515625 0.009765625 0.0576171875
0 0.017578125 0.734375 0.0341796875 0.060546875
0 0.0732421875 0.7509765625 0.060546875 0.0986328125
0 0.041015625 0.7451171875 0.052734375 0.091796875
0 0.142578125 0.7705078125 0.064453125 0.107421875
0 0.013671875 0.8232421875 0.0263671875 0.0517578125
0 0.091796875 0.865234375 0.029296875 0.0625
0 0.00390625 0.9130859375 0.0078125 0.048828125
0 0.513671875 0.73828125 0.025390625 0.0576171875
0 0.4736328125 0.755859375 0.0283203125 0.0595703125
0 0.51953125 0.787109375 0.013671875 0.044921875
0 0.4873046875 0.783203125 0.0234375 0.037109375
0 0.458984375 0.779296875 0.0595703125 0.1123046875
0 0.3779296875 0.7724609375 0.0732421875 0.1376953125
0 0.3154296875 0.763671875 0.0986328125 0.1435546875
0 0.251953125 0.765625 0.1201171875 0.171875
0 0.5517578125 0.9130859375 0.044921875 0.0576171875
0 0.876953125 0.98046875 0.052734375 0.0341796875
0 0.7705078125 0.974609375 0.107421875 0.044921875
0 0.966796875 0.578125 0.0625 0.017578125
0 0.921875 0.5849609375 0.0751953125 0.03125
0 0.783203125 0.59765625 0.080078125 0.056640625
0 0.9560546875 0.642578125 0.072265625 0.0654296875
0 0.736328125 0.6962890625 0.0439453125 0.0419921875
0 0.8583984375 0.748046875 0.091796875 0.091796875
0 0.982421875 0.861328125 0.029296875 0.048828125
0 0.884765625 0.8662109375 0.076171875 0.083984375
0 0.9755859375 0.896484375 0.0439453125 0.076171875
0 0.62109375 0.8486328125 0.044921875 0.0576171875
0 0.9912109375 0.96875 0.0126953125 0.0576171875
0 0.83984375 0.95703125 0.0595703125 0.064453125