0 0.06640625 0.0205078125 0.080078125 0.041015625
0 0.017578125 0.083984375 0.0341796875 0.1201171875
0 0.033203125 0.158203125 0.0654296875 0.087890625
0 0.056640625 0.20703125 0.083984375 0.087890625
0 0.029296875 0.2861328125 0.0576171875 0.1015625
0 0.0517578125 0.353515625 0.103515625 0.0859375
0 0.2294921875 0.384765625 0.09375 0.0234375
0 0.7236328125 0.1982421875 0.548828125 0.396484375
0 0.505859375 0.310546875 0.1142578125 0.173828125
0 0.2236328125 0.6982421875 0.447265625 0.5986328125
0 0.044921875 0.7880859375 0.08984375 0.130859375
0 0.1259765625 0.8828125 0.154296875 0.1748046875
0 0.03515625 0.9169921875 0.056640625 0.060546875
0 0.0888671875 0.9521484375 0.078125 0.068359375
0 0.630859375 0.498046875 0.0751953125 0.087890625
0 0.7265625 0.48046875 0.1015625 0.1201171875
0 0.595703125 0.537109375 0.0673828125 0.0751953125
0 0.794921875 0.509765625 0.1044921875 0.1201171875
0 0.7001953125 0.5400390625 0.078125 0.099609375
0 0.830078125 0.51171875 0.064453125 0.087890625
0 0.748046875 0.560546875 0.0732421875 0.087890625
0 0.8173828125 0.556640625 0.052734375 0.0703125
0 0.80078125 0.5703125 0.0341796875 0.0498046875
0 0.609375 0.6220703125 0.0751953125 0.0908203125
0 0.501953125 0.654296875 0.078125 0.087890625
0 0.673828125 0.615234375 0.091796875 0.119140625
0 0.45703125 0.6787109375 0.013671875 0.0751953125
0 0.587890625 0.658203125 0.0751953125 0.0966796875
0 0.822265625 0.5947265625 0.052734375 0.0654296875
0 0.78515625 0.6201171875 0.060546875 0.072265625
0 0.5517578125 0.69140625 0.080078125 0.095703125
0 0.7451171875 0.646484375 0.0732421875 0.091796875
0 0.927734375 0.6513671875 0.0830078125 0.1220703125
0 0.767578125 0.7177734375 0.0390625 0.0673828125
0 0.75 0.744140625 0.052734375 0.080078125
0 0.646484375 0.7939453125 0.123046875 0.1591796875
0 0.7275390625 0.79296875 0.09375 0.125
0 0.853515625 0.7578125 0.0390625 0.044921875
0 0.986328125 0.72265625 0.021484375 0.0654296875
0 0.46875 0.8798828125 0.0390625 0.0830078125
0 0.833984375 0.779296875 0.048828125 0.0673828125
0 0.7939453125 0.79296875 0.048828125 0.0625
0 0.876953125 0.791015625 0.052734375 0.076171875
0 0.712890625 0.8505859375 0.046875 0.072265625
0 0.767578125 0.84375 0.0517578125 0.0673828125
0 0.8095703125 0.833984375 0.056640625 0.0625
0 0.7421875 0.8603515625 0.0517578125 0.076171875
0 0.978515625 0.794921875 0.0390625 0.103515625
0 0.9169921875 0.853515625 0.1044921875 0.1484375
0 0.6650390625 0.88671875 0.208984375 0.2216796875
0 0.7763671875 0.904296875 0.1015625 0.107421875
0 0.86328125 0.90234375 0.091796875 0.1171875
0 0.828125 0.92578125 0.0908203125 0.1220703125
0 0.560546875 0.951171875 0.1513671875 0.09375
0 0.966796875 0.953125 0.0625 0.0888671875