0 0.205078125 0.361328125 0.259765625 0.169921875
0 0.044921875 0.1591796875 0.08984375 0.318359375
0 0.146484375 0.1513671875 0.263671875 0.302734375
0 0.2744140625 0.1357421875 0.1455078125 0.271484375
0 0.673828125 0.2236328125 0.650390625 0.447265625
0 0.0263671875 0.986328125 0.052734375 0.021484375
0 0.693359375 0.4619140625 0.044921875 0.025390625
0 0.369140625 0.517578125 0.041015625 0.0390625
0 0.357421875 0.609375 0.0205078125 0.0517578125
0 0.453125 0.599609375 0.044921875 0.0361328125
0 0.447265625 0.626953125 0.033203125 0.0341796875
0 0.4833984375 0.6640625 0.0439453125 0.048828125
0 0.4140625 0.681640625 0.068359375 0.056640625
0 0.357421875 0.703125 0.0205078125 0.041015625
0 0.609375 0.6640625 0.044921875 0.0439453125
0 0.734375 0.64453125 0.0361328125 0.0439453125
0 0.7080078125 0.654296875 0.03125 0.0341796875
0 0.4501953125 0.703125 0.041015625 0.033203125
0 0.6943359375 0.677734375 0.033203125 0.0361328125
0 0.400390625 0.7294921875 0.060546875 0.060546875
0 0.552734375 0.7138671875 0.033203125 0.0341796875
0 0.751953125 0.7119140625 0.033203125 0.0341796875
0 0.7958984375 0.732421875 0.0595703125 0.060546875
0 0.763671875 0.76953125 0.041015625 0.0390625
0 0.6572265625 0.80078125 0.03125 0.029296875
0 0.54296875 0.826171875 0.0576171875 0.0419921875
0 0.6083984375 0.8212890625 0.0263671875 0.0263671875
0 0.7080078125 0.818359375 0.0595703125 0.0498046875
0 0.8447265625 0.873046875 0.041015625 0.0390625
0 0.435546875 0.9375 0.0439453125 0.0439453125
0 0.703125 0.9091796875 0.044921875 0.0390625
0 0.6669921875 0.9248046875 0.041015625 0.037109375
0 0.8291015625 0.9072265625 0.048828125 0.0439453125
0 0.9169921875 0.908203125 0.0517578125 0.046875
0 0.9716796875 0.904296875 0.0546875 0.064453125
0 0.90625 0.94140625 0.048828125 0.046875
0 0.703125 0.982421875 0.044921875 0.03125
0 0.96875 0.9892578125 0.052734375 0.017578125