0 0.5205078125 0.1494140625 0.123046875 0.1875
0 0.7978515625 0.236328125 0.2392578125 0.365234375
0 0.2392578125 0.306640625 0.419921875 0.5517578125
0 0.6005859375 0.4541015625 0.1201171875 0.1435546875
0 0.392578125 0.5400390625 0.0361328125 0.044921875
0 0.931640625 0.576171875 0.033203125 0.044921875
0 0.4599609375 0.580078125 0.083984375 0.09375
0 0.4091796875 0.619140625 0.0361328125 0.046875
0 0.189453125 0.6259765625 0.0576171875 0.068359375
0 0.873046875 0.642578125 0.0439453125 0.068359375
0 0.337890625 0.6435546875 0.029296875 0.060546875
0 0.0732421875 0.697265625 0.044921875 0.0283203125
0 0.25390625 0.701171875 0.0673828125 0.072265625
0 0.755859375 0.724609375 0.181640625 0.2138671875
0 0.3740234375 0.775390625 0.1484375 0.1484375
0 0.9169921875 0.787109375 0.044921875 0.041015625
0 0.08984375 0.8271484375 0.041015625 0.0498046875
0 0.541015625 0.8369140625 0.099609375 0.091796875