0 0.248046875 0.56640625 0.029296875 0.021484375
0 0.0400390625 0.232421875 0.080078125 0.052734375
0 0.0791015625 0.23828125 0.0673828125 0.0390625
0 0.072265625 0.296875 0.0810546875 0.0361328125
0 0.181640625 0.36328125 0.044921875 0.0341796875
0 0.162109375 0.376953125 0.041015625 0.0263671875
0 0.0068359375 0.44140625 0.013671875 0.03125
0 0.173828125 0.408203125 0.041015625 0.0361328125
0 0.181640625 0.4326171875 0.056640625 0.0341796875
0 0.255859375 0.419921875 0.046875 0.0263671875
0 0.228515625 0.4462890625 0.0361328125 0.03125
0 0.271484375 0.44140625 0.0234375 0.0263671875
0 0.146484375 0.482421875 0.0419921875 0.0341796875
0 0.1162109375 0.494140625 0.0498046875 0.03125
0 0.115234375 0.505859375 0.033203125 0.021484375
0 0.3037109375 0.4736328125 0.0390625 0.0341796875
0 0.1640625 0.501953125 0.0390625 0.025390625
0 0.01953125 0.546875 0.0390625 0.03125
0 0.30078125 0.4892578125 0.044921875 0.03125
0 0.21484375 0.509765625 0.0498046875 0.0341796875
0 0.2626953125 0.5087890625 0.029296875 0.0263671875
0 0.1904296875 0.5244140625 0.044921875 0.0341796875
0 0.158203125 0.544921875 0.056640625 0.0439453125
0 0.2998046875 0.5361328125 0.03125 0.0234375
0 0.705078125 0.0361328125 0.2548828125 0.072265625
0 0.767578125 0.1005859375 0.2861328125 0.201171875
0 0.57421875 0.2763671875 0.3701171875 0.552734375
0 0.716796875 0.384765625 0.482421875 0.5048828125
0 0.587890625 0.814453125 0.0654296875 0.0751953125
0 0.658203125 0.841796875 0.0810546875 0.0830078125
0 0.556640625 0.876953125 0.072265625 0.083984375
0 0.6337890625 0.8818359375 0.041015625 0.0576171875
0 0.728515625 0.875 0.0595703125 0.0830078125
0 0.6494140625 0.921875 0.046875 0.0517578125
0 0.607421875 0.935546875 0.041015625 0.060546875
0 0.7138671875 0.947265625 0.0673828125 0.0576171875
0 0.61328125 0.978515625 0.072265625 0.0390625
0 0.6630859375 0.9912109375 0.0439453125 0.0126953125
0 0.60546875 0.76171875 0.0625 0.025390625
0 0.53515625 0.7724609375 0.0654296875 0.044921875
0 0.681640625 0.7587890625 0.0517578125 0.017578125