0 0.1181640625 0.015625 0.115234375 0.03125
0 0.443359375 0.0205078125 0.107421875 0.041015625
0 0.2841796875 0.029296875 0.146484375 0.05859375
0 0.25 0.0478515625 0.078125 0.0673828125
0 0.333984375 0.04296875 0.0830078125 0.0673828125
0 0.0263671875 0.091796875 0.052734375 0.083984375
0 0.333984375 0.087890625 0.0654296875 0.0576171875
0 0.294921875 0.119140625 0.0751953125 0.064453125
0 0.2158203125 0.1923828125 0.060546875 0.056640625
0 0.33203125 0.1943359375 0.1220703125 0.078125
0 0.2841796875 0.2412109375 0.087890625 0.0654296875
0 0.23828125 0.279296875 0.1064453125 0.072265625
0 0.3466796875 0.279296875 0.087890625 0.0595703125
0 0.0400390625 0.322265625 0.080078125 0.0625
0 0.365234375 0.3330078125 0.091796875 0.0654296875
0 0.3681640625 0.37109375 0.078125 0.0595703125
0 0.08203125 0.3984375 0.0830078125 0.052734375
0 0.1201171875 0.4208984375 0.068359375 0.0498046875
0 0.177734375 0.4208984375 0.064453125 0.044921875
0 0.021484375 0.4384765625 0.04296875 0.052734375
0 0.3583984375 0.41796875 0.0625 0.0419921875
0 0.236328125 0.431640625 0.068359375 0.0576171875
0 0.486328125 0.4375 0.025390625 0.0576171875
0 0.318359375 0.458984375 0.046875 0.041015625
0 0.369140625 0.462890625 0.0517578125 0.041015625
0 0.4453125 0.4814453125 0.068359375 0.0498046875
0 0.1201171875 0.60546875 0.1298828125 0.0205078125
0 0.984375 0.234375 0.0263671875 0.060546875
0 0.9638671875 0.447265625 0.0341796875 0.0595703125
0 0.9501953125 0.5087890625 0.0390625 0.076171875
0 0.9794921875 0.5224609375 0.0361328125 0.0751953125
0 0.931640625 0.5419921875 0.0419921875 0.060546875
0 0.986328125 0.5693359375 0.025390625 0.0625
0 0.9736328125 0.60546875 0.048828125 0.0205078125
0 0.28125 0.8310546875 0.0341796875 0.0419921875
0 0.251953125 0.8359375 0.033203125 0.0517578125
0 0.19140625 0.8427734375 0.0263671875 0.0419921875
0 0.279296875 0.8564453125 0.015625 0.025390625
0 0.283203125 0.8642578125 0.015625 0.021484375
0 0.169921875 0.875 0.0751953125 0.072265625
0 0.3115234375 0.8740234375 0.0263671875 0.0419921875
0 0.2431640625 0.8818359375 0.015625 0.029296875
0 0.216796875 0.8857421875 0.029296875 0.033203125
0 0.1962890625 0.8955078125 0.021484375 0.0419921875
0 0.171875 0.9150390625 0.046875 0.060546875
0 0.291015625 0.9091796875 0.0390625 0.029296875
0 0.345703125 0.91015625 0.0341796875 0.037109375
0 0.3095703125 0.9140625 0.03125 0.0439453125
0 0.2080078125 0.9296875 0.041015625 0.0419921875
0 0.251953125 0.9482421875 0.0390625 0.046875
0 0.2802734375 0.947265625 0.0419921875 0.044921875
0 0.9599609375 0.6982421875 0.0751953125 0.1142578125
0 0.8447265625 0.7197265625 0.0439453125 0.0673828125
0 0.7392578125 0.7900390625 0.0419921875 0.0283203125
0 0.7763671875 0.787109375 0.052734375 0.046875
0 0.76953125 0.818359375 0.048828125 0.0361328125
0 0.724609375 0.888671875 0.0517578125 0.046875
0 0.736328125 0.939453125 0.025390625 0.0283203125