0 0.466796875 0.12109375 0.15625 0.21875
0 0.2724609375 0.23828125 0.544921875 0.4765625
0 0.123046875 0.45703125 0.1455078125 0.0390625
0 0.3486328125 0.017578125 0.091796875 0.0341796875
0 0.4892578125 0.029296875 0.111328125 0.05859375
0 0.6044921875 0.0107421875 0.083984375 0.021484375
0 0.560546875 0.263671875 0.025390625 0.076171875
0 0.587890625 0.25390625 0.0751953125 0.119140625
0 0.556640625 0.296875 0.017578125 0.080078125
0 0.76953125 0.5224609375 0.115234375 0.0888671875
0 0.861328125 0.615234375 0.103515625 0.150390625
0 0.9736328125 0.583984375 0.048828125 0.138671875
0 0.931640625 0.7705078125 0.056640625 0.0751953125
0 0.939453125 0.8515625 0.0419921875 0.0546875
0 0.9716796875 0.9140625 0.0390625 0.0546875