0 0.3837890625 0.017578125 0.0546875 0.0341796875
0 0.3701171875 0.0068359375 0.0341796875 0.013671875
0 0.37109375 0.029296875 0.044921875 0.052734375
0 0.263671875 0.068359375 0.060546875 0.0703125
0 0.3603515625 0.06640625 0.052734375 0.0703125
0 0.40234375 0.07421875 0.041015625 0.0673828125
0 0.3193359375 0.0830078125 0.046875 0.0703125
0 0.009765625 0.1396484375 0.0185546875 0.044921875
0 0.2529296875 0.130859375 0.0703125 0.0654296875
0 0.103515625 0.15234375 0.056640625 0.056640625
0 0.03125 0.162109375 0.0439453125 0.080078125
0 0.384765625 0.16796875 0.201171875 0.240234375
0 0.236328125 0.1845703125 0.041015625 0.056640625
0 0.201171875 0.1904296875 0.046875 0.0498046875
0 0.05859375 0.216796875 0.0546875 0.091796875
0 0.2841796875 0.1962890625 0.064453125 0.060546875
0 0.2353515625 0.21484375 0.056640625 0.056640625
0 0.169921875 0.2265625 0.046875 0.080078125
0 0.322265625 0.240234375 0.046875 0.0576171875
0 0.0791015625 0.2802734375 0.033203125 0.056640625
0 0.197265625 0.283203125 0.048828125 0.0673828125
0 0.265625 0.2998046875 0.0498046875 0.0625
0 0.078125 0.3173828125 0.056640625 0.072265625
0 0.119140625 0.318359375 0.056640625 0.0751953125
0 0.3818359375 0.29296875 0.0390625 0.0673828125
0 0.3427734375 0.3056640625 0.0703125 0.0732421875
0 0.158203125 0.32421875 0.0517578125 0.072265625
0 0.25390625 0.3232421875 0.044921875 0.0703125
0 0.3671875 0.341796875 0.0439453125 0.064453125
0 0.294921875 0.3486328125 0.041015625 0.0673828125
0 0.3408203125 0.35546875 0.033203125 0.056640625
0 0.322265625 0.369140625 0.0390625 0.0673828125
0 0.181640625 0.3955078125 0.0908203125 0.0986328125
0 0.115234375 0.431640625 0.0517578125 0.078125
0 0.353515625 0.4453125 0.0419921875 0.0595703125
0 0.46875 0.4443359375 0.0341796875 0.076171875
0 0.384765625 0.4638671875 0.048828125 0.0810546875
0 0.462890625 0.5361328125 0.044921875 0.076171875
0 0.421875 0.578125 0.060546875 0.0361328125
0 0.54296875 0.3544921875 0.111328125 0.2392578125
0 0.822265625 0.3232421875 0.2939453125 0.2919921875
0 0.6904296875 0.3828125 0.0732421875 0.0595703125
0 0.5263671875 0.4482421875 0.076171875 0.0517578125
0 0.669921875 0.4521484375 0.197265625 0.166015625
0 0.7255859375 0.482421875 0.0517578125 0.0625
0 0.806640625 0.091796875 0.37890625 0.18359375
0 0.685546875 0.2138671875 0.396484375 0.427734375
0 0.029296875 0.6298828125 0.05859375 0.064453125
0 0.013671875 0.6708984375 0.02734375 0.146484375
0 0.3798828125 0.6806640625 0.150390625 0.1640625
0 0.2392578125 0.6943359375 0.1142578125 0.1923828125
0 0.14453125 0.80859375 0.1123046875 0.228515625
0 0.234375 0.8349609375 0.15625 0.2705078125
0 0.08203125 0.865234375 0.150390625 0.263671875
0 0.447265625 0.86328125 0.076171875 0.2705078125
0 0.29296875 0.888671875 0.154296875 0.21875