0 0.541015625 0.3916015625 0.029296875 0.0283203125
0 0.3828125 0.4013671875 0.044921875 0.025390625
0 0.48828125 0.40234375 0.029296875 0.029296875
0 0.43359375 0.40625 0.025390625 0.029296875
0 0.6435546875 0.4404296875 0.037109375 0.015625
0 0.400390625 0.533203125 0.0390625 0.0361328125
0 0.611328125 0.548828125 0.0595703125 0.0390625
0 0.478515625 0.5546875 0.048828125 0.0283203125
0 0.37109375 0.5654296875 0.015625 0.015625
0 0.3828125 0.6005859375 0.044921875 0.0283203125
0 0.294921875 0.650390625 0.0205078125 0.021484375
0 0.37109375 0.66015625 0.0361328125 0.0185546875
0 0.564453125 0.685546875 0.0283203125 0.025390625
0 0.60546875 0.689453125 0.0419921875 0.021484375
0 0.47265625 0.69140625 0.021484375 0.0126953125