0 0.306640625 0.166015625 0.1611328125 0.2314453125
0 0.248046875 0.322265625 0.2763671875 0.529296875
0 0.78515625 0.083984375 0.0859375 0.099609375
0 0.748046875 0.1416015625 0.0830078125 0.0810546875
0 0.646484375 0.1259765625 0.0810546875 0.087890625
0 0.5244140625 0.1845703125 0.068359375 0.099609375
0 0.5361328125 0.2080078125 0.0732421875 0.064453125
0 0.5625 0.2197265625 0.052734375 0.064453125
0 0.47265625 0.236328125 0.056640625 0.0595703125
0 0.666015625 0.2880859375 0.072265625 0.076171875
0 0.443359375 0.2353515625 0.060546875 0.0908203125
0 0.4287109375 0.263671875 0.080078125 0.1689453125
0 0.5849609375 0.4765625 0.0595703125 0.078125
0 0.2587890625 0.638671875 0.083984375 0.0625
0 0.263671875 0.6923828125 0.0908203125 0.046875
0 0.3486328125 0.7470703125 0.0673828125 0.0625
0 0.220703125 0.716796875 0.0810546875 0.0595703125
0 0.044921875 0.671875 0.0888671875 0.0703125
0 0.349609375 0.869140625 0.0751953125 0.080078125
0 0.224609375 0.8818359375 0.1220703125 0.087890625
0 0.220703125 0.943359375 0.111328125 0.083984375
0 0.115234375 0.974609375 0.0966796875 0.044921875
0 0.515625 0.8857421875 0.046875 0.033203125
0 0.5078125 0.9140625 0.029296875 0.0390625
0 0.69921875 0.607421875 0.052734375 0.0361328125
0 0.578125 0.603515625 0.044921875 0.0283203125
0 0.66015625 0.6162109375 0.056640625 0.0546875
0 0.615234375 0.6201171875 0.076171875 0.0625
0 0.6513671875 0.6494140625 0.0390625 0.0390625
0 0.625 0.677734375 0.048828125 0.060546875
0 0.564453125 0.6689453125 0.046875 0.0498046875
0 0.5810546875 0.677734375 0.037109375 0.0439453125
0 0.5927734375 0.701171875 0.03125 0.033203125
0 0.6005859375 0.720703125 0.0283203125 0.029296875
0 0.5458984375 0.7216796875 0.0546875 0.068359375
0 0.623046875 0.740234375 0.0439453125 0.0595703125
0 0.591796875 0.740234375 0.0283203125 0.033203125
0 0.486328125 0.7158203125 0.041015625 0.0517578125
0 0.4990234375 0.732421875 0.0517578125 0.0654296875
0 0.556640625 0.7578125 0.021484375 0.0341796875
0 0.4619140625 0.7373046875 0.0341796875 0.0361328125
0 0.576171875 0.767578125 0.0263671875 0.029296875
0 0.5546875 0.7783203125 0.037109375 0.046875
0 0.4697265625 0.7607421875 0.041015625 0.0517578125
0 0.490234375 0.7734375 0.0439453125 0.056640625
0 0.490234375 0.810546875 0.041015625 0.0439453125
0 0.509765625 0.833984375 0.0341796875 0.037109375
0 0.494140625 0.83203125 0.041015625 0.0498046875
0 0.533203125 0.8427734375 0.037109375 0.046875
0 0.4990234375 0.84375 0.03125 0.0341796875