0 0.1630859375 0.6298828125 0.056640625 0.0517578125
0 0.513671875 0.11328125 0.044921875 0.0625
0 0.458984375 0.1279296875 0.056640625 0.044921875
0 0.0400390625 0.091796875 0.080078125 0.1015625
0 0.5048828125 0.1806640625 0.0625 0.0625
0 0.4736328125 0.2060546875 0.0673828125 0.0625
0 0.52734375 0.25390625 0.017578125 0.056640625
0 0.4150390625 0.2783203125 0.0810546875 0.080078125
0 0.1142578125 0.2822265625 0.060546875 0.0703125
0 0.0087890625 0.294921875 0.017578125 0.0625
0 0.3642578125 0.3955078125 0.046875 0.0390625
0 0.162109375 0.0107421875 0.080078125 0.021484375
0 0.482421875 0.4345703125 0.095703125 0.0908203125
0 0.064453125 0.458984375 0.056640625 0.048828125
0 0.5 0.5517578125 0.072265625 0.083984375
0 0.033203125 0.4970703125 0.0361328125 0.033203125
0 0.2421875 0.5595703125 0.048828125 0.0576171875
0 0.0263671875 0.583984375 0.0390625 0.060546875
0 0.45703125 0.634765625 0.0625 0.0439453125
0 0.8056640625 0.017578125 0.1201171875 0.0341796875
0 0.9365234375 0.064453125 0.119140625 0.12890625
0 0.607421875 0.076171875 0.138671875 0.1279296875
0 0.890625 0.173828125 0.107421875 0.091796875
0 0.986328125 0.29296875 0.025390625 0.0966796875
0 0.69921875 0.2763671875 0.322265625 0.4423828125
0 0.8876953125 0.326171875 0.107421875 0.080078125
0 0.93359375 0.4169921875 0.1279296875 0.1611328125
0 0.9150390625 0.46875 0.09375 0.1015625
0 0.658203125 0.552734375 0.1298828125 0.125
0 0.8173828125 0.564453125 0.240234375 0.185546875
0 0.3994140625 0.67578125 0.076171875 0.0341796875
0 0.24609375 0.677734375 0.080078125 0.0390625
0 0.1298828125 0.66796875 0.0576171875 0.0205078125
0 0.095703125 0.66796875 0.0654296875 0.0205078125
0 0.177734375 0.716796875 0.0576171875 0.0595703125
0 0.0888671875 0.736328125 0.078125 0.103515625
0 0.1328125 0.7744140625 0.064453125 0.052734375
0 0.0439453125 0.763671875 0.0732421875 0.080078125
0 0.150390625 0.8447265625 0.0546875 0.0595703125
0 0.0380859375 0.845703125 0.076171875 0.076171875
0 0.1923828125 0.8916015625 0.052734375 0.072265625
0 0.23828125 0.896484375 0.068359375 0.115234375
0 0.1640625 0.916015625 0.068359375 0.072265625
0 0.0390625 0.9462890625 0.0703125 0.060546875
0 0.892578125 0.6630859375 0.041015625 0.009765625
0 0.90234375 0.68359375 0.0517578125 0.0517578125
0 0.603515625 0.705078125 0.1298828125 0.09375
0 0.9326171875 0.7919921875 0.1064453125 0.1376953125
0 0.951171875 0.9287109375 0.091796875 0.1376953125