0 0.3017578125 0.2177734375 0.021484375 0.0419921875
0 0.4033203125 0.2412109375 0.0517578125 0.0546875
0 0.3291015625 0.2412109375 0.0390625 0.080078125
0 0.359375 0.2998046875 0.046875 0.0908203125
0 0.384765625 0.3681640625 0.029296875 0.0576171875
0 0.384765625 0.4033203125 0.0498046875 0.0703125
0 0.423828125 0.40625 0.044921875 0.076171875
0 0.42578125 0.521484375 0.0439453125 0.0830078125
0 0.72265625 0.29296875 0.548828125 0.5859375
0 0.3935546875 0.853515625 0.037109375 0.0576171875
0 0.4375 0.908203125 0.0205078125 0.0673828125
0 0.1826171875 0.931640625 0.0498046875 0.0625
0 0.107421875 0.986328125 0.041015625 0.025390625
0 0.9423828125 0.611328125 0.072265625 0.044921875
0 0.8515625 0.65234375 0.09375 0.1123046875
0 0.888671875 0.73828125 0.072265625 0.078125
0 0.560546875 0.7861328125 0.2216796875 0.302734375
0 0.9140625 0.79296875 0.080078125 0.0810546875
0 0.859375 0.859375 0.0888671875 0.09375
0 0.6025390625 0.857421875 0.0751953125 0.095703125
0 0.740234375 0.880859375 0.095703125 0.103515625
0 0.5361328125 0.931640625 0.0673828125 0.0888671875
0 0.890625 0.9404296875 0.107421875 0.087890625
0 0.642578125 0.953125 0.119140625 0.0888671875
0 0.794921875 0.96875 0.076171875 0.0576171875
0 0.576171875 0.986328125 0.072265625 0.025390625
0 0.888671875 0.9794921875 0.1611328125 0.0361328125