0 0.263000 0.692654 0.014000 0.020990
0 0.555000 0.391304 0.018000 0.032984
0 0.705000 0.587706 0.018000 0.050975
0 0.629500 0.329835 0.023000 0.035982
0 0.545000 0.336582 0.030000 0.046477
0 0.447500 0.356822 0.029000 0.071964
0 0.512500 0.659670 0.043000 0.065967
0 0.370000 0.953523 0.070000 0.056972
0 0.369500 0.516492 0.045000 0.070465
0 0.392000 0.246627 0.048000 0.070465
0 0.559000 0.228636 0.054000 0.100450
0 0.562500 0.588456 0.059000 0.085457
0 0.679000 0.712894 0.076000 0.091454
0 0.500500 0.422039 0.069000 0.127436
0 0.437000 0.520990 0.064000 0.169415
0 0.374000 0.392804 0.096000 0.098951
0 0.571000 0.860570 0.312000 0.275862
