0 0.34375 0.30859375 0.0654296875 0.099609375
0 0.3798828125 0.578125 0.0625 0.1015625
0 0.5771484375 0.5537109375 0.0703125 0.103515625
0 0.544921875 0.650390625 0.0625 0.080078125
0 0.71484375 0.62109375 0.09375 0.1220703125
0 0.5869140625 0.279296875 0.03125 0.0517578125
0 0.5068359375 0.322265625 0.0390625 0.0546875
0 0.53125 0.373046875 0.0234375 0.033203125
0 0.48046875 0.4736328125 0.03125 0.0517578125
0 0.5009765625 0.439453125 0.0283203125 0.0439453125
0 0.484375 0.4287109375 0.021484375 0.029296875
0 0.4580078125 0.416015625 0.029296875 0.046875
0 0.41796875 0.3701171875 0.0341796875 0.0546875
0 0.5048828125 0.2265625 0.060546875 0.09375
0 0.4921875 0.2001953125 0.0546875 0.080078125
0 0.3349609375 0.4765625 0.052734375 0.0966796875
0 0.3671875 0.478515625 0.046875 0.064453125
0 0.384765625 0.4248046875 0.048828125 0.080078125
0 0.4228515625 0.4091796875 0.029296875 0.0419921875
0 0.5009765625 0.4052734375 0.029296875 0.041015625
0 0.4970703125 0.376953125 0.025390625 0.044921875
0 0.484375 0.380859375 0.0283203125 0.0439453125
0 0.4658203125 0.5263671875 0.015625 0.0234375
0 0.455078125 0.5927734375 0.013671875 0.0234375
0 0.431640625 0.6015625 0.0185546875 0.0283203125
0 0.482421875 0.5947265625 0.013671875 0.0234375
0 0.466796875 0.646484375 0.0185546875 0.029296875
0 0.4716796875 0.609375 0.021484375 0.03125
0 0.708984375 0.4765625 0.0205078125 0.0283203125
0 0.203125 0.556640625 0.015625 0.025390625
0 0.2021484375 0.5322265625 0.013671875 0.0185546875
0 0.1796875 0.6181640625 0.015625 0.0234375
0 0.3134765625 0.794921875 0.015625 0.025390625
0 0.158203125 0.9541015625 0.013671875 0.025390625
0 0.626953125 0.7314453125 0.015625 0.0234375
0 0.5849609375 0.798828125 0.0126953125 0.0185546875
0 0.662109375 0.673828125 0.0126953125 0.0205078125
0 0.6376953125 0.66015625 0.0107421875 0.0205078125
0 0.640625 0.7060546875 0.0107421875 0.0185546875
0 0.4560546875 0.4970703125 0.025390625 0.0341796875
0 0.4267578125 0.5048828125 0.0576171875 0.0732421875
0 0.451171875 0.5791015625 0.015625 0.0234375
0 0.4443359375 0.5634765625 0.0185546875 0.0263671875
0 0.443359375 0.544921875 0.0283203125 0.0341796875
0 0.4287109375 0.541015625 0.0185546875 0.0263671875
0 0.765625 0.4833984375 0.013671875 0.0205078125
0 0.865234375 0.73046875 0.013671875 0.025390625
0 0.71484375 0.7275390625 0.015625 0.0234375
0 0.7509765625 0.6943359375 0.0126953125 0.0234375