0 0.150390625 0.13671875 0.15625 0.1298828125
0 0.056640625 0.2021484375 0.1123046875 0.107421875
0 0.013671875 0.0966796875 0.02734375 0.142578125
0 0.455078125 0.048828125 0.03125 0.052734375
0 0.484375 0.072265625 0.0751953125 0.048828125
0 0.455078125 0.09765625 0.029296875 0.03125
0 0.5146484375 0.1220703125 0.091796875 0.072265625
0 0.46875 0.140625 0.0576171875 0.044921875
0 0.45703125 0.16796875 0.0341796875 0.0439453125
0 0.638671875 0.154296875 0.1279296875 0.0966796875
0 0.48828125 0.283203125 0.0966796875 0.0888671875
0 0.8935546875 0.212890625 0.1044921875 0.0625
0 0.65625 0.3203125 0.0439453125 0.0498046875
0 0.626953125 0.439453125 0.1298828125 0.0751953125
0 0.8505859375 0.453125 0.076171875 0.044921875
0 0.361328125 0.556640625 0.126953125 0.123046875
0 0.03125 0.658203125 0.0625 0.1298828125
0 0.267578125 0.6083984375 0.0654296875 0.052734375
0 0.357421875 0.6044921875 0.056640625 0.0703125
0 0.0908203125 0.70703125 0.0908203125 0.0830078125
0 0.033203125 0.744140625 0.0654296875 0.107421875
0 0.306640625 0.6884765625 0.142578125 0.1591796875
0 0.365234375 0.7275390625 0.068359375 0.083984375
0 0.10546875 0.791015625 0.1044921875 0.1171875
0 0.0556640625 0.8251953125 0.068359375 0.068359375
0 0.361328125 0.796875 0.154296875 0.166015625
0 0.029296875 0.892578125 0.0576171875 0.072265625
0 0.31640625 0.84765625 0.076171875 0.0908203125
0 0.056640625 0.95703125 0.0888671875 0.0830078125
0 0.150390625 0.95703125 0.083984375 0.0830078125
0 0.3671875 0.919921875 0.060546875 0.0654296875
0 0.3642578125 0.951171875 0.0986328125 0.09375
0 0.3955078125 0.978515625 0.060546875 0.0390625
0 0.3505859375 0.982421875 0.134765625 0.029296875
0 0.033203125 0.529296875 0.0654296875 0.103515625
0 0.2705078125 0.5 0.123046875 0.0439453125
0 0.0263671875 0.5244140625 0.052734375 0.072265625
0 0.287109375 0.5263671875 0.0703125 0.091796875
0 0.455078125 0.509765625 0.03125 0.052734375