0 0.3056640625 0.044921875 0.107421875 0.08984375
0 0.201171875 0.04296875 0.046875 0.052734375
0 0.3486328125 0.083984375 0.0341796875 0.0625
0 0.2861328125 0.10546875 0.048828125 0.048828125
0 0.337890625 0.138671875 0.0546875 0.080078125
0 0.2294921875 0.1396484375 0.060546875 0.064453125
0 0.2001953125 0.205078125 0.0576171875 0.0576171875
0 0.310546875 0.21875 0.111328125 0.115234375
0 0.341796875 0.265625 0.048828125 0.119140625
0 0.095703125 0.26953125 0.0703125 0.064453125
0 0.2021484375 0.2783203125 0.0439453125 0.0517578125
0 0.283203125 0.3056640625 0.1220703125 0.1171875
0 0.06640625 0.375 0.0517578125 0.052734375
0 0.1982421875 0.3935546875 0.0361328125 0.046875
0 0.296875 0.4287109375 0.1376953125 0.1611328125
0 0.177734375 0.501953125 0.052734375 0.0625
0 0.341796875 0.515625 0.044921875 0.103515625
0 0.28125 0.533203125 0.0576171875 0.0673828125
0 0.3994140625 0.12109375 0.0625 0.166015625
0 0.615234375 0.2900390625 0.1904296875 0.2001953125
0 0.4375 0.294921875 0.138671875 0.2841796875
0 0.798828125 0.419921875 0.2763671875 0.2939453125
0 0.4931640625 0.462890625 0.169921875 0.1953125
0 0.630859375 0.08203125 0.208984375 0.1640625
0 0.8486328125 0.109375 0.2841796875 0.21875
0 0.12109375 0.6044921875 0.2421875 0.072265625
0 0.2939453125 0.701171875 0.115234375 0.095703125
0 0.06640625 0.740234375 0.1328125 0.236328125
0 0.2880859375 0.7763671875 0.154296875 0.1533203125
0 0.0244140625 0.873046875 0.048828125 0.232421875
0 0.5107421875 0.6279296875 0.0703125 0.078125
0 0.6318359375 0.6494140625 0.0673828125 0.0498046875
0 0.4677734375 0.6708984375 0.0703125 0.0830078125
0 0.9755859375 0.68359375 0.0439453125 0.107421875
0 0.64453125 0.685546875 0.1357421875 0.1015625
0 0.4169921875 0.798828125 0.0751953125 0.09375
0 0.8125 0.580078125 0.076171875 0.0205078125
0 0.4111328125 0.9111328125 0.0859375 0.091796875
0 0.4375 0.9453125 0.0439453125 0.0595703125
0 0.486328125 0.955078125 0.072265625 0.087890625
0 0.578125 0.58203125 0.0888671875 0.025390625
0 0.404296875 0.958984375 0.0751953125 0.076171875
0 0.689453125 0.595703125 0.0966796875 0.0517578125
0 0.7880859375 0.5986328125 0.0439453125 0.0576171875
0 0.748046875 0.6025390625 0.0625 0.0654296875
0 0.86328125 0.607421875 0.078125 0.064453125
0 0.8173828125 0.623046875 0.0732421875 0.068359375
0 0.9775390625 0.626953125 0.041015625 0.0830078125