0 0.3681640625 0.60546875 0.2314453125 0.1923828125
0 0.7265625 0.607421875 0.2421875 0.248046875
0 0.591796875 0.654296875 0.0654296875 0.044921875
0 0.421875 0.705078125 0.0751953125 0.0341796875
0 0.56640625 0.7236328125 0.1669921875 0.134765625
0 0.326171875 0.740234375 0.0908203125 0.0986328125
0 0.62109375 0.7587890625 0.041015625 0.0546875
0 0.443359375 0.11328125 0.1455078125 0.107421875
0 0.7626953125 0.2666015625 0.357421875 0.345703125
0 0.251953125 0.380859375 0.298828125 0.3330078125
0 0.525390625 0.419921875 0.458984375 0.4638671875
0 0.255859375 0.5439453125 0.099609375 0.1015625