0 0.361328125 0.1884765625 0.044921875 0.041015625
0 0.474609375 0.2177734375 0.046875 0.0419921875
0 0.25390625 0.1982421875 0.056640625 0.041015625
0 0.349609375 0.216796875 0.044921875 0.044921875
0 0.224609375 0.2060546875 0.046875 0.037109375
0 0.19140625 0.205078125 0.0419921875 0.044921875
0 0.439453125 0.263671875 0.037109375 0.037109375
0 0.01953125 0.1943359375 0.0390625 0.0390625
0 0.3583984375 0.287109375 0.048828125 0.025390625
0 0.4208984375 0.3203125 0.0341796875 0.0341796875
0 0.376953125 0.3251953125 0.037109375 0.029296875
0 0.0595703125 0.27734375 0.046875 0.0361328125
0 0.4892578125 0.37890625 0.0361328125 0.017578125
0 0.400390625 0.376953125 0.044921875 0.021484375
0 0.1953125 0.3486328125 0.0498046875 0.033203125
0 0.3173828125 0.373046875 0.0390625 0.0263671875
0 0.177734375 0.353515625 0.0283203125 0.029296875
0 0.3505859375 0.3798828125 0.0576171875 0.013671875
0 0.1640625 0.365234375 0.029296875 0.0234375
0 0.0966796875 0.357421875 0.0439453125 0.0283203125
0 0.123046875 0.375 0.0361328125 0.025390625
0 0.677734375 0.36328125 0.052734375 0.048828125
0 0.8876953125 0.033203125 0.076171875 0.06640625
0 0.5888671875 0.025390625 0.052734375 0.0498046875
0 0.8525390625 0.1376953125 0.0419921875 0.041015625
0 0.9638671875 0.1875 0.0673828125 0.091796875
0 0.556640625 0.1875 0.0517578125 0.048828125
0 0.986328125 0.3056640625 0.025390625 0.0859375
0 0.5302734375 0.224609375 0.03125 0.03125
0 0.7490234375 0.2998046875 0.0419921875 0.056640625
0 0.5341796875 0.3125 0.03125 0.0625
0 0.970703125 0.376953125 0.052734375 0.021484375
0 0.388671875 0.7490234375 0.060546875 0.0888671875
0 0.146484375 0.7138671875 0.0283203125 0.0576171875
0 0.494140625 0.7900390625 0.0263671875 0.060546875
0 0.443359375 0.7841796875 0.078125 0.126953125
0 0.4951171875 0.416015625 0.025390625 0.052734375
0 0.404296875 0.7841796875 0.037109375 0.0625
0 0.009765625 0.728515625 0.0185546875 0.052734375
0 0.478515625 0.8232421875 0.033203125 0.046875
0 0.0205078125 0.748046875 0.041015625 0.0576171875
0 0.341796875 0.8115234375 0.0390625 0.060546875
0 0.49609375 0.841796875 0.021484375 0.060546875
0 0.3779296875 0.822265625 0.0498046875 0.0751953125
0 0.013671875 0.779296875 0.0263671875 0.0341796875
0 0.353515625 0.845703125 0.0595703125 0.0654296875
0 0.0439453125 0.798828125 0.0361328125 0.048828125
0 0.4697265625 0.8876953125 0.0361328125 0.0595703125
0 0.4033203125 0.9033203125 0.0703125 0.1044921875
0 0.025390625 0.841796875 0.0498046875 0.064453125
0 0.50390625 0.9287109375 0.0078125 0.0751953125
0 0.48046875 0.9462890625 0.052734375 0.0654296875
0 0.439453125 0.943359375 0.0654296875 0.095703125
0 0.009765625 0.8701171875 0.0185546875 0.0498046875
0 0.349609375 0.958984375 0.0390625 0.060546875
0 0.3740234375 0.974609375 0.0283203125 0.041015625
0 0.478515625 0.982421875 0.0390625 0.03125
0 0.39453125 0.9775390625 0.0673828125 0.041015625
0 0.4326171875 0.9912109375 0.029296875 0.0126953125
0 0.0712890625 0.40234375 0.0517578125 0.0263671875
0 0.4833984375 0.50390625 0.0361328125 0.056640625
0 0.369140625 0.4853515625 0.044921875 0.0517578125
0 0.423828125 0.5107421875 0.041015625 0.0517578125
0 0.4736328125 0.529296875 0.052734375 0.076171875
0 0.0244140625 0.455078125 0.029296875 0.0390625
0 0.4541015625 0.552734375 0.0439453125 0.0732421875
0 0.0380859375 0.4833984375 0.033203125 0.052734375
0 0.107421875 0.517578125 0.037109375 0.0595703125
0 0.056640625 0.5439453125 0.037109375 0.048828125
0 0.060546875 0.57421875 0.0498046875 0.0673828125
0 0.3828125 0.6376953125 0.044921875 0.068359375
0 0.50390625 0.66015625 0.0078125 0.0517578125
0 0.013671875 0.58984375 0.0263671875 0.083984375
0 0.40234375 0.666015625 0.0498046875 0.0810546875
0 0.08984375 0.62109375 0.03125 0.0517578125
0 0.033203125 0.6162109375 0.056640625 0.0888671875
0 0.451171875 0.6962890625 0.087890625 0.083984375
0 0.322265625 0.6728515625 0.0234375 0.0517578125
0 0.5 0.7548828125 0.013671875 0.0966796875
0 0.896484375 0.591796875 0.095703125 0.1123046875
0 0.669921875 0.564453125 0.076171875 0.076171875
0 0.794921875 0.638671875 0.0830078125 0.083984375
0 0.5869140625 0.6923828125 0.1533203125 0.173828125
0 0.69921875 0.7685546875 0.072265625 0.056640625
0 0.8564453125 0.8115234375 0.177734375 0.1904296875
0 0.650390625 0.8330078125 0.0830078125 0.0654296875
0 0.7568359375 0.5107421875 0.0576171875 0.060546875
0 0.8798828125 0.5458984375 0.154296875 0.107421875