0 0.478515625 0.056640625 0.0576171875 0.103515625
0 0.1025390625 0.208984375 0.044921875 0.013671875
0 0.8486328125 0.013671875 0.080078125 0.02734375
0 0.884765625 0.037109375 0.087890625 0.046875
0 0.9775390625 0.046875 0.041015625 0.0654296875
0 0.861328125 0.078125 0.078125 0.060546875
0 0.666015625 0.12109375 0.1064453125 0.068359375
0 0.947265625 0.1962890625 0.1015625 0.041015625
0 0.4736328125 0.466796875 0.0673828125 0.1298828125
0 0.146484375 0.5693359375 0.140625 0.134765625
0 0.4189453125 0.51953125 0.068359375 0.0576171875
0 0.4912109375 0.515625 0.03125 0.0751953125
0 0.2490234375 0.6181640625 0.09375 0.087890625
0 0.173828125 0.6552734375 0.099609375 0.109375
0 0.4462890625 0.6005859375 0.123046875 0.1689453125
0 0.498046875 0.640625 0.0205078125 0.0888671875
0 0.2685546875 0.7021484375 0.109375 0.1220703125
0 0.220703125 0.736328125 0.0703125 0.072265625
0 0.02734375 0.818359375 0.0546875 0.115234375
0 0.4755859375 0.708984375 0.0625 0.173828125
0 0.1962890625 0.802734375 0.0703125 0.072265625
0 0.0244140625 0.853515625 0.048828125 0.091796875
0 0.474609375 0.759765625 0.0654296875 0.0966796875
0 0.232421875 0.880859375 0.0908203125 0.1064453125
0 0.326171875 0.8720703125 0.083984375 0.0908203125
0 0.291015625 0.955078125 0.125 0.087890625
0 0.109375 0.3056640625 0.0888671875 0.087890625
0 0.484375 0.939453125 0.044921875 0.119140625
0 0.390625 0.255859375 0.0703125 0.060546875
0 0.431640625 0.298828125 0.0517578125 0.064453125
0 0.451171875 0.353515625 0.046875 0.0498046875
0 0.146484375 0.419921875 0.1279296875 0.1435546875
0 0.41015625 0.3759765625 0.123046875 0.1171875
0 0.16015625 0.43359375 0.0703125 0.0703125
0 0.099609375 0.47265625 0.0703125 0.0654296875
0 0.431640625 0.439453125 0.0751953125 0.09375
0 0.6630859375 0.25 0.0830078125 0.0625
0 0.6025390625 0.2861328125 0.0859375 0.126953125
0 0.7451171875 0.259765625 0.048828125 0.072265625
0 0.6083984375 0.291015625 0.048828125 0.0546875
0 0.533203125 0.3818359375 0.048828125 0.076171875
0 0.798828125 0.3408203125 0.078125 0.0888671875
0 0.650390625 0.376953125 0.080078125 0.1201171875
0 0.5419921875 0.419921875 0.0546875 0.076171875
0 0.52734375 0.435546875 0.0361328125 0.0673828125
0 0.623046875 0.4736328125 0.0576171875 0.0625
0 0.548828125 0.5205078125 0.080078125 0.107421875
0 0.6083984375 0.5400390625 0.0625 0.0546875
0 0.533203125 0.560546875 0.044921875 0.087890625
0 0.654296875 0.599609375 0.052734375 0.064453125
0 0.55078125 0.638671875 0.078125 0.080078125
0 0.716796875 0.6279296875 0.052734375 0.0751953125
0 0.7646484375 0.6162109375 0.0673828125 0.1171875
0 0.7021484375 0.658203125 0.0673828125 0.076171875
0 0.59765625 0.7275390625 0.0703125 0.0654296875
0 0.6533203125 0.8828125 0.0517578125 0.068359375
0 0.705078125 0.888671875 0.0654296875 0.0966796875
0 0.9755859375 0.87109375 0.0439453125 0.09375
0 0.76953125 0.931640625 0.1064453125 0.134765625
0 0.8740234375 0.9111328125 0.060546875 0.072265625
0 0.94140625 0.9169921875 0.0703125 0.083984375
0 0.8974609375 0.966796875 0.0517578125 0.060546875
0 0.515625 0.2568359375 0.0126953125 0.076171875