0 0.599609375 0.017578125 0.0361328125 0.0341796875
0 0.3271484375 0.017578125 0.123046875 0.03515625
0 0.5595703125 0.037109375 0.091796875 0.07421875
0 0.650390625 0.0537109375 0.0751953125 0.0888671875
0 0.119140625 0.04296875 0.09375 0.0859375
0 0.38671875 0.048828125 0.0908203125 0.068359375
0 0.677734375 0.099609375 0.0205078125 0.083984375
0 0.654296875 0.15625 0.0673828125 0.0966796875
0 0.1982421875 0.1552734375 0.1669921875 0.185546875
0 0.0869140625 0.169921875 0.173828125 0.216796875
0 0.4208984375 0.236328125 0.318359375 0.3330078125
0 0.654296875 0.294921875 0.0673828125 0.0703125
0 0.673828125 0.3486328125 0.0263671875 0.1201171875
0 0.166015625 0.3486328125 0.134765625 0.1064453125
0 0.64453125 0.4306640625 0.087890625 0.162109375
0 0.291015625 0.4228515625 0.0595703125 0.0576171875
0 0.359375 0.451171875 0.103515625 0.099609375
0 0.4375 0.494140625 0.1923828125 0.044921875
0 0.720703125 0.0087890625 0.0595703125 0.017578125
0 0.978515625 0.1787109375 0.0390625 0.09375
0 0.7607421875 0.015625 0.041015625 0.03125
0 0.798828125 0.03515625 0.072265625 0.0703125
0 0.705078125 0.0556640625 0.03125 0.0859375
0 0.7802734375 0.083984375 0.0361328125 0.0546875
0 0.7373046875 0.0859375 0.056640625 0.0576171875
0 0.8564453125 0.0927734375 0.0732421875 0.0546875
0 0.810546875 0.111328125 0.068359375 0.060546875
0 0.9755859375 0.1201171875 0.0439453125 0.072265625
0 0.013671875 0.591796875 0.0263671875 0.0673828125
0 0.623046875 0.7763671875 0.0888671875 0.0830078125
0 0.306640625 0.775390625 0.0654296875 0.056640625
0 0.076171875 0.8125 0.0859375 0.052734375
0 0.427734375 0.8525390625 0.0732421875 0.0654296875
0 0.61328125 0.8642578125 0.0830078125 0.060546875
0 0.0361328125 0.873046875 0.072265625 0.0517578125
0 0.486328125 0.916015625 0.0439453125 0.03125
0 0.244140625 0.904296875 0.0908203125 0.078125
0 0.115234375 0.900390625 0.0517578125 0.037109375
0 0.0556640625 0.908203125 0.0595703125 0.0439453125
0 0.4404296875 0.935546875 0.064453125 0.0654296875
0 0.548828125 0.9443359375 0.0439453125 0.037109375
0 0.634765625 0.978515625 0.052734375 0.033203125
0 0.939453125 0.54296875 0.060546875 0.048828125
0 0.82421875 0.5380859375 0.0439453125 0.0390625
0 0.7919921875 0.5400390625 0.0546875 0.041015625
0 0.888671875 0.595703125 0.046875 0.0517578125
0 0.806640625 0.623046875 0.0595703125 0.0966796875
0 0.859375 0.654296875 0.056640625 0.044921875
0 0.767578125 0.6513671875 0.0595703125 0.072265625
0 0.892578125 0.724609375 0.044921875 0.0546875
0 0.7802734375 0.734375 0.0654296875 0.0654296875
0 0.947265625 0.7666015625 0.041015625 0.0673828125
0 0.982421875 0.76953125 0.029296875 0.111328125
0 0.9228515625 0.794921875 0.056640625 0.064453125
0 0.806640625 0.8310546875 0.060546875 0.052734375
0 0.8232421875 0.9794921875 0.041015625 0.0361328125
0 0.873046875 0.984375 0.0517578125 0.0263671875