0 0.3203125 0.318359375 0.212890625 0.2080078125
0 0.2431640625 0.3486328125 0.486328125 0.5341796875
0 0.2578125 0.091796875 0.1064453125 0.076171875
0 0.1748046875 0.18359375 0.0859375 0.0888671875
0 0.3271484375 0.193359375 0.1201171875 0.1220703125
0 0.5400390625 0.044921875 0.021484375 0.080078125
0 0.919921875 0.01953125 0.072265625 0.0390625
0 0.98828125 0.017578125 0.0205078125 0.0341796875
0 0.5869140625 0.10546875 0.0625 0.0810546875
0 0.9931640625 0.0419921875 0.009765625 0.056640625
0 0.97265625 0.0546875 0.041015625 0.060546875
0 0.572265625 0.1689453125 0.048828125 0.064453125
0 0.970703125 0.126953125 0.056640625 0.1015625
0 0.544921875 0.248046875 0.0341796875 0.0517578125
0 0.5654296875 0.255859375 0.0625 0.0859375
0 0.9755859375 0.197265625 0.0439453125 0.0966796875
0 0.6005859375 0.310546875 0.0576171875 0.044921875
0 0.55078125 0.3798828125 0.0439453125 0.091796875
0 0.611328125 0.4248046875 0.068359375 0.0908203125
0 0.5869140625 0.431640625 0.048828125 0.060546875
0 0.560546875 0.466796875 0.048828125 0.064453125
0 0.603515625 0.5087890625 0.0390625 0.056640625
0 0.634765625 0.58203125 0.052734375 0.0673828125
0 0.111328125 0.69921875 0.2216796875 0.1640625
0 0.361328125 0.654296875 0.103515625 0.0751953125
0 0.263671875 0.8076171875 0.5263671875 0.3798828125
0 0.01171875 0.8623046875 0.0234375 0.1064453125
0 0.2099609375 0.888671875 0.107421875 0.107421875
0 0.16796875 0.8828125 0.3359375 0.228515625
0 0.421875 0.822265625 0.208984375 0.3515625
0 0.0869140625 0.958984375 0.173828125 0.076171875
0 0.365234375 0.982421875 0.1689453125 0.03125
0 0.986328125 0.6513671875 0.025390625 0.0673828125
0 0.955078125 0.689453125 0.048828125 0.0703125
0 0.98046875 0.7236328125 0.0341796875 0.0625
0 0.5400390625 0.90234375 0.021484375 0.0751953125