0 0.2890625 0.1318359375 0.078125 0.095703125
0 0.0224609375 0.2275390625 0.044921875 0.09375
0 0.0888671875 0.16796875 0.177734375 0.3359375
0 0.1650390625 0.0400390625 0.21875 0.080078125
0 0.607421875 0.0205078125 0.0390625 0.041015625
0 0.392578125 0.0263671875 0.0498046875 0.052734375
0 0.8740234375 0.0283203125 0.0419921875 0.0361328125
0 0.837890625 0.0380859375 0.037109375 0.0341796875
0 0.490234375 0.0498046875 0.048828125 0.0361328125
0 0.98828125 0.04296875 0.0205078125 0.0439453125
0 0.4306640625 0.068359375 0.025390625 0.0263671875
0 0.861328125 0.1044921875 0.0419921875 0.0361328125
0 0.484375 0.154296875 0.037109375 0.048828125
0 0.7900390625 0.158203125 0.056640625 0.056640625
0 0.4326171875 0.1669921875 0.0341796875 0.044921875
0 0.8544921875 0.1923828125 0.0419921875 0.0439453125
0 0.6845703125 0.2041015625 0.0361328125 0.029296875
0 0.822265625 0.2060546875 0.029296875 0.0439453125
0 0.861328125 0.234375 0.037109375 0.0361328125
0 0.8095703125 0.248046875 0.037109375 0.044921875
0 0.7265625 0.283203125 0.0390625 0.048828125
0 0.705078125 0.2890625 0.029296875 0.044921875
0 0.65625 0.3212890625 0.048828125 0.03125
0 0.2802734375 0.5146484375 0.046875 0.029296875
0 0.3330078125 0.5166015625 0.0263671875 0.033203125
0 0.2919921875 0.6455078125 0.0419921875 0.0419921875
0 0.263671875 0.6796875 0.017578125 0.0185546875
0 0.2724609375 0.7138671875 0.046875 0.0341796875
0 0.185546875 0.7666015625 0.0205078125 0.0234375
0 0.2587890625 0.7724609375 0.0361328125 0.021484375
0 0.3525390625 0.8037109375 0.0078125 0.017578125
0 0.92578125 0.4189453125 0.0439453125 0.0390625
0 0.4814453125 0.439453125 0.0341796875 0.0234375
0 0.4111328125 0.439453125 0.0390625 0.0341796875
0 0.3701171875 0.453125 0.0234375 0.041015625
0 0.4794921875 0.4521484375 0.0419921875 0.025390625
0 0.8203125 0.447265625 0.052734375 0.0390625
0 0.916015625 0.4501953125 0.0439453125 0.0439453125
0 0.380859375 0.458984375 0.037109375 0.0341796875
0 0.7919921875 0.4619140625 0.046875 0.0341796875
0 0.7578125 0.46875 0.0390625 0.0439453125
0 0.994140625 0.48046875 0.0078125 0.0341796875
0 0.578125 0.490234375 0.0517578125 0.0341796875
0 0.53125 0.5048828125 0.064453125 0.0419921875
0 0.369140625 0.521484375 0.021484375 0.025390625
0 0.931640625 0.517578125 0.046875 0.021484375
0 0.986328125 0.5380859375 0.021484375 0.0341796875
0 0.361328125 0.5537109375 0.0078125 0.021484375
0 0.951171875 0.55078125 0.037109375 0.029296875
0 0.630859375 0.564453125 0.046875 0.033203125
0 0.361328125 0.6044921875 0.0078125 0.021484375
0 0.978515625 0.6025390625 0.0390625 0.0263671875
0 0.7744140625 0.6083984375 0.048828125 0.029296875
0 0.8955078125 0.615234375 0.037109375 0.0283203125
0 0.755859375 0.6171875 0.0263671875 0.0283203125
0 0.931640625 0.6240234375 0.0517578125 0.0361328125
0 0.9912109375 0.626953125 0.0126953125 0.0263671875
0 0.7412109375 0.6318359375 0.0263671875 0.0234375
0 0.373046875 0.638671875 0.03125 0.0263671875
0 0.6767578125 0.6357421875 0.0419921875 0.0263671875
0 0.703125 0.6513671875 0.03125 0.0234375
0 0.369140625 0.658203125 0.021484375 0.0439453125
0 0.994140625 0.658203125 0.0078125 0.03125
0 0.7119140625 0.66796875 0.0283203125 0.0185546875
0 0.9912109375 0.669921875 0.0126953125 0.021484375
0 0.8857421875 0.685546875 0.0517578125 0.0390625
0 0.779296875 0.689453125 0.0341796875 0.0234375
0 0.533203125 0.6962890625 0.0732421875 0.03125
0 0.568359375 0.732421875 0.060546875 0.0517578125
0 0.9013671875 0.845703125 0.0439453125 0.025390625
0 0.947265625 0.8486328125 0.025390625 0.037109375
0 0.517578125 0.8623046875 0.0263671875 0.033203125
0 0.900390625 0.8603515625 0.037109375 0.029296875
0 0.365234375 0.8837890625 0.013671875 0.041015625
0 0.919921875 0.876953125 0.037109375 0.0341796875
0 0.9736328125 0.896484375 0.0341796875 0.0341796875
0 0.548828125 0.9033203125 0.046875 0.046875
0 0.98828125 0.982421875 0.0205078125 0.03125