0 0.513671875 0.078125 0.0908203125 0.09375
0 0.697265625 0.095703125 0.279296875 0.1904296875
0 0.96875 0.044921875 0.0546875 0.08984375
0 0.951171875 0.08203125 0.091796875 0.115234375
0 0.494140625 0.20703125 0.0517578125 0.115234375
0 0.943359375 0.205078125 0.1123046875 0.103515625
0 0.6044921875 0.248046875 0.271484375 0.2138671875
0 0.69140625 0.263671875 0.125 0.1142578125
0 0.861328125 0.263671875 0.1640625 0.1376953125
0 0.935546875 0.28515625 0.1015625 0.095703125
0 0.591796875 0.326171875 0.09375 0.0576171875
0 0.7607421875 0.32421875 0.083984375 0.0625
0 0.6962890625 0.345703125 0.0888671875 0.021484375
0 0.97265625 0.3369140625 0.0517578125 0.0390625
0 0.033203125 0.373046875 0.06640625 0.03125
0 0.107421875 0.373046875 0.0439453125 0.029296875
0 0.201171875 0.37890625 0.0625 0.041015625
0 0.1181640625 0.396484375 0.048828125 0.052734375
0 0.076171875 0.40625 0.0419921875 0.0625
0 0.1806640625 0.4248046875 0.068359375 0.0625
0 0.0732421875 0.478515625 0.0703125 0.099609375
0 0.123046875 0.482421875 0.041015625 0.041015625
0 0.1337890625 0.51171875 0.037109375 0.052734375
0 0.1533203125 0.517578125 0.0576171875 0.0732421875
0 0.078125 0.548828125 0.0703125 0.0986328125
0 0.1064453125 0.5458984375 0.0439453125 0.052734375
0 0.193359375 0.576171875 0.046875 0.0654296875
0 0.109375 0.62890625 0.0546875 0.0810546875
0 0.193359375 0.640625 0.044921875 0.060546875
0 0.19921875 0.6875 0.076171875 0.076171875
0 0.134765625 0.7265625 0.0498046875 0.0732421875
0 0.1640625 0.763671875 0.041015625 0.0625
0 0.197265625 0.841796875 0.0595703125 0.064453125
0 0.185546875 0.9091796875 0.0546875 0.068359375
0 0.97265625 0.73828125 0.0517578125 0.3125
0 0.8388671875 0.7919921875 0.1201171875 0.203125
0 0.513671875 0.861328125 0.0888671875 0.2138671875
0 0.501953125 0.869140625 0.0654296875 0.2578125
0 0.962890625 0.837890625 0.0703125 0.267578125
0 0.546875 0.453125 0.080078125 0.119140625
0 0.876953125 0.873046875 0.1640625 0.248046875
0 0.7431640625 0.927734375 0.1201171875 0.138671875
0 0.912109375 0.46484375 0.169921875 0.2138671875
0 0.5849609375 0.537109375 0.1044921875 0.216796875
0 0.6572265625 0.583984375 0.1796875 0.330078125
0 0.89453125 0.548828125 0.150390625 0.255859375
0 0.537109375 0.685546875 0.1376953125 0.322265625