0 0.580078125 0.099609375 0.0673828125 0.0546875
0 0.4912109375 0.150390625 0.0986328125 0.09375
0 0.5830078125 0.16015625 0.0751953125 0.0517578125
0 0.17578125 0.17578125 0.0732421875 0.0625
0 0.2998046875 0.2431640625 0.0810546875 0.0732421875
0 0.4853515625 0.240234375 0.0908203125 0.068359375
0 0.619140625 0.25 0.0810546875 0.068359375
0 0.3603515625 0.302734375 0.046875 0.0341796875
0 0.119140625 0.3134765625 0.0986328125 0.0888671875
0 0.0087890625 0.3193359375 0.017578125 0.048828125
0 0.3173828125 0.326171875 0.0703125 0.0751953125
0 0.4228515625 0.3232421875 0.046875 0.0419921875
0 0.51171875 0.3515625 0.0576171875 0.041015625
0 0.529296875 0.3955078125 0.0732421875 0.0751953125
0 0.609375 0.396484375 0.083984375 0.0908203125
0 0.1328125 0.4404296875 0.103515625 0.080078125
0 0.3818359375 0.458984375 0.099609375 0.072265625
0 0.2705078125 0.470703125 0.0751953125 0.052734375
0 0.5625 0.48828125 0.1064453125 0.0205078125
0 0.7421875 0.0791015625 0.052734375 0.03125
0 0.7099609375 0.2392578125 0.0595703125 0.068359375
0 0.697265625 0.3818359375 0.0576171875 0.072265625
0 0.7470703125 0.443359375 0.0595703125 0.0498046875
0 0.72265625 0.44921875 0.0751953125 0.087890625
0 0.685546875 0.455078125 0.0361328125 0.0625
0 0.681640625 0.47265625 0.0263671875 0.0517578125
0 0.798828125 0.486328125 0.0703125 0.021484375
0 0.8056640625 0.04296875 0.0341796875 0.0625
0 0.380859375 0.5888671875 0.2392578125 0.177734375
0 0.416015625 0.685546875 0.271484375 0.255859375
0 0.185546875 0.748046875 0.3701171875 0.498046875
0 0.3056640625 0.8642578125 0.451171875 0.267578125
0 0.947265625 0.642578125 0.1015625 0.138671875
0 0.701171875 0.794921875 0.0654296875 0.177734375
0 0.958984375 0.8125 0.0732421875 0.1015625
0 0.837890625 0.9052734375 0.0986328125 0.134765625
0 0.9755859375 0.9013671875 0.0439453125 0.087890625
0 0.91796875 0.90234375 0.1298828125 0.1904296875
0 0.859375 0.9599609375 0.119140625 0.0751953125