0 0.0556640625 0.01171875 0.0673828125 0.0234375
0 0.365234375 0.044921875 0.0439453125 0.0830078125
0 0.376953125 0.080078125 0.021484375 0.1015625
0 0.08984375 0.0361328125 0.060546875 0.072265625
0 0.05078125 0.09765625 0.052734375 0.0654296875
0 0.357421875 0.1611328125 0.0576171875 0.0966796875
0 0.1357421875 0.134765625 0.033203125 0.0419921875
0 0.0244140625 0.115234375 0.048828125 0.0576171875
0 0.373046875 0.2099609375 0.029296875 0.181640625
0 0.34765625 0.208984375 0.0419921875 0.072265625
0 0.318359375 0.244140625 0.0595703125 0.0751953125
0 0.3544921875 0.255859375 0.0654296875 0.0908203125
0 0.01171875 0.2021484375 0.0234375 0.080078125
0 0.017578125 0.2236328125 0.03515625 0.052734375
0 0.3349609375 0.298828125 0.044921875 0.052734375
0 0.0595703125 0.2578125 0.03125 0.044921875
0 0.01171875 0.2646484375 0.0234375 0.064453125
0 0.357421875 0.337890625 0.0576171875 0.1171875
0 0.376953125 0.3681640625 0.0205078125 0.0576171875
0 0.8994140625 0.0576171875 0.173828125 0.115234375
0 0.5126953125 0.048828125 0.193359375 0.09765625
0 0.826171875 0.154296875 0.1064453125 0.091796875
0 0.95703125 0.283203125 0.0830078125 0.095703125
0 0.591796875 0.208984375 0.40625 0.375
0 0.826171875 0.3076171875 0.1044921875 0.078125
0 0.9013671875 0.359375 0.173828125 0.0751953125
0 0.4443359375 0.3173828125 0.111328125 0.1591796875
0 0.193359375 0.6611328125 0.38671875 0.525390625
0 0.349609375 0.865234375 0.0751953125 0.1201171875
0 0.248046875 0.8828125 0.150390625 0.154296875
0 0.69140625 0.6982421875 0.603515625 0.5986328125