0 0.015625 0.013671875 0.03125 0.0263671875
0 0.3369140625 0.2060546875 0.1015625 0.1533203125
0 0.2373046875 0.22265625 0.1298828125 0.134765625
0 0.3515625 0.3193359375 0.068359375 0.052734375
0 0.4609375 0.3779296875 0.0625 0.0732421875
0 0.2109375 0.404296875 0.0517578125 0.044921875
0 0.455078125 0.4814453125 0.048828125 0.0595703125
0 0.314453125 0.482421875 0.0908203125 0.109375
0 0.54296875 0.513671875 0.025390625 0.044921875
0 0.3701171875 0.513671875 0.0673828125 0.044921875
0 0.498046875 0.5224609375 0.044921875 0.0263671875
0 0.216796875 0.5244140625 0.0517578125 0.0234375
0 0.5869140625 0.005859375 0.060546875 0.01171875
0 0.5693359375 0.060546875 0.0234375 0.060546875
0 0.7333984375 0.15234375 0.0546875 0.041015625
0 0.6875 0.19140625 0.091796875 0.0625
0 0.62890625 0.212890625 0.037109375 0.0361328125
0 0.755859375 0.224609375 0.064453125 0.080078125
0 0.626953125 0.24609375 0.0390625 0.03125
0 0.6240234375 0.2880859375 0.0419921875 0.048828125
0 0.7568359375 0.337890625 0.0625 0.052734375
0 0.80859375 0.337890625 0.0830078125 0.0751953125
0 0.841796875 0.3779296875 0.0498046875 0.0546875
0 0.763671875 0.376953125 0.0654296875 0.0673828125
0 0.9326171875 0.4384765625 0.0576171875 0.0595703125
0 0.1162109375 0.5576171875 0.232421875 0.0390625
0 0.48828125 0.572265625 0.134765625 0.0673828125
0 0.048828125 0.6025390625 0.0966796875 0.1279296875
0 0.541015625 0.6337890625 0.0283203125 0.0595703125
0 0.349609375 0.6552734375 0.271484375 0.2001953125
0 0.4169921875 0.783203125 0.2763671875 0.251953125
0 0.25390625 0.798828125 0.0908203125 0.068359375
0 0.091796875 0.814453125 0.1826171875 0.169921875
0 0.2646484375 0.8212890625 0.126953125 0.1044921875
0 0.419921875 0.943359375 0.123046875 0.107421875
0 0.083984375 0.9384765625 0.16796875 0.115234375
0 0.037109375 0.962890625 0.07421875 0.0703125
0 0.318359375 0.955078125 0.181640625 0.083984375
0 0.77734375 0.66015625 0.4404296875 0.244140625
0 0.951171875 0.744140625 0.091796875 0.271484375
0 0.580078125 0.78515625 0.044921875 0.1953125
0 0.8212890625 0.857421875 0.134765625 0.185546875