0 0.2744140625 0.083984375 0.1015625 0.142578125
0 0.1455078125 0.166015625 0.044921875 0.0625
0 0.298828125 0.224609375 0.15625 0.396484375
0 0.0263671875 0.2548828125 0.0390625 0.0439453125
0 0.41015625 0.01171875 0.044921875 0.0234375
0 0.6806640625 0.01953125 0.0439453125 0.0390625
0 0.5224609375 0.0439453125 0.0361328125 0.0341796875
0 0.44921875 0.046875 0.029296875 0.021484375
0 0.701171875 0.056640625 0.017578125 0.017578125
0 0.6650390625 0.05859375 0.021484375 0.021484375
0 0.5732421875 0.0673828125 0.0263671875 0.025390625
0 0.5224609375 0.08203125 0.0419921875 0.029296875
0 0.4619140625 0.107421875 0.0205078125 0.021484375
0 0.978515625 0.125 0.0390625 0.048828125
0 0.548828125 0.189453125 0.021484375 0.021484375
0 0.8994140625 0.2412109375 0.015625 0.0263671875
0 0.232421875 0.720703125 0.2890625 0.228515625
0 0.33203125 0.962890625 0.091796875 0.0703125
0 0.9052734375 0.7080078125 0.03125 0.0419921875
0 0.865234375 0.712890625 0.048828125 0.056640625
0 0.8232421875 0.7177734375 0.0361328125 0.0419921875
0 0.419921875 0.7236328125 0.037109375 0.0576171875
0 0.767578125 0.728515625 0.052734375 0.048828125
0 0.439453125 0.7431640625 0.021484375 0.052734375
0 0.466796875 0.779296875 0.025390625 0.0576171875
0 0.490234375 0.78515625 0.048828125 0.080078125
0 0.541015625 0.8076171875 0.064453125 0.1064453125
0 0.6298828125 0.8056640625 0.0341796875 0.0732421875
0 0.50390625 0.818359375 0.0419921875 0.060546875
0 0.59375 0.8212890625 0.048828125 0.0751953125
0 0.4736328125 0.830078125 0.0341796875 0.046875
0 0.6298828125 0.845703125 0.0234375 0.046875
0 0.501953125 0.869140625 0.0419921875 0.083984375
0 0.427734375 0.876953125 0.0341796875 0.0732421875
0 0.591796875 0.892578125 0.0390625 0.0654296875
0 0.5458984375 0.90625 0.048828125 0.0732421875
0 0.5087890625 0.9111328125 0.060546875 0.0966796875
0 0.484375 0.9423828125 0.0517578125 0.091796875