0 0.3642578125 0.251953125 0.044921875 0.052734375
0 0.3583984375 0.3330078125 0.0390625 0.0517578125
0 0.091796875 0.384765625 0.107421875 0.0439453125
0 0.2900390625 0.392578125 0.0654296875 0.0263671875
0 0.2236328125 0.0947265625 0.048828125 0.044921875
0 0.203125 0.1357421875 0.03125 0.03125
0 0.03515625 0.138671875 0.0703125 0.111328125
0 0.220703125 0.2216796875 0.0263671875 0.0595703125
0 0.046875 0.4423828125 0.09375 0.0673828125
0 0.3076171875 0.4326171875 0.0625 0.048828125
0 0.3798828125 0.447265625 0.013671875 0.0673828125
0 0.123046875 0.4873046875 0.0830078125 0.076171875
0 0.044921875 0.5048828125 0.083984375 0.099609375
0 0.330078125 0.51953125 0.115234375 0.154296875
0 0.373046875 0.5712890625 0.0263671875 0.083984375
0 0.126953125 0.572265625 0.095703125 0.111328125
0 0.0732421875 0.591796875 0.060546875 0.0654296875
0 0.34765625 0.642578125 0.080078125 0.1533203125
0 0.03515625 0.654296875 0.060546875 0.0673828125
0 0.328125 0.677734375 0.0654296875 0.087890625
0 0.056640625 0.7373046875 0.0751953125 0.0986328125
0 0.1513671875 0.751953125 0.0732421875 0.0830078125
0 0.3642578125 0.7607421875 0.044921875 0.0654296875
0 0.353515625 0.806640625 0.0673828125 0.119140625
0 0.09765625 0.8388671875 0.109375 0.1123046875
0 0.373046875 0.8525390625 0.0263671875 0.0888671875
0 0.33203125 0.873046875 0.111328125 0.1279296875
0 0.1025390625 0.9443359375 0.056640625 0.052734375
0 0.3505859375 0.953125 0.072265625 0.0888671875
0 0.8974609375 0.474609375 0.037109375 0.0595703125
0 0.6689453125 0.6533203125 0.0673828125 0.083984375
0 0.634765625 0.658203125 0.0390625 0.048828125
0 0.5439453125 0.66015625 0.0673828125 0.0888671875
0 0.6220703125 0.7021484375 0.0654296875 0.0576171875
0 0.6767578125 0.7421875 0.0517578125 0.0625
0 0.72265625 0.7802734375 0.083984375 0.099609375
0 0.708984375 0.9501953125 0.0830078125 0.068359375
0 0.580078125 0.9775390625 0.087890625 0.041015625