0 0.4560546875 0.2021484375 0.046875 0.068359375
0 0.43359375 0.2109375 0.064453125 0.0810546875
0 0.4892578125 0.224609375 0.017578125 0.083984375
0 0.341796875 0.341796875 0.142578125 0.2421875
0 0.173828125 0.431640625 0.125 0.1328125
0 0.404296875 0.47265625 0.0673828125 0.0517578125
0 0.8740234375 0.1552734375 0.046875 0.0283203125
0 0.9794921875 0.162109375 0.033203125 0.033203125
0 0.923828125 0.1640625 0.0263671875 0.029296875
0 0.8837890625 0.2890625 0.0419921875 0.041015625
0 0.9619140625 0.3154296875 0.048828125 0.03125
0 0.8525390625 0.318359375 0.017578125 0.017578125
0 0.865234375 0.35546875 0.046875 0.033203125
0 0.7744140625 0.3984375 0.0205078125 0.021484375
0 0.84765625 0.4140625 0.037109375 0.0205078125
0 0.9482421875 0.451171875 0.021484375 0.0126953125
0 0.04296875 0.869140625 0.0859375 0.0986328125
0 0.17578125 0.9306640625 0.177734375 0.134765625
0 0.03125 0.97265625 0.0625 0.0517578125
0 0.2236328125 0.98828125 0.087890625 0.0205078125
0 0.802734375 0.9072265625 0.1298828125 0.140625
0 0.521484375 0.9013671875 0.0439453125 0.0576171875
0 0.9365234375 0.943359375 0.0859375 0.09375
0 0.662109375 0.931640625 0.0732421875 0.0703125
0 0.9111328125 0.611328125 0.173828125 0.2236328125
0 0.65625 0.576171875 0.1923828125 0.1533203125
0 0.8447265625 0.6591796875 0.21875 0.2607421875
0 0.951171875 0.69921875 0.091796875 0.150390625
0 0.666015625 0.7119140625 0.099609375 0.0859375
0 0.533203125 0.724609375 0.0673828125 0.09375
0 0.95703125 0.78125 0.0830078125 0.111328125
0 0.712890625 0.826171875 0.0361328125 0.056640625
0 0.5810546875 0.84375 0.109375 0.1220703125