0 0.40234375 0.064453125 0.0703125 0.1142578125
0 0.41796875 0.1474609375 0.0390625 0.080078125
0 0.099609375 0.1591796875 0.19921875 0.291015625
0 0.423828125 0.20703125 0.029296875 0.076171875
0 0.380859375 0.263671875 0.0859375 0.087890625
0 0.1220703125 0.236328125 0.072265625 0.09375
0 0.25390625 0.2744140625 0.0908203125 0.1015625
0 0.0390625 0.302734375 0.064453125 0.0859375
0 0.388671875 0.34765625 0.0966796875 0.083984375
0 0.1396484375 0.34765625 0.1123046875 0.109375
0 0.2890625 0.3818359375 0.0732421875 0.0859375
0 0.068359375 0.3740234375 0.068359375 0.052734375
0 0.365234375 0.439453125 0.1455078125 0.1376953125
0 0.2421875 0.45703125 0.125 0.1357421875
0 0.029296875 0.4375 0.0576171875 0.1201171875
0 0.419921875 0.5107421875 0.0341796875 0.0517578125
0 0.12109375 0.4599609375 0.2236328125 0.1513671875
0 0.3642578125 0.521484375 0.080078125 0.0283203125
0 0.291015625 0.5205078125 0.125 0.03125
0 0.560546875 0.48046875 0.1845703125 0.111328125
0 0.8349609375 0.0380859375 0.205078125 0.076171875
0 0.97265625 0.041015625 0.048828125 0.0810546875
0 0.591796875 0.046875 0.216796875 0.09375
0 0.478515625 0.0556640625 0.076171875 0.111328125
0 0.974609375 0.205078125 0.044921875 0.1767578125
0 0.875 0.1865234375 0.236328125 0.2294921875
0 0.701171875 0.2216796875 0.1513671875 0.1748046875
0 0.7646484375 0.37109375 0.1123046875 0.1376953125
0 0.513671875 0.3681640625 0.0986328125 0.0810546875
0 0.7451171875 0.462890625 0.197265625 0.146484375
0 0.9130859375 0.4775390625 0.1689453125 0.119140625
0 0.21875 0.767578125 0.4375 0.458984375
0 0.96484375 0.654296875 0.0654296875 0.0888671875
0 0.6650390625 0.634765625 0.0703125 0.0595703125
0 0.4580078125 0.6611328125 0.0361328125 0.0576171875
0 0.779296875 0.720703125 0.078125 0.0673828125
0 0.9580078125 0.7431640625 0.080078125 0.0673828125
0 0.83203125 0.787109375 0.0439453125 0.033203125
0 0.5908203125 0.763671875 0.09375 0.0830078125
0 0.4638671875 0.751953125 0.048828125 0.044921875
0 0.787109375 0.8037109375 0.0673828125 0.068359375
0 0.892578125 0.818359375 0.046875 0.041015625
0 0.97265625 0.857421875 0.0517578125 0.0390625
0 0.974609375 0.9013671875 0.044921875 0.072265625
0 0.5888671875 0.8916015625 0.0966796875 0.072265625
0 0.83203125 0.9443359375 0.0966796875 0.0673828125
0 0.7197265625 0.955078125 0.0673828125 0.0732421875
0 0.568359375 0.96875 0.0703125 0.0576171875
0 0.505859375 0.970703125 0.080078125 0.052734375
0 0.603515625 0.984375 0.0830078125 0.0263671875