0 0.125 0.0361328125 0.087890625 0.072265625
0 0.068359375 0.05859375 0.134765625 0.1171875
0 0.1865234375 0.0859375 0.0654296875 0.0673828125
0 0.236328125 0.13671875 0.068359375 0.0673828125
0 0.205078125 0.171875 0.0830078125 0.0654296875
0 0.07421875 0.265625 0.1484375 0.353515625
0 0.201171875 0.2998046875 0.099609375 0.0908203125
0 0.2607421875 0.353515625 0.1376953125 0.1357421875
0 0.2265625 0.4228515625 0.1796875 0.1923828125
0 0.1533203125 0.5380859375 0.076171875 0.0830078125
0 0.064453125 0.5888671875 0.1279296875 0.216796875
0 0.869140625 0.376953125 0.033203125 0.0439453125
0 0.8388671875 0.3798828125 0.029296875 0.052734375
0 0.7783203125 0.3818359375 0.0283203125 0.0419921875
0 0.8671875 0.4013671875 0.0126953125 0.025390625
0 0.873046875 0.412109375 0.015625 0.0205078125
0 0.7578125 0.416015625 0.0732421875 0.072265625
0 0.900390625 0.4228515625 0.0283203125 0.0419921875
0 0.830078125 0.42578125 0.015625 0.029296875
0 0.802734375 0.427734375 0.029296875 0.033203125
0 0.7841796875 0.4365234375 0.0205078125 0.0419921875
0 0.7587890625 0.455078125 0.046875 0.060546875
0 0.876953125 0.455078125 0.0390625 0.03125
0 0.9326171875 0.458984375 0.0341796875 0.0390625
0 0.896484375 0.4619140625 0.033203125 0.0439453125
0 0.7939453125 0.4736328125 0.0390625 0.0439453125
0 0.8388671875 0.4931640625 0.0390625 0.048828125
0 0.8681640625 0.494140625 0.0390625 0.046875
0 0.2080078125 0.8486328125 0.416015625 0.298828125
0 0.029296875 0.7880859375 0.05859375 0.181640625
0 0.958984375 0.73046875 0.076171875 0.0625
0 0.83984375 0.7255859375 0.044921875 0.052734375
0 0.734375 0.783203125 0.0419921875 0.0263671875
0 0.771484375 0.7822265625 0.0517578125 0.0498046875
0 0.765625 0.8115234375 0.046875 0.0361328125
0 0.7197265625 0.8779296875 0.0498046875 0.048828125
0 0.7265625 0.9296875 0.025390625 0.0283203125
0 0.685546875 0.9912109375 0.052734375 0.0126953125