0 0.14453125 0.28515625 0.1875 0.171875
0 0.05078125 0.326171875 0.1015625 0.185546875
0 0.39453125 0.5146484375 0.212890625 0.2080078125
0 0.1669921875 0.46875 0.271484375 0.2890625
0 0.537109375 0.607421875 0.2578125 0.1376953125
0 0.033203125 0.5595703125 0.06640625 0.232421875
0 0.2607421875 0.615234375 0.193359375 0.1201171875
0 0.29296875 0.0361328125 0.259765625 0.072265625
0 0.107421875 0.0595703125 0.21484375 0.119140625
0 0.5244140625 0.13671875 0.2080078125 0.2060546875
0 0.064453125 0.1669921875 0.1279296875 0.2001953125
0 0.4326171875 0.275390625 0.2314453125 0.240234375
0 0.578125 0.349609375 0.1767578125 0.3203125
0 0.7919921875 0.236328125 0.2470703125 0.4716796875
0 0.88671875 0.4912109375 0.2216796875 0.291015625
0 0.71875 0.5537109375 0.1015625 0.1953125
0 0.8955078125 0.052734375 0.201171875 0.10546875
0 0.3076171875 0.837890625 0.615234375 0.3203125
0 0.8330078125 0.837890625 0.330078125 0.3203125