0 0.228515625 0.095703125 0.013671875 0.09375
0 0.22265625 0.123046875 0.0263671875 0.060546875
0 0.013671875 0.1806640625 0.02734375 0.064453125
0 0.2001953125 0.228515625 0.0341796875 0.0439453125
0 0.216796875 0.3486328125 0.0390625 0.052734375
0 0.0419921875 0.384765625 0.044921875 0.029296875
0 0.404296875 0.01171875 0.041015625 0.0234375
0 0.25390625 0.048828125 0.03125 0.037109375
0 0.251953125 0.083984375 0.0263671875 0.0439453125
0 0.3212890625 0.0908203125 0.046875 0.0419921875
0 0.3759765625 0.0966796875 0.0546875 0.044921875
0 0.490234375 0.1025390625 0.0439453125 0.033203125
0 0.248046875 0.111328125 0.021484375 0.0361328125
0 0.318359375 0.119140625 0.0439453125 0.0419921875
0 0.484375 0.12890625 0.03125 0.033203125
0 0.51953125 0.166015625 0.0390625 0.0439453125
0 0.4501953125 0.177734375 0.064453125 0.048828125
0 0.376953125 0.1875 0.046875 0.0341796875
0 0.646484375 0.181640625 0.0419921875 0.041015625
0 0.771484375 0.1796875 0.033203125 0.0419921875
0 0.744140625 0.1865234375 0.0263671875 0.033203125
0 0.4873046875 0.205078125 0.0390625 0.029296875
0 0.732421875 0.20703125 0.03125 0.0341796875
0 0.439453125 0.22265625 0.0576171875 0.056640625
0 0.58984375 0.2275390625 0.03125 0.033203125
0 0.7900390625 0.2490234375 0.03125 0.03125
0 0.8359375 0.275390625 0.052734375 0.056640625
0 0.8017578125 0.306640625 0.037109375 0.037109375
0 0.6943359375 0.326171875 0.0283203125 0.0263671875
0 0.580078125 0.337890625 0.052734375 0.037109375
0 0.6484375 0.3388671875 0.0234375 0.0234375
0 0.7470703125 0.349609375 0.056640625 0.044921875
0 0.8837890625 0.419921875 0.037109375 0.037109375
0 0.47265625 0.431640625 0.041015625 0.03125
0 0.263671875 0.435546875 0.0517578125 0.025390625
0 0.7412109375 0.43359375 0.044921875 0.0263671875
0 0.705078125 0.439453125 0.041015625 0.013671875
0 0.869140625 0.439453125 0.044921875 0.013671875
0 0.2724609375 0.00390625 0.0361328125 0.0078125
0 0.146484375 0.560546875 0.130859375 0.1123046875
0 0.216796875 0.626953125 0.0390625 0.072265625
0 0.166015625 0.6484375 0.091796875 0.095703125
0 0.21875 0.712890625 0.0341796875 0.107421875
0 0.203125 0.7373046875 0.0654296875 0.060546875
0 0.1669921875 0.798828125 0.064453125 0.064453125
0 0.197265625 0.87890625 0.0810546875 0.095703125
0 0.2119140625 0.962890625 0.048828125 0.0703125
0 0.1611328125 0.46484375 0.1201171875 0.03125
0 0.17578125 0.455078125 0.0673828125 0.0126953125
0 0.111328125 0.466796875 0.0673828125 0.0361328125
0 0.6142578125 0.79296875 0.0751953125 0.060546875
0 0.9013671875 0.791015625 0.1923828125 0.2705078125
0 0.439453125 0.841796875 0.2294921875 0.1748046875
0 0.7451171875 0.9013671875 0.1484375 0.125
0 0.794921875 0.52734375 0.40625 0.15625
0 0.548828125 0.46875 0.1591796875 0.0390625
0 0.296875 0.482421875 0.0986328125 0.0673828125
0 0.689453125 0.56640625 0.197265625 0.162109375
0 0.4599609375 0.5947265625 0.2578125 0.228515625
0 0.8271484375 0.6484375 0.064453125 0.0810546875
0 0.556640625 0.673828125 0.146484375 0.15625
0 0.3671875 0.771484375 0.1689453125 0.154296875
0 0.765625 0.759765625 0.205078125 0.1591796875