0 0.4814453125 0.103515625 0.044921875 0.052734375
0 0.4658203125 0.1259765625 0.0576171875 0.0830078125
0 0.505859375 0.1357421875 0.0361328125 0.044921875
0 0.431640625 0.2451171875 0.076171875 0.0859375
0 0.54296875 0.25 0.025390625 0.1201171875
0 0.501953125 0.29296875 0.107421875 0.2939453125
0 0.517578125 0.33984375 0.0751953125 0.169921875
0 0.4580078125 0.015625 0.0751953125 0.03125
0 0.423828125 0.0361328125 0.0751953125 0.072265625
0 0.3779296875 0.033203125 0.041015625 0.06640625
0 0.51171875 0.0830078125 0.087890625 0.166015625
0 0.4140625 0.072265625 0.0390625 0.0439453125
0 0.751953125 0.0693359375 0.1064453125 0.138671875
0 0.904296875 0.138671875 0.091796875 0.1328125
0 0.849609375 0.173828125 0.080078125 0.1298828125
0 0.7783203125 0.2392578125 0.072265625 0.103515625
0 0.6650390625 0.333984375 0.09375 0.1357421875
0 0.8154296875 0.32421875 0.064453125 0.0859375
0 0.74609375 0.341796875 0.1220703125 0.212890625
0 0.96875 0.34765625 0.0576171875 0.1376953125
0 0.947265625 0.4072265625 0.072265625 0.1279296875
0 0.6962890625 0.423828125 0.1142578125 0.1484375
0 0.984375 0.4130859375 0.0263671875 0.1689453125
0 0.8076171875 0.455078125 0.0625 0.083984375
0 0.767578125 0.4638671875 0.0703125 0.0673828125
0 0.9736328125 0.474609375 0.048828125 0.044921875
0 0.689453125 0.47265625 0.076171875 0.0517578125
0 0.1142578125 0.521484375 0.056640625 0.0439453125
0 0.51953125 0.52734375 0.072265625 0.056640625
0 0.359375 0.537109375 0.0888671875 0.0751953125
0 0.060546875 0.6123046875 0.0546875 0.0908203125
0 0.3955078125 0.6123046875 0.068359375 0.0908203125
0 0.1240234375 0.6611328125 0.0625 0.0908203125
0 0.37109375 0.6533203125 0.064453125 0.0751953125
0 0.30859375 0.6630859375 0.044921875 0.078125
0 0.259765625 0.7353515625 0.0546875 0.0859375
0 0.38671875 0.73828125 0.046875 0.0732421875
0 0.3515625 0.7412109375 0.064453125 0.0830078125
0 0.466796875 0.78125 0.0830078125 0.126953125
0 0.544921875 0.818359375 0.0205078125 0.107421875
0 0.255859375 0.849609375 0.0419921875 0.0751953125
0 0.5419921875 0.8955078125 0.0263671875 0.0888671875
0 0.029296875 0.943359375 0.0576171875 0.0986328125
0 0.1376953125 0.943359375 0.0498046875 0.0654296875
0 0.26953125 0.927734375 0.1298828125 0.138671875
0 0.5361328125 0.9599609375 0.0390625 0.0751953125
0 0.77734375 0.763671875 0.4404296875 0.466796875