0 0.3115234375 0.0556640625 0.0517578125 0.0439453125
0 0.3271484375 0.087890625 0.048828125 0.0419921875
0 0.2978515625 0.1640625 0.0625 0.064453125
0 0.013671875 0.248046875 0.0263671875 0.0751953125
0 0.1630859375 0.224609375 0.0625 0.072265625
0 0.0224609375 0.28125 0.044921875 0.0966796875
0 0.4072265625 0.185546875 0.0595703125 0.0673828125
0 0.509765625 0.1630859375 0.1669921875 0.177734375
0 0.255859375 0.2783203125 0.060546875 0.0517578125
0 0.42578125 0.236328125 0.0595703125 0.0546875
0 0.4404296875 0.2421875 0.0595703125 0.056640625
0 0.3173828125 0.2802734375 0.0830078125 0.076171875
0 0.4794921875 0.267578125 0.083984375 0.078125
0 0.5869140625 0.3330078125 0.0390625 0.0546875
0 0.4287109375 0.392578125 0.083984375 0.0654296875
0 0.2705078125 0.412109375 0.1279296875 0.0263671875
0 0.4990234375 0.3994140625 0.046875 0.0498046875
0 0.5595703125 0.396484375 0.0517578125 0.041015625
0 0.712890625 0.24609375 0.0830078125 0.0732421875
0 0.939453125 0.16015625 0.115234375 0.3154296875
0 0.642578125 0.326171875 0.0673828125 0.197265625
0 0.8544921875 0.3193359375 0.169921875 0.150390625
0 0.7724609375 0.05078125 0.2236328125 0.1015625
0 0.654296875 0.111328125 0.0908203125 0.2216796875
0 0.916015625 0.05078125 0.078125 0.087890625
0 0.673828125 0.140625 0.1298828125 0.181640625
0 0.8642578125 0.17578125 0.2294921875 0.193359375
0 0.431640625 0.4775390625 0.232421875 0.0986328125
0 0.357421875 0.509765625 0.0751953125 0.046875
0 0.2685546875 0.5576171875 0.158203125 0.1357421875
0 0.177734375 0.587890625 0.0703125 0.0908203125
0 0.1708984375 0.599609375 0.2265625 0.2373046875
0 0.189453125 0.8447265625 0.1376953125 0.15625
0 0.3857421875 0.7939453125 0.349609375 0.390625
0 0.138671875 0.900390625 0.201171875 0.1953125
0 0.578125 0.8017578125 0.056640625 0.080078125
0 0.53515625 0.921875 0.142578125 0.1513671875
0 0.2861328125 0.9580078125 0.2080078125 0.080078125
0 0.08203125 0.45703125 0.1640625 0.0576171875
0 0.208984375 0.458984375 0.1533203125 0.0625
0 0.978515625 0.482421875 0.0390625 0.111328125
0 0.802734375 0.705078125 0.388671875 0.556640625
0 0.88671875 0.7890625 0.0625 0.0732421875
0 0.8525390625 0.8173828125 0.103515625 0.115234375
0 0.6298828125 0.88671875 0.0439453125 0.0966796875
0 0.884765625 0.91796875 0.1064453125 0.1064453125