0 0.02734375 0.048828125 0.0546875 0.09765625
0 0.380859375 0.04296875 0.099609375 0.0859375
0 0.146484375 0.0703125 0.0751953125 0.087890625
0 0.2509765625 0.146484375 0.1123046875 0.126953125
0 0.03515625 0.197265625 0.0703125 0.1201171875
0 0.4619140625 0.13671875 0.048828125 0.111328125
0 0.365234375 0.1611328125 0.0859375 0.1015625
0 0.0576171875 0.330078125 0.115234375 0.134765625
0 0.3583984375 0.326171875 0.107421875 0.103515625
0 0.451171875 0.40234375 0.0673828125 0.080078125
0 0.0400390625 0.4443359375 0.080078125 0.0625
0 0.298828125 0.44921875 0.125 0.052734375
0 0.40234375 0.458984375 0.103515625 0.0341796875
0 0.5087890625 0.07421875 0.0419921875 0.1484375
0 0.689453125 0.048828125 0.056640625 0.068359375
0 0.8681640625 0.1474609375 0.259765625 0.294921875
0 0.5751953125 0.154296875 0.044921875 0.048828125
0 0.935546875 0.580078125 0.123046875 0.201171875
0 0.75390625 0.677734375 0.162109375 0.296875
0 0.548828125 0.7275390625 0.103515625 0.1953125
0 0.81640625 0.7109375 0.1142578125 0.2294921875
0 0.712890625 0.775390625 0.134765625 0.2529296875
0 0.58203125 0.8359375 0.1357421875 0.283203125
0 0.953125 0.873046875 0.0888671875 0.248046875
0 0.794921875 0.9599609375 0.1220703125 0.0751953125
0 0.80078125 0.5048828125 0.134765625 0.052734375
0 0.841796875 0.513671875 0.1611328125 0.072265625
0 0.6142578125 0.544921875 0.1279296875 0.1328125