0 0.5693359375 0.103515625 0.0625 0.1015625
0 0.556640625 0.109375 0.0361328125 0.0498046875
0 0.5673828125 0.1494140625 0.046875 0.052734375
0 0.470703125 0.1953125 0.0673828125 0.0732421875
0 0.564453125 0.189453125 0.056640625 0.0703125
0 0.607421875 0.1943359375 0.046875 0.0673828125
0 0.529296875 0.20703125 0.0546875 0.0732421875
0 0.232421875 0.2822265625 0.0283203125 0.044921875
0 0.47265625 0.2568359375 0.076171875 0.072265625
0 0.3330078125 0.287109375 0.060546875 0.060546875
0 0.263671875 0.30078125 0.0498046875 0.0830078125
0 0.59375 0.2861328125 0.1875 0.2548828125
0 0.46875 0.314453125 0.0439453125 0.060546875
0 0.435546875 0.3203125 0.0498046875 0.052734375
0 0.3046875 0.353515625 0.060546875 0.091796875
0 0.51953125 0.322265625 0.068359375 0.0673828125
0 0.474609375 0.3447265625 0.0595703125 0.0595703125
0 0.4130859375 0.3564453125 0.052734375 0.0830078125
0 0.564453125 0.3642578125 0.0517578125 0.060546875
0 0.3369140625 0.41796875 0.0390625 0.0576171875
0 0.4541015625 0.4111328125 0.0517578125 0.068359375
0 0.5244140625 0.427734375 0.0546875 0.0654296875
0 0.3447265625 0.455078125 0.0595703125 0.0732421875
0 0.38671875 0.4501953125 0.0625 0.078125
0 0.634765625 0.4150390625 0.0439453125 0.0703125
0 0.599609375 0.427734375 0.0732421875 0.076171875
0 0.423828125 0.4560546875 0.0546875 0.0751953125
0 0.5166015625 0.4501953125 0.0517578125 0.0732421875
0 0.6328125 0.462890625 0.048828125 0.0654296875
0 0.564453125 0.470703125 0.046875 0.0673828125
0 0.611328125 0.4755859375 0.0390625 0.0576171875
0 0.5966796875 0.494140625 0.0439453125 0.0703125
0 0.46484375 0.50390625 0.0986328125 0.0654296875
0 0.955078125 0.05078125 0.087890625 0.1015625
0 0.9599609375 0.0400390625 0.0498046875 0.0546875
0 0.888671875 0.126953125 0.0625 0.0751953125
0 0.982421875 0.1298828125 0.03125 0.125
0 0.90234375 0.166015625 0.0595703125 0.078125
0 0.8740234375 0.1796875 0.0654296875 0.0673828125
0 0.9755859375 0.224609375 0.0439453125 0.0654296875
0 0.9140625 0.267578125 0.083984375 0.107421875
0 0.970703125 0.2880859375 0.056640625 0.0576171875
0 0.88671875 0.3037109375 0.076171875 0.083984375
0 0.923828125 0.3837890625 0.083984375 0.080078125
0 0.96875 0.4755859375 0.0576171875 0.0673828125
0 0.8486328125 0.01953125 0.052734375 0.0390625
0 0.8125 0.02734375 0.052734375 0.0546875
0 0.662109375 0.5712890625 0.0517578125 0.0654296875
0 0.580078125 0.595703125 0.1064453125 0.1142578125
0 0.45703125 0.607421875 0.1640625 0.138671875
0 0.365234375 0.615234375 0.119140625 0.1298828125
0 0.662109375 0.599609375 0.0517578125 0.083984375
0 0.5107421875 0.64453125 0.0888671875 0.1201171875
0 0.5576171875 0.6455078125 0.0673828125 0.0888671875
0 0.623046875 0.638671875 0.0830078125 0.1220703125
0 0.408203125 0.673828125 0.1015625 0.1123046875
0 0.49609375 0.697265625 0.09375 0.111328125
0 0.322265625 0.7255859375 0.1298828125 0.140625
0 0.0869140625 0.7705078125 0.091796875 0.119140625
0 0.2353515625 0.7587890625 0.052734375 0.080078125
0 0.1416015625 0.771484375 0.1044921875 0.126953125
0 0.580078125 0.7236328125 0.078125 0.0908203125
0 0.3779296875 0.755859375 0.068359375 0.0986328125
0 0.236328125 0.791015625 0.0732421875 0.09375
0 0.65625 0.7294921875 0.0625 0.103515625
0 0.4580078125 0.771484375 0.09375 0.1142578125
0 0.005859375 0.8447265625 0.01171875 0.080078125
0 0.6513671875 0.78515625 0.072265625 0.1142578125
0 0.2724609375 0.8603515625 0.080078125 0.115234375
0 0.0830078125 0.9052734375 0.0888671875 0.083984375
0 0.3671875 0.8837890625 0.0859375 0.109375
0 0.322265625 0.890625 0.072265625 0.09375
0 0.529296875 0.861328125 0.0830078125 0.1142578125
0 0.142578125 0.95703125 0.083984375 0.0830078125
0 0.58984375 0.90234375 0.083984375 0.107421875
0 0.1943359375 0.9755859375 0.0439453125 0.0439453125
0 0.3076171875 0.9619140625 0.0830078125 0.072265625
0 0.126953125 0.9892578125 0.060546875 0.017578125
0 0.673828125 0.94921875 0.0283203125 0.0966796875
0 0.8681640625 0.607421875 0.0546875 0.0703125
0 0.703125 0.787109375 0.0263671875 0.0654296875
0 0.9619140625 0.748046875 0.072265625 0.103515625
0 0.9501953125 0.7802734375 0.0595703125 0.0654296875
0 0.7373046875 0.865234375 0.056640625 0.068359375
0 0.931640625 0.890625 0.0439453125 0.0517578125
0 0.98828125 0.888671875 0.0205078125 0.052734375
0 0.9736328125 0.98828125 0.048828125 0.0205078125