0 0.388671875 0.130859375 0.0986328125 0.0751953125
0 0.322265625 0.2080078125 0.0625 0.060546875
0 0.205078125 0.244140625 0.0546875 0.0517578125
0 0.2802734375 0.279296875 0.0576171875 0.0625
0 0.01171875 0.2119140625 0.0234375 0.0546875
0 0.1845703125 0.2705078125 0.046875 0.0498046875
0 0.427734375 0.4169921875 0.0205078125 0.044921875
0 0.39453125 0.447265625 0.087890625 0.072265625
0 0.3408203125 0.453125 0.037109375 0.041015625
0 0.333984375 0.484375 0.041015625 0.0361328125
0 0.201171875 0.478515625 0.037109375 0.0419921875
0 0.3271484375 0.5263671875 0.044921875 0.0517578125
0 0.2431640625 0.5224609375 0.044921875 0.041015625
0 0.193359375 0.5234375 0.037109375 0.033203125
0 0.71875 0.2880859375 0.5576171875 0.576171875
0 0.9619140625 0.609375 0.052734375 0.060546875
0 0.69921875 0.6787109375 0.0517578125 0.0595703125
0 0.966796875 0.767578125 0.0625 0.1064453125
0 0.4482421875 0.630859375 0.017578125 0.0517578125
0 0.9423828125 0.7861328125 0.0576171875 0.0673828125
0 0.7001953125 0.763671875 0.0546875 0.0673828125
0 0.8681640625 0.87109375 0.041015625 0.0498046875
0 0.9345703125 0.9013671875 0.0517578125 0.052734375
0 0.955078125 0.935546875 0.041015625 0.052734375
0 0.60546875 0.892578125 0.0517578125 0.0517578125
0 0.845703125 0.978515625 0.0576171875 0.0390625
0 0.658203125 0.9638671875 0.046875 0.0390625