0 0.0791015625 0.009765625 0.076171875 0.0185546875
0 0.1767578125 0.0380859375 0.1513671875 0.076171875
0 0.4697265625 0.111328125 0.154296875 0.2001953125
0 0.28125 0.251953125 0.125 0.1484375
0 0.5693359375 0.263671875 0.0341796875 0.1982421875
0 0.6162109375 0.3037109375 0.0546875 0.080078125
0 0.876953125 0.2080078125 0.240234375 0.3154296875
0 0.75 0.33203125 0.173828125 0.0673828125
0 0.79296875 0.0537109375 0.4091796875 0.107421875
0 0.666015625 0.080078125 0.1533203125 0.1591796875
0 0.9580078125 0.021484375 0.080078125 0.04296875
0 0.779296875 0.10546875 0.076171875 0.0908203125
0 0.7421875 0.2314453125 0.2294921875 0.1982421875
0 0.3955078125 0.416015625 0.1142578125 0.095703125
0 0.228515625 0.458984375 0.1044921875 0.140625
0 0.142578125 0.4990234375 0.111328125 0.123046875
0 0.5673828125 0.4150390625 0.0390625 0.09375
0 0.2138671875 0.560546875 0.125 0.150390625
0 0.279296875 0.548828125 0.064453125 0.0732421875
0 0.5126953125 0.5126953125 0.1064453125 0.125
0 0.568359375 0.5 0.0361328125 0.091796875
0 0.32421875 0.611328125 0.0625 0.052734375
0 0.3642578125 0.6005859375 0.0595703125 0.0859375
0 0.482421875 0.572265625 0.076171875 0.0830078125
0 0.576171875 0.5537109375 0.0205078125 0.0986328125
0 0.041015625 0.736328125 0.0810546875 0.134765625
0 0.1279296875 0.73046875 0.087890625 0.111328125
0 0.34765625 0.6611328125 0.060546875 0.0732421875
0 0.298828125 0.6845703125 0.1064453125 0.0986328125
0 0.107421875 0.7939453125 0.125 0.1455078125
0 0.42578125 0.7119140625 0.0595703125 0.0732421875
0 0.525390625 0.685546875 0.123046875 0.1513671875
0 0.40234375 0.740234375 0.0703125 0.056640625
0 0.029296875 0.876953125 0.0576171875 0.166015625
0 0.369140625 0.77734375 0.091796875 0.107421875
0 0.41796875 0.8134765625 0.046875 0.0498046875
0 0.3955078125 0.833984375 0.0986328125 0.115234375
0 0.185546875 0.951171875 0.0888671875 0.091796875
0 0.38671875 0.9423828125 0.1064453125 0.111328125
0 0.908203125 0.58984375 0.0419921875 0.0498046875
0 0.8720703125 0.6064453125 0.0654296875 0.0673828125
0 0.8330078125 0.623046875 0.0498046875 0.0517578125
0 0.779296875 0.650390625 0.0673828125 0.060546875
0 0.61328125 0.7880859375 0.048828125 0.125
0 0.6708984375 0.763671875 0.0546875 0.080078125
0 0.6455078125 0.787109375 0.0703125 0.087890625
0 0.6845703125 0.7998046875 0.037109375 0.0517578125
0 0.595703125 0.857421875 0.013671875 0.0966796875
0 0.662109375 0.859375 0.0595703125 0.0751953125
0 0.623046875 0.8818359375 0.0703125 0.087890625
0 0.611328125 0.8974609375 0.044921875 0.1142578125
0 0.6005859375 0.935546875 0.0234375 0.103515625