0 0.7919921875 0.283203125 0.40625 0.4501953125
0 0.9599609375 0.0986328125 0.0751953125 0.1875
0 0.021484375 0.6025390625 0.04296875 0.048828125
0 0.150390625 0.5947265625 0.0859375 0.064453125
0 0.0859375 0.60546875 0.0673828125 0.046875
0 0.228515625 0.6142578125 0.0810546875 0.0546875
0 0.1279296875 0.6376953125 0.0595703125 0.0390625
0 0.03125 0.658203125 0.0625 0.0625
0 0.052734375 0.7177734375 0.0625 0.056640625
0 0.013671875 0.7294921875 0.02734375 0.041015625
0 0.103515625 0.759765625 0.0732421875 0.0498046875
0 0.0498046875 0.806640625 0.0517578125 0.033203125
0 0.009765625 0.814453125 0.0185546875 0.041015625
0 0.048828125 0.841796875 0.0595703125 0.041015625
0 0.0517578125 0.9189453125 0.0888671875 0.064453125
0 0.052734375 0.9755859375 0.087890625 0.0439453125
0 0.927734375 0.591796875 0.115234375 0.166015625
0 0.6162109375 0.68359375 0.0546875 0.146484375
0 0.681640625 0.73828125 0.0595703125 0.087890625
0 0.8349609375 0.8447265625 0.0986328125 0.1357421875
0 0.6201171875 0.8837890625 0.0625 0.146484375
0 0.638671875 0.5537109375 0.0703125 0.0888671875
0 0.8359375 0.5556640625 0.033203125 0.052734375
0 0.7451171875 0.5888671875 0.115234375 0.1591796875