0 0.5244140625 0.279296875 0.0341796875 0.0361328125
0 0.34375 0.2958984375 0.048828125 0.029296875
0 0.64453125 0.310546875 0.029296875 0.029296875
0 0.634765625 0.310546875 0.0205078125 0.0205078125
0 0.66015625 0.310546875 0.017578125 0.0263671875
0 0.6318359375 0.3203125 0.0283203125 0.029296875
0 0.541015625 0.3232421875 0.0419921875 0.0263671875
0 0.447265625 0.326171875 0.0361328125 0.033203125
0 0.337890625 0.328125 0.037109375 0.041015625
0 0.4658203125 0.3408203125 0.0419921875 0.0283203125
0 0.501953125 0.345703125 0.037109375 0.0283203125
0 0.34375 0.3525390625 0.0439453125 0.0263671875
0 0.6162109375 0.353515625 0.03125 0.029296875
0 0.5888671875 0.36328125 0.0341796875 0.029296875
0 0.7158203125 0.3681640625 0.0419921875 0.013671875
0 0.591796875 0.400390625 0.044921875 0.0263671875
0 0.744140625 0.427734375 0.0361328125 0.0517578125
0 0.369140625 0.439453125 0.0546875 0.033203125
0 0.318359375 0.458984375 0.037109375 0.0283203125
0 0.359375 0.51171875 0.0517578125 0.033203125
0 0.603515625 0.513671875 0.0439453125 0.0283203125
0 0.537109375 0.515625 0.0419921875 0.017578125
0 0.6015625 0.5390625 0.0595703125 0.025390625
0 0.404296875 0.564453125 0.041015625 0.0263671875
0 0.658203125 0.5654296875 0.0234375 0.0361328125
0 0.4853515625 0.576171875 0.0517578125 0.025390625
0 0.611328125 0.5888671875 0.041015625 0.0205078125
0 0.55859375 0.603515625 0.025390625 0.0205078125
0 0.3125 0.609375 0.0341796875 0.0263671875
0 0.4814453125 0.623046875 0.025390625 0.021484375
0 0.38671875 0.6259765625 0.0419921875 0.029296875
0 0.634765625 0.62890625 0.0283203125 0.0361328125
0 0.404296875 0.646484375 0.029296875 0.0283203125
0 0.6845703125 0.6513671875 0.037109375 0.0341796875
0 0.4794921875 0.6552734375 0.0263671875 0.0185546875
0 0.3828125 0.6591796875 0.0361328125 0.029296875
0 0.322265625 0.662109375 0.033203125 0.0283203125
0 0.541015625 0.66796875 0.0419921875 0.037109375
0 0.412109375 0.673828125 0.03125 0.017578125
0 0.677734375 0.673828125 0.0419921875 0.021484375
0 0.697265625 0.685546875 0.041015625 0.0263671875
0 0.3955078125 0.720703125 0.03125 0.0263671875
0 0.5146484375 0.728515625 0.0546875 0.0283203125
0 0.69921875 0.732421875 0.0439453125 0.0263671875
0 0.3564453125 0.740234375 0.015625 0.025390625
0 0.74609375 0.748046875 0.03125 0.0341796875
0 0.6884765625 0.748046875 0.0361328125 0.029296875
0 0.5712890625 0.7568359375 0.0517578125 0.0205078125
0 0.521484375 0.759765625 0.048828125 0.0283203125
0 0.65625 0.7666015625 0.0439453125 0.033203125
0 0.7314453125 0.767578125 0.0546875 0.025390625
0 0.373046875 0.7734375 0.0390625 0.033203125
0 0.3408203125 0.77734375 0.0517578125 0.029296875
0 0.533203125 0.78515625 0.0439453125 0.0283203125