0 0.349609375 0.046875 0.09375 0.09375
0 0.1279296875 0.0810546875 0.0751953125 0.072265625
0 0.263671875 0.115234375 0.083984375 0.0810546875
0 0.076171875 0.236328125 0.1513671875 0.1640625
0 0.1982421875 0.271484375 0.0703125 0.0546875
0 0.3583984375 0.2666015625 0.1748046875 0.1826171875
0 0.1640625 0.3486328125 0.0830078125 0.0625
0 0.19921875 0.017578125 0.0576171875 0.0341796875
0 0.326171875 0.0263671875 0.154296875 0.052734375
0 0.5849609375 0.169921875 0.0546875 0.1064453125
0 0.568359375 0.2763671875 0.021484375 0.0625
0 0.98046875 0.3369140625 0.0341796875 0.1064453125
0 0.8486328125 0.416015625 0.029296875 0.0390625
0 0.73828125 0.4833984375 0.041015625 0.0595703125
0 0.9892578125 0.541015625 0.017578125 0.0673828125
0 0.9423828125 0.5576171875 0.111328125 0.138671875
0 0.9384765625 0.017578125 0.037109375 0.03515625
0 0.9580078125 0.017578125 0.0263671875 0.0341796875
0 0.896484375 0.04296875 0.0234375 0.0576171875
0 0.97265625 0.048828125 0.0283203125 0.0498046875
0 0.955078125 0.056640625 0.025390625 0.041015625
0 0.9169921875 0.064453125 0.021484375 0.037109375
0 0.890625 0.072265625 0.0498046875 0.109375
0 0.810546875 0.08984375 0.064453125 0.1328125
0 0.748046875 0.1025390625 0.087890625 0.1376953125
0 0.689453125 0.126953125 0.109375 0.162109375
0 0.1328125 0.6611328125 0.03125 0.0283203125
0 0.072265625 0.69921875 0.0439453125 0.037109375
0 0.51953125 0.697265625 0.0546875 0.0908203125
0 0.0791015625 0.7646484375 0.048828125 0.0732421875
0 0.275390625 0.7490234375 0.03125 0.046875
0 0.248046875 0.7822265625 0.044921875 0.0732421875
0 0.0615234375 0.80859375 0.033203125 0.060546875
0 0.3515625 0.791015625 0.0361328125 0.0625
0 0.109375 0.859375 0.037109375 0.0517578125
0 0.412109375 0.8359375 0.0517578125 0.0908203125
0 0.18359375 0.87890625 0.041015625 0.0419921875
0 0.3427734375 0.919921875 0.0283203125 0.0625
0 0.3955078125 0.9228515625 0.0498046875 0.076171875
0 0.443359375 0.953125 0.033203125 0.0517578125
0 0.3994140625 0.9794921875 0.0439453125 0.0361328125
0 0.947265625 0.869140625 0.1015625 0.0986328125
0 0.73828125 0.955078125 0.0439453125 0.0498046875
0 0.974609375 0.9462890625 0.044921875 0.056640625
0 0.845703125 0.970703125 0.060546875 0.046875
0 0.748046875 0.986328125 0.056640625 0.021484375
0 0.921875 0.974609375 0.0703125 0.044921875