0 0.4208984375 0.13671875 0.0439453125 0.0625
0 0.22265625 0.357421875 0.080078125 0.080078125
0 0.189453125 0.373046875 0.048828125 0.044921875
0 0.103515625 0.373046875 0.0830078125 0.048828125
0 0.6025390625 0.04296875 0.0751953125 0.076171875
0 0.7294921875 0.0380859375 0.0703125 0.048828125
0 0.5732421875 0.09375 0.0751953125 0.0830078125
0 0.751953125 0.068359375 0.140625 0.0986328125
0 0.564453125 0.2236328125 0.080078125 0.091796875
0 0.51953125 0.337890625 0.052734375 0.0703125
0 0.5888671875 0.3349609375 0.0966796875 0.0888671875
0 0.62890625 0.361328125 0.046875 0.0576171875
0 0.677734375 0.357421875 0.076171875 0.080078125
0 0.529296875 0.375 0.0654296875 0.0439453125
0 0.5869140625 0.37109375 0.1064453125 0.0517578125
0 0.4951171875 0.384765625 0.052734375 0.0234375
0 0.017578125 0.4755859375 0.0341796875 0.072265625
0 0.376953125 0.4619140625 0.1455078125 0.125
0 0.005859375 0.630859375 0.01171875 0.0625
0 0.1083984375 0.6650390625 0.052734375 0.080078125
0 0.0546875 0.732421875 0.056640625 0.0830078125
0 0.322265625 0.6943359375 0.1796875 0.2548828125
0 0.126953125 0.86328125 0.0361328125 0.0390625
0 0.44140625 0.828125 0.0517578125 0.1279296875
0 0.1806640625 0.9111328125 0.0390625 0.0673828125
0 0.013671875 0.9716796875 0.02734375 0.048828125
0 0.265625 0.9443359375 0.0517578125 0.087890625
0 0.197265625 0.9736328125 0.0439453125 0.048828125
0 0.31640625 0.955078125 0.0751953125 0.083984375
0 0.419921875 0.95703125 0.091796875 0.0830078125
0 0.458984375 0.958984375 0.013671875 0.076171875
0 0.2138671875 0.98828125 0.0390625 0.0205078125
0 0.44140625 0.966796875 0.044921875 0.0625
0 0.6455078125 0.455078125 0.1376953125 0.1142578125
0 0.91796875 0.4150390625 0.0673828125 0.03125
0 0.7451171875 0.498046875 0.091796875 0.080078125
0 0.482421875 0.564453125 0.0263671875 0.0625
0 0.6708984375 0.53515625 0.0966796875 0.103515625
0 0.9423828125 0.486328125 0.111328125 0.1591796875
0 0.7646484375 0.5830078125 0.1064453125 0.1142578125
0 0.7138671875 0.615234375 0.0673828125 0.0673828125
0 0.5068359375 0.697265625 0.076171875 0.1064453125
0 0.96875 0.595703125 0.0576171875 0.1611328125
0 0.685546875 0.681640625 0.0673828125 0.0703125
0 0.501953125 0.7294921875 0.0654296875 0.0888671875
0 0.966796875 0.64453125 0.060546875 0.091796875
0 0.71875 0.759765625 0.087890625 0.1015625
0 0.814453125 0.755859375 0.080078125 0.083984375
0 0.98828125 0.763671875 0.0205078125 0.1220703125
0 0.775390625 0.85546875 0.119140625 0.115234375
0 0.97265625 0.8349609375 0.0517578125 0.1328125
0 0.5107421875 0.939453125 0.083984375 0.083984375
0 0.794921875 0.9580078125 0.0595703125 0.056640625