0 0.2998046875 0.009765625 0.052734375 0.0185546875
0 0.6162109375 0.033203125 0.0703125 0.0654296875
0 0.142578125 0.029296875 0.0888671875 0.0576171875
0 0.38671875 0.017578125 0.0341796875 0.0341796875
0 0.26953125 0.017578125 0.0576171875 0.0341796875
0 0.634765625 0.0732421875 0.0439453125 0.146484375
0 0.6015625 0.0673828125 0.041015625 0.072265625
0 0.2333984375 0.060546875 0.0439453125 0.0498046875
0 0.171875 0.064453125 0.064453125 0.083984375
0 0.5693359375 0.1044921875 0.0576171875 0.0751953125
0 0.607421875 0.111328125 0.0625 0.0888671875
0 0.2421875 0.09375 0.0625 0.076171875
0 0.267578125 0.1123046875 0.0361328125 0.046875
0 0.5888671875 0.15625 0.0439453125 0.052734375
0 0.3134765625 0.142578125 0.03125 0.044921875
0 0.12890625 0.1435546875 0.046875 0.0673828125
0 0.25 0.154296875 0.052734375 0.0595703125
0 0.623046875 0.19921875 0.0673828125 0.138671875
0 0.1650390625 0.173828125 0.0888671875 0.103515625
0 0.201171875 0.1875 0.056640625 0.0576171875
0 0.640625 0.232421875 0.03125 0.087890625
0 0.158203125 0.236328125 0.0517578125 0.0654296875
0 0.61328125 0.29296875 0.068359375 0.1015625
0 0.208984375 0.265625 0.0625 0.083984375
0 0.62890625 0.32421875 0.056640625 0.087890625
0 0.5830078125 0.3515625 0.041015625 0.0498046875
0 0.6064453125 0.3515625 0.0439453125 0.064453125
0 0.2001953125 0.33984375 0.048828125 0.0595703125
0 0.6376953125 0.4140625 0.0341796875 0.0546875
0 0.5625 0.4384765625 0.0390625 0.044921875
0 0.607421875 0.4541015625 0.03125 0.0419921875
0 0.828125 0.23828125 0.3388671875 0.4765625
0 0.5654296875 0.7978515625 0.111328125 0.111328125
0 0.630859375 0.8486328125 0.0498046875 0.0810546875
0 0.4306640625 0.849609375 0.150390625 0.1591796875
0 0.6142578125 0.9052734375 0.0888671875 0.095703125
0 0.328125 0.68359375 0.65625 0.4111328125
0 0.923828125 0.5205078125 0.150390625 0.083984375
0 0.705078125 0.548828125 0.0908203125 0.138671875
0 0.9052734375 0.642578125 0.0751953125 0.1044921875
0 0.8515625 0.703125 0.0546875 0.0751953125
0 0.876953125 0.7646484375 0.0810546875 0.1171875
0 0.951171875 0.83203125 0.091796875 0.1923828125
0 0.9013671875 0.9794921875 0.0830078125 0.0361328125