0 0.0224609375 0.021484375 0.044921875 0.04296875
0 0.017578125 0.0361328125 0.03515625 0.056640625
0 0.013671875 0.0791015625 0.02734375 0.072265625
0 0.0107421875 0.138671875 0.021484375 0.0625
0 0.80078125 0.134765625 0.0439453125 0.0595703125
0 0.5419921875 0.0791015625 0.0517578125 0.0419921875
0 0.72265625 0.12890625 0.060546875 0.076171875
0 0.767578125 0.1494140625 0.041015625 0.0595703125
0 0.607421875 0.1181640625 0.052734375 0.0595703125
0 0.748046875 0.158203125 0.03125 0.037109375
0 0.5732421875 0.125 0.0361328125 0.048828125
0 0.5205078125 0.1171875 0.03125 0.046875
0 0.6025390625 0.1376953125 0.041015625 0.052734375
0 0.7744140625 0.2158203125 0.052734375 0.0703125
0 0.6806640625 0.1982421875 0.0390625 0.0517578125
0 0.5107421875 0.166015625 0.0263671875 0.029296875
0 0.5205078125 0.1826171875 0.0361328125 0.052734375
0 0.50390625 0.1875 0.0263671875 0.0390625
0 0.6962890625 0.23828125 0.044921875 0.0546875
0 0.490234375 0.2275390625 0.0283203125 0.0419921875
0 0.591796875 0.2587890625 0.0576171875 0.076171875
0 0.68359375 0.322265625 0.0751953125 0.087890625
0 0.5693359375 0.310546875 0.0576171875 0.078125
0 0.533203125 0.3505859375 0.0888671875 0.099609375
0 0.642578125 0.3935546875 0.0654296875 0.095703125
0 0.958984375 0.498046875 0.076171875 0.142578125
0 0.689453125 0.44140625 0.072265625 0.099609375
0 0.58203125 0.4365234375 0.0625 0.0859375
0 0.525390625 0.45703125 0.044921875 0.0732421875
0 0.494140625 0.478515625 0.056640625 0.0673828125
0 0.552734375 0.5556640625 0.0673828125 0.0439453125
0 0.08203125 0.7666015625 0.0830078125 0.0673828125
0 0.0380859375 0.986328125 0.076171875 0.025390625
0 0.607421875 0.591796875 0.0830078125 0.0263671875
0 0.97265625 0.673828125 0.0517578125 0.119140625
0 0.7607421875 0.755859375 0.333984375 0.353515625
0 0.5048828125 0.685546875 0.091796875 0.146484375
0 0.494140625 0.787109375 0.0703125 0.1513671875
0 0.986328125 0.923828125 0.025390625 0.0517578125
0 0.80078125 0.9208984375 0.0625 0.078125
0 0.4755859375 0.873046875 0.0341796875 0.125
0 0.6630859375 0.927734375 0.1298828125 0.138671875
0 0.744140625 0.962890625 0.119140625 0.0703125