0 0.5576171875 0.056640625 0.0390625 0.0654296875
0 0.31640625 0.025390625 0.0390625 0.0498046875
0 0.4912109375 0.0615234375 0.044921875 0.046875
0 0.5185546875 0.06640625 0.0390625 0.056640625
0 0.33203125 0.0576171875 0.048828125 0.064453125
0 0.046875 0.064453125 0.09375 0.1279296875
0 0.474609375 0.1171875 0.0498046875 0.0751953125
0 0.380859375 0.17578125 0.107421875 0.1357421875
0 0.4248046875 0.318359375 0.0966796875 0.142578125
0 0.552734375 0.345703125 0.0673828125 0.1298828125
0 0.431640625 0.482421875 0.0517578125 0.0703125
0 0.5517578125 0.572265625 0.0703125 0.150390625
0 0.408203125 0.5595703125 0.037109375 0.0517578125
0 0.4169921875 0.623046875 0.0361328125 0.044921875
0 0.2626953125 0.005859375 0.044921875 0.01171875
0 0.79296875 0.3369140625 0.4091796875 0.6201171875
0 0.6357421875 0.38671875 0.09375 0.177734375
0 0.580078125 0.681640625 0.013671875 0.0654296875
0 0.224609375 0.662109375 0.0517578125 0.0263671875
0 0.162109375 0.669921875 0.0703125 0.0439453125
0 0.560546875 0.712890625 0.0517578125 0.0751953125
0 0.580078125 0.72265625 0.013671875 0.0888671875
0 0.236328125 0.685546875 0.0703125 0.072265625
0 0.2646484375 0.703125 0.0390625 0.046875
0 0.576171875 0.765625 0.0205078125 0.056640625
0 0.3134765625 0.7333984375 0.0361328125 0.0439453125
0 0.12890625 0.724609375 0.0517578125 0.0654296875
0 0.25 0.7431640625 0.0576171875 0.0595703125
0 0.1650390625 0.7578125 0.095703125 0.103515625
0 0.205078125 0.771484375 0.060546875 0.0595703125
0 0.1669921875 0.8203125 0.056640625 0.064453125
0 0.220703125 0.8515625 0.0673828125 0.0830078125
0 0.2177734375 0.9267578125 0.0517578125 0.060546875
0 0.61328125 0.6630859375 0.048828125 0.0283203125
0 0.720703125 0.712890625 0.0576171875 0.080078125
0 0.6474609375 0.7607421875 0.0595703125 0.080078125
0 0.91015625 0.81640625 0.1767578125 0.2578125
0 0.6826171875 0.90625 0.0390625 0.0390625
0 0.982421875 0.958984375 0.029296875 0.076171875
0 0.720703125 0.966796875 0.044921875 0.0625