0 0.203125 0.232421875 0.40625 0.46484375
0 0.7568359375 0.013671875 0.072265625 0.0263671875
0 0.6982421875 0.0087890625 0.083984375 0.017578125
0 0.9638671875 0.064453125 0.064453125 0.12890625
0 0.7724609375 0.0361328125 0.080078125 0.072265625
0 0.880859375 0.115234375 0.23046875 0.23046875
0 0.95703125 0.171875 0.0830078125 0.142578125
0 0.798828125 0.1533203125 0.125 0.1435546875
0 0.81640625 0.2099609375 0.083984375 0.1123046875
0 0.873046875 0.2333984375 0.1201171875 0.1455078125
0 0.943359375 0.29296875 0.107421875 0.197265625
0 0.44140625 0.1962890625 0.0654296875 0.0986328125
0 0.4306640625 0.259765625 0.0439453125 0.1015625
0 0.8203125 0.3564453125 0.0546875 0.0546875
0 0.5927734375 0.3076171875 0.15625 0.1533203125
0 0.4814453125 0.294921875 0.068359375 0.0810546875
0 0.97265625 0.40625 0.0517578125 0.1201171875
0 0.765625 0.4013671875 0.080078125 0.0810546875
0 0.951171875 0.029296875 0.091796875 0.0576171875
0 0.255859375 0.5263671875 0.021484375 0.0341796875
0 0.1953125 0.5234375 0.0390625 0.046875
0 0.0341796875 0.501953125 0.044921875 0.060546875
0 0.3974609375 0.6044921875 0.017578125 0.044921875
0 0.4013671875 0.607421875 0.009765625 0.0517578125
0 0.2333984375 0.5751953125 0.0341796875 0.0439453125
0 0.01953125 0.533203125 0.0390625 0.044921875
0 0.220703125 0.5888671875 0.033203125 0.0498046875
0 0.34765625 0.619140625 0.0517578125 0.0751953125
0 0.36328125 0.6279296875 0.0390625 0.0498046875
0 0.0205078125 0.568359375 0.041015625 0.0517578125
0 0.193359375 0.6220703125 0.0341796875 0.046875
0 0.40234375 0.677734375 0.0078125 0.0439453125
0 0.14453125 0.6220703125 0.029296875 0.0361328125
0 0.205078125 0.6494140625 0.025390625 0.029296875
0 0.154296875 0.6416015625 0.0390625 0.046875
0 0.3525390625 0.689453125 0.0419921875 0.0517578125
0 0.0087890625 0.630859375 0.017578125 0.044921875
0 0.365234375 0.763671875 0.044921875 0.0517578125
0 0.1357421875 0.7158203125 0.033203125 0.046875
0 0.126953125 0.7607421875 0.029296875 0.0361328125
0 0.1416015625 0.783203125 0.029296875 0.033203125
0 0.3251953125 0.82421875 0.0390625 0.056640625
0 0.3505859375 0.849609375 0.052734375 0.068359375
0 0.095703125 0.806640625 0.048828125 0.0625
0 0.322265625 0.8740234375 0.0341796875 0.0419921875
0 0.142578125 0.8369140625 0.033203125 0.0390625
0 0.33984375 0.884765625 0.021484375 0.025390625
0 0.1416015625 0.8671875 0.0185546875 0.033203125
0 0.3359375 0.9208984375 0.037109375 0.0498046875
0 0.3427734375 0.9521484375 0.0419921875 0.0546875
0 0.154296875 0.9189453125 0.0361328125 0.0546875
0 0.3076171875 0.98046875 0.0390625 0.0341796875
0 0.146484375 0.9716796875 0.0390625 0.0498046875
0 0.3837890625 0.4736328125 0.0361328125 0.009765625
0 0.3837890625 0.5048828125 0.044921875 0.072265625
0 0.2255859375 0.486328125 0.0439453125 0.0361328125
0 0.373046875 0.525390625 0.0390625 0.046875
0 0.6669921875 0.505859375 0.1142578125 0.0751953125
0 0.677734375 0.568359375 0.0830078125 0.0830078125
0 0.6865234375 0.625 0.0908203125 0.087890625
0 0.6142578125 0.6767578125 0.103515625 0.0986328125
0 0.486328125 0.673828125 0.109375 0.111328125
0 0.619140625 0.759765625 0.1201171875 0.0966796875
0 0.509765625 0.783203125 0.0888671875 0.0966796875
0 0.5888671875 0.849609375 0.1796875 0.15625
0 0.7578125 0.912109375 0.1015625 0.119140625
0 0.470703125 0.853515625 0.123046875 0.1533203125
0 0.826171875 0.9541015625 0.072265625 0.0673828125
0 0.69921875 0.9267578125 0.109375 0.123046875
0 0.650390625 0.939453125 0.0908203125 0.083984375
0 0.435546875 0.875 0.056640625 0.2451171875
0 0.880859375 0.978515625 0.0654296875 0.0390625
0 0.779296875 0.96875 0.0966796875 0.0576171875
0 0.5693359375 0.953125 0.0966796875 0.0888671875
0 0.4951171875 0.947265625 0.1455078125 0.1015625