0 0.2607421875 0.0068359375 0.080078125 0.013671875
0 0.40234375 0.0107421875 0.03125 0.021484375
0 0.3310546875 0.005859375 0.021484375 0.01171875
0 0.3056640625 0.0068359375 0.0341796875 0.013671875
0 0.28515625 0.01171875 0.0234375 0.0234375
0 0.259765625 0.0244140625 0.052734375 0.048828125
0 0.3779296875 0.029296875 0.041015625 0.029296875
0 0.431640625 0.037109375 0.0361328125 0.037109375
0 0.39453125 0.03515625 0.0341796875 0.0419921875
0 0.2900390625 0.037109375 0.0419921875 0.0419921875
0 0.3330078125 0.064453125 0.0419921875 0.046875
0 0.3642578125 0.068359375 0.0419921875 0.0439453125
0 0.73046875 0.1259765625 0.0390625 0.0390625
0 0.8505859375 0.162109375 0.0341796875 0.033203125
0 0.8408203125 0.162109375 0.0234375 0.021484375
0 0.8662109375 0.166015625 0.021484375 0.029296875
0 0.8388671875 0.1748046875 0.0341796875 0.033203125
0 0.748046875 0.1708984375 0.044921875 0.029296875
0 0.654296875 0.1669921875 0.041015625 0.037109375
0 0.671875 0.181640625 0.044921875 0.033203125
0 0.7080078125 0.189453125 0.041015625 0.033203125
0 0.8212890625 0.20703125 0.0361328125 0.0341796875
0 0.794921875 0.212890625 0.0390625 0.033203125
0 0.923828125 0.2265625 0.044921875 0.0205078125
0 0.796875 0.2490234375 0.0498046875 0.03125
0 0.94921875 0.287109375 0.0419921875 0.056640625
0 0.595703125 0.2763671875 0.013671875 0.0390625
0 0.8056640625 0.365234375 0.048828125 0.03125
0 0.740234375 0.36328125 0.0439453125 0.0205078125
0 0.802734375 0.388671875 0.0625 0.033203125
0 0.609375 0.4013671875 0.041015625 0.0341796875
0 0.859375 0.4130859375 0.03125 0.025390625
0 0.685546875 0.4150390625 0.0576171875 0.021484375
0 0.494140625 0.501953125 0.185546875 0.146484375
0 0.498046875 0.591796875 0.177734375 0.240234375
0 0.24609375 0.6806640625 0.4921875 0.5078125
0 0.38671875 0.81640625 0.400390625 0.3642578125
0 0.888671875 0.904296875 0.0751953125 0.083984375
0 0.853515625 0.91015625 0.0439453125 0.046875
0 0.7607421875 0.904296875 0.0751953125 0.0888671875
0 0.837890625 0.951171875 0.072265625 0.0576171875
0 0.892578125 0.9794921875 0.0576171875 0.0361328125