0 0.22265625 0.580078125 0.0810546875 0.080078125
0 0.529296875 0.53515625 0.271484375 0.333984375
0 0.091796875 0.62109375 0.18359375 0.16796875
0 0.3681640625 0.6494140625 0.162109375 0.115234375
0 0.24609375 0.015625 0.1328125 0.03125
0 0.0380859375 0.115234375 0.076171875 0.23046875
0 0.123046875 0.0703125 0.1064453125 0.1123046875
0 0.423828125 0.0869140625 0.154296875 0.150390625
0 0.3818359375 0.2080078125 0.513671875 0.416015625
0 0.11328125 0.224609375 0.1640625 0.1435546875
0 0.2685546875 0.33984375 0.208984375 0.205078125
0 0.095703125 0.3994140625 0.1904296875 0.287109375
0 0.615234375 0.3154296875 0.1015625 0.1171875
0 0.4130859375 0.4072265625 0.072265625 0.091796875
0 0.1533203125 0.4658203125 0.162109375 0.185546875
0 0.0361328125 0.591796875 0.072265625 0.1923828125
0 0.3681640625 0.5283203125 0.216796875 0.205078125
0 0.9072265625 0.1806640625 0.103515625 0.115234375
0 0.810546875 0.2607421875 0.203125 0.2001953125
0 0.8583984375 0.3837890625 0.09375 0.0986328125
0 0.712890625 0.419921875 0.0888671875 0.1171875
0 0.8759765625 0.4658203125 0.09375 0.119140625
0 0.806640625 0.4853515625 0.142578125 0.162109375
0 0.97265625 0.513671875 0.0517578125 0.103515625
0 0.8701171875 0.583984375 0.1298828125 0.1376953125
0 0.83984375 0.638671875 0.09375 0.1142578125
0 0.7080078125 0.099609375 0.080078125 0.119140625
0 0.927734375 0.560546875 0.138671875 0.2939453125
0 0.646484375 0.72265625 0.0390625 0.0263671875
0 0.654296875 0.837890625 0.021484375 0.1328125
0 0.986328125 0.7548828125 0.025390625 0.076171875
0 0.884765625 0.7822265625 0.078125 0.09375
0 0.837890625 0.80078125 0.076171875 0.068359375
0 0.931640625 0.8662109375 0.056640625 0.060546875
0 0.986328125 0.900390625 0.025390625 0.080078125
0 0.8330078125 0.990234375 0.044921875 0.013671875