0 0.087890625 0.4931640625 0.1748046875 0.2421875
0 0.392578125 0.529296875 0.2109375 0.173828125
0 0.228515625 0.521484375 0.2548828125 0.1875
0 0.0986328125 0.201171875 0.197265625 0.4013671875
0 0.2587890625 0.216796875 0.2529296875 0.4326171875
0 0.4111328125 0.232421875 0.173828125 0.4638671875
0 0.8662109375 0.0048828125 0.0703125 0.009765625
0 0.6435546875 0.0771484375 0.076171875 0.078125
0 0.767578125 0.111328125 0.0732421875 0.048828125
0 0.6005859375 0.1181640625 0.076171875 0.0830078125
0 0.78125 0.1474609375 0.140625 0.0986328125
0 0.91015625 0.009765625 0.044921875 0.0185546875
0 0.7880859375 0.015625 0.0908203125 0.03125
0 0.5556640625 0.240234375 0.0830078125 0.0908203125
0 0.943359375 0.033203125 0.083984375 0.0654296875
0 0.548828125 0.353515625 0.0986328125 0.091796875
0 0.5810546875 0.388671875 0.046875 0.0576171875
0 0.62890625 0.408203125 0.0751953125 0.0888671875
0 0.708984375 0.0244140625 0.0908203125 0.048828125
0 0.54296875 0.40625 0.087890625 0.091796875
0 0.8212890625 0.04296875 0.1044921875 0.0859375
0 0.9228515625 0.07421875 0.046875 0.0576171875
0 0.880859375 0.0732421875 0.064453125 0.0654296875
0 0.9755859375 0.0849609375 0.0439453125 0.0654296875
0 0.9501953125 0.1005859375 0.078125 0.0673828125
0 0.451171875 0.6318359375 0.041015625 0.0283203125
0 0.4521484375 0.6591796875 0.0439453125 0.0498046875
0 0.4091796875 0.6591796875 0.0390625 0.0595703125
0 0.0048828125 0.6494140625 0.009765625 0.0625
0 0.486328125 0.703125 0.021484375 0.060546875
0 0.390625 0.728515625 0.0654296875 0.0966796875
0 0.4375 0.7421875 0.0390625 0.037109375
0 0.439453125 0.7744140625 0.0341796875 0.0498046875
0 0.458984375 0.787109375 0.052734375 0.068359375
0 0.376953125 0.796875 0.064453125 0.09375
0 0.408203125 0.798828125 0.041015625 0.0498046875
0 0.48046875 0.849609375 0.0341796875 0.0654296875
0 0.390625 0.8818359375 0.0498046875 0.076171875
0 0.4677734375 0.9140625 0.0419921875 0.0595703125
0 0.4619140625 0.9599609375 0.072265625 0.0751953125
0 0.39453125 0.97265625 0.048828125 0.0517578125
0 0.7255859375 0.80859375 0.0419921875 0.068359375
0 0.591796875 0.8037109375 0.044921875 0.0732421875
0 0.6328125 0.8154296875 0.044921875 0.0595703125
0 0.513671875 0.81640625 0.0283203125 0.060546875
0 0.5546875 0.822265625 0.037109375 0.0595703125
0 0.6201171875 0.8330078125 0.048828125 0.0546875
0 0.6484375 0.8515625 0.0517578125 0.0595703125
0 0.7529296875 0.8779296875 0.0439453125 0.0595703125
0 0.6748046875 0.892578125 0.0625 0.0703125
0 0.62890625 0.8916015625 0.046875 0.046875
0 0.818359375 0.9248046875 0.0546875 0.0625
0 0.728515625 0.9306640625 0.0361328125 0.064453125
0 0.603515625 0.9287109375 0.046875 0.068359375
0 0.892578125 0.9599609375 0.056640625 0.044921875
0 0.791015625 0.966796875 0.0625 0.0625
0 0.716796875 0.984375 0.076171875 0.0263671875