0 0.162109375 0.005859375 0.0625 0.01171875
0 0.1875 0.0224609375 0.052734375 0.044921875
0 0.1328125 0.044921875 0.044921875 0.041015625
0 0.251953125 0.0673828125 0.0625 0.068359375
0 0.35546875 0.083984375 0.0439453125 0.048828125
0 0.15234375 0.1025390625 0.0498046875 0.056640625
0 0.205078125 0.16796875 0.044921875 0.0390625
0 0.123046875 0.18359375 0.0498046875 0.044921875
0 0.169921875 0.2099609375 0.052734375 0.056640625
0 0.1875 0.234375 0.037109375 0.044921875
0 0.283203125 0.24609375 0.0517578125 0.0654296875
0 0.125 0.267578125 0.0673828125 0.060546875
0 0.2578125 0.296875 0.044921875 0.044921875
0 0.009765625 0.298828125 0.0185546875 0.044921875
0 0.154296875 0.33203125 0.0673828125 0.0830078125
0 0.3603515625 0.357421875 0.0390625 0.052734375
0 0.369140625 0.373046875 0.017578125 0.060546875
0 0.3330078125 0.3701171875 0.0546875 0.072265625
0 0.248046875 0.369140625 0.0576171875 0.064453125
0 0.1884765625 0.3779296875 0.041015625 0.041015625
0 0.099609375 0.37890625 0.0498046875 0.0498046875
0 0.111328125 0.3916015625 0.041015625 0.033203125
0 0.19140625 0.427734375 0.0703125 0.0654296875
0 0.1015625 0.4326171875 0.044921875 0.048828125
0 0.3681640625 0.4619140625 0.0205078125 0.0576171875
0 0.0087890625 0.423828125 0.017578125 0.0576171875
0 0.361328125 0.482421875 0.03125 0.048828125
0 0.134765625 0.482421875 0.0576171875 0.048828125
0 0.0361328125 0.4755859375 0.0576171875 0.0625
0 0.111328125 0.4892578125 0.060546875 0.0361328125
0 0.505859375 0.017578125 0.0390625 0.03515625
0 0.453125 0.01171875 0.03125 0.0234375
0 0.66015625 0.033203125 0.04296875 0.06640625
0 0.6904296875 0.056640625 0.041015625 0.0546875
0 0.43359375 0.033203125 0.0361328125 0.0419921875
0 0.609375 0.0546875 0.0751953125 0.0654296875
0 0.70703125 0.099609375 0.03125 0.0361328125
0 0.6337890625 0.119140625 0.056640625 0.080078125
0 0.5751953125 0.125 0.0625 0.0830078125
0 0.591796875 0.291015625 0.0341796875 0.0625
0 0.5498046875 0.2880859375 0.033203125 0.033203125
0 0.39453125 0.2880859375 0.029296875 0.0576171875
0 0.5068359375 0.3046875 0.0341796875 0.0673828125
0 0.482421875 0.3330078125 0.0341796875 0.0498046875
0 0.5693359375 0.345703125 0.0439453125 0.056640625
0 0.5361328125 0.349609375 0.0390625 0.0498046875
0 0.392578125 0.345703125 0.0263671875 0.083984375
0 0.5205078125 0.384765625 0.0205078125 0.044921875
0 0.47265625 0.3837890625 0.0517578125 0.083984375
0 0.4541015625 0.3984375 0.0439453125 0.0576171875
0 0.552734375 0.4169921875 0.0625 0.1044921875
0 0.4140625 0.4345703125 0.03125 0.0419921875
0 0.4716796875 0.443359375 0.015625 0.0341796875
0 0.412109375 0.45703125 0.025390625 0.041015625
0 0.2685546875 0.79296875 0.1484375 0.115234375
0 0.150390625 0.8251953125 0.1298828125 0.091796875
0 0.0869140625 0.544921875 0.173828125 0.0703125
0 0.09765625 0.6962890625 0.123046875 0.1279296875
0 0.73046875 0.552734375 0.087890625 0.0673828125
0 0.396484375 0.763671875 0.0341796875 0.146484375
0 0.8056640625 0.8544921875 0.0595703125 0.080078125
0 0.775390625 0.876953125 0.056640625 0.0751953125
0 0.923828125 0.92578125 0.0732421875 0.0830078125
0 0.986328125 0.974609375 0.025390625 0.044921875
0 0.615234375 0.55859375 0.072265625 0.0986328125
0 0.51953125 0.556640625 0.087890625 0.09375
0 0.9345703125 0.59765625 0.0517578125 0.083984375
0 0.8623046875 0.5927734375 0.0673828125 0.0888671875
0 0.7998046875 0.755859375 0.0673828125 0.0888671875