0 0.0888671875 0.0419921875 0.1064453125 0.083984375
0 0.3193359375 0.03515625 0.0830078125 0.0703125
0 0.201171875 0.044921875 0.0830078125 0.0888671875
0 0.1875 0.2021484375 0.1015625 0.1015625
0 0.384765625 0.1943359375 0.107421875 0.138671875
0 0.279296875 0.283203125 0.0751953125 0.0751953125
0 0.1171875 0.3642578125 0.1142578125 0.1279296875
0 0.21875 0.365234375 0.0966796875 0.0859375
0 0.3681640625 0.353515625 0.1015625 0.1044921875
0 0.013671875 0.4033203125 0.02734375 0.087890625
0 0.3837890625 0.4501953125 0.0751953125 0.0830078125
0 0.041015625 0.4853515625 0.0810546875 0.138671875
0 0.2509765625 0.494140625 0.087890625 0.123046875
0 0.4873046875 0.11328125 0.0576171875 0.0625
0 0.6572265625 0.126953125 0.224609375 0.25390625
0 0.4951171875 0.1787109375 0.072265625 0.205078125
0 0.7236328125 0.1767578125 0.0576171875 0.083984375
0 0.5712890625 0.3544921875 0.2236328125 0.291015625
0 0.607421875 0.458984375 0.068359375 0.0625
0 0.1826171875 0.662109375 0.341796875 0.208984375
0 0.41796875 0.607421875 0.076171875 0.072265625
0 0.439453125 0.654296875 0.0341796875 0.125
0 0.4111328125 0.7412109375 0.091796875 0.169921875
0 0.0625 0.794921875 0.0625 0.0625
0 0.12890625 0.8125 0.109375 0.1064453125
0 0.380859375 0.87109375 0.0654296875 0.0888671875
0 0.2119140625 0.90625 0.2080078125 0.1826171875
0 0.5712890625 0.580078125 0.0703125 0.0439453125
0 0.51953125 0.580078125 0.072265625 0.044921875
0 0.599609375 0.642578125 0.0498046875 0.0498046875
0 0.673828125 0.6806640625 0.0751953125 0.0625
0 0.7353515625 0.7392578125 0.056640625 0.044921875
0 0.7099609375 0.7470703125 0.0703125 0.083984375
0 0.66796875 0.7548828125 0.0419921875 0.0576171875
0 0.47265625 0.7880859375 0.0263671875 0.0576171875
0 0.6591796875 0.771484375 0.0439453125 0.048828125
0 0.7861328125 0.8056640625 0.0625 0.072265625
0 0.46484375 0.849609375 0.0126953125 0.080078125
0 0.490234375 0.8623046875 0.052734375 0.072265625
0 0.7490234375 0.8349609375 0.0517578125 0.0546875
0 0.7333984375 0.8642578125 0.0439453125 0.044921875
0 0.767578125 0.8759765625 0.0439453125 0.0546875
0 0.4892578125 0.9091796875 0.041015625 0.0595703125
0 0.62890625 0.939453125 0.056640625 0.0859375
0 0.482421875 0.9619140625 0.048828125 0.052734375
0 0.544921875 0.96484375 0.0673828125 0.0654296875
0 0.603515625 0.966796875 0.0439453125 0.0625
0 0.580078125 0.986328125 0.0751953125 0.025390625