0 0.4228515625 0.2470703125 0.0419921875 0.0908203125
0 0.1513671875 0.2607421875 0.1298828125 0.1171875
0 0.3818359375 0.2802734375 0.0966796875 0.115234375
0 0.474609375 0.310546875 0.0859375 0.087890625
0 0.208984375 0.3271484375 0.095703125 0.068359375
0 0.5205078125 0.3515625 0.0654296875 0.0830078125
0 0.490234375 0.412109375 0.099609375 0.09375
0 0.0537109375 0.453125 0.107421875 0.1904296875
0 0.2412109375 0.4482421875 0.3486328125 0.2138671875
0 0.48046875 0.53515625 0.087890625 0.041015625
0 0.193359375 0.0673828125 0.1142578125 0.1201171875
0 0.3193359375 0.099609375 0.109375 0.1376953125
0 0.1337890625 0.1064453125 0.083984375 0.078125
0 0.0703125 0.15234375 0.1064453125 0.126953125
0 0.236328125 0.181640625 0.0751953125 0.0830078125
0 0.029296875 0.208984375 0.0576171875 0.111328125
0 0.798828125 0.080078125 0.0751953125 0.078125
0 0.947265625 0.087890625 0.1015625 0.107421875
0 0.98828125 0.1201171875 0.0205078125 0.0673828125
0 0.904296875 0.130859375 0.1875 0.26171875
0 0.96875 0.169921875 0.0576171875 0.0625
0 0.8994140625 0.1767578125 0.1298828125 0.15625
0 0.955078125 0.310546875 0.083984375 0.1904296875
0 0.9755859375 0.466796875 0.0439453125 0.1376953125
0 0.88671875 0.958984375 0.0390625 0.068359375
0 0.779296875 0.97265625 0.0390625 0.0517578125
0 0.73046875 0.958984375 0.0625 0.076171875
0 0.810546875 0.9755859375 0.0361328125 0.0439453125
0 0.74609375 0.599609375 0.041015625 0.060546875
0 0.8408203125 0.6279296875 0.046875 0.087890625
0 0.7666015625 0.67578125 0.03125 0.052734375
0 0.732421875 0.697265625 0.0361328125 0.052734375
0 0.7255859375 0.72265625 0.0517578125 0.0703125
0 0.818359375 0.724609375 0.0439453125 0.0546875
0 0.716796875 0.751953125 0.0341796875 0.0751953125
0 0.80078125 0.841796875 0.048828125 0.078125
0 0.7802734375 0.845703125 0.021484375 0.046875
0 0.7861328125 0.8681640625 0.029296875 0.0439453125
0 0.732421875 0.892578125 0.0673828125 0.080078125
0 0.7998046875 0.935546875 0.056640625 0.087890625