0 0.9228515625 0.029296875 0.103515625 0.05859375
0 0.9775390625 0.1181640625 0.041015625 0.1298828125
0 0.958984375 0.171875 0.0673828125 0.0654296875
0 0.626953125 0.3349609375 0.205078125 0.1953125
0 0.9794921875 0.2275390625 0.0361328125 0.083984375
0 0.533203125 0.44140625 0.0263671875 0.1142578125
0 0.6962890625 0.3935546875 0.0986328125 0.1044921875
0 0.982421875 0.3125 0.03125 0.111328125
0 0.763671875 0.3955078125 0.0498046875 0.068359375
0 0.650390625 0.4716796875 0.134765625 0.146484375
0 0.7919921875 0.482421875 0.119140625 0.1201171875
0 0.970703125 0.427734375 0.052734375 0.197265625
0 0.59765625 0.580078125 0.103515625 0.087890625
0 0.912109375 0.5234375 0.083984375 0.095703125
0 0.5693359375 0.642578125 0.0673828125 0.044921875
0 0.822265625 0.58203125 0.1640625 0.1640625
0 0.96875 0.611328125 0.0576171875 0.107421875
0 0.9111328125 0.642578125 0.087890625 0.044921875
0 0.828125 0.65234375 0.107421875 0.0263671875
0 0.306640625 0.685546875 0.126953125 0.0361328125
0 0.283203125 0.81640625 0.142578125 0.2001953125
0 0.1875 0.84765625 0.216796875 0.2626953125
0 0.474609375 0.779296875 0.083984375 0.2236328125
0 0.029296875 0.9345703125 0.05859375 0.115234375
0 0.4072265625 0.9228515625 0.130859375 0.1484375
0 0.474609375 0.943359375 0.083984375 0.107421875
0 0.66796875 0.720703125 0.1064453125 0.1064453125
0 0.8037109375 0.720703125 0.1767578125 0.1064453125
0 0.8486328125 0.701171875 0.0673828125 0.0673828125
0 0.58984375 0.845703125 0.142578125 0.302734375
0 0.771484375 0.8115234375 0.1044921875 0.1142578125
0 0.8388671875 0.880859375 0.072265625 0.083984375
0 0.7939453125 0.92578125 0.068359375 0.052734375