0 0.142578125 0.013671875 0.0439453125 0.0263671875
0 0.189453125 0.0263671875 0.0673828125 0.052734375
0 0.0380859375 0.029296875 0.056640625 0.05859375
0 0.09765625 0.03125 0.0986328125 0.0625
0 0.01171875 0.029296875 0.0234375 0.05859375
0 0.041015625 0.107421875 0.0810546875 0.080078125
0 0.0107421875 0.1669921875 0.021484375 0.060546875
0 0.91015625 0.2275390625 0.03125 0.056640625
0 0.966796875 0.27734375 0.0390625 0.060546875
0 0.6943359375 0.3193359375 0.0439453125 0.0576171875
0 0.611328125 0.388671875 0.0361328125 0.0439453125
0 0.634765625 0.4111328125 0.048828125 0.0576171875
0 0.9794921875 0.412109375 0.0361328125 0.056640625
0 0.7236328125 0.451171875 0.0234375 0.0439453125
0 0.0400390625 0.5224609375 0.080078125 0.0888671875
0 0.482421875 0.517578125 0.056640625 0.076171875
0 0.45703125 0.54296875 0.052734375 0.072265625
0 0.7587890625 0.73828125 0.478515625 0.5205078125