0 0.27734375 0.0224609375 0.0986328125 0.044921875
0 0.3603515625 0.07421875 0.0908203125 0.0859375
0 0.0458984375 0.009765625 0.0703125 0.0185546875
0 0.1650390625 0.046875 0.142578125 0.09375
0 0.2958984375 0.0751953125 0.0732421875 0.068359375
0 0.2099609375 0.091796875 0.1220703125 0.1201171875
0 0.3583984375 0.1435546875 0.068359375 0.0673828125
0 0.0439453125 0.060546875 0.052734375 0.0546875
0 0.119140625 0.109375 0.138671875 0.123046875
0 0.248046875 0.154296875 0.138671875 0.1328125
0 0.029296875 0.173828125 0.0439453125 0.048828125
0 0.2880859375 0.2470703125 0.0966796875 0.0859375
0 0.13671875 0.2373046875 0.1875 0.1669921875
0 0.3115234375 0.291015625 0.0986328125 0.095703125
0 0.013671875 0.2744140625 0.02734375 0.064453125
0 0.197265625 0.3369140625 0.150390625 0.1015625
0 0.0966796875 0.333984375 0.068359375 0.068359375
0 0.2919921875 0.365234375 0.09375 0.0439453125
0 0.9248046875 0.197265625 0.109375 0.1201171875
0 0.935546875 0.2841796875 0.0810546875 0.0830078125
0 0.587890625 0.228515625 0.2763671875 0.3173828125
0 0.939453125 0.341796875 0.091796875 0.087890625
0 0.8662109375 0.361328125 0.103515625 0.0517578125
0 0.611328125 0.3193359375 0.0888671875 0.099609375
0 0.7392578125 0.353515625 0.1142578125 0.0673828125
0 0.521484375 0.353515625 0.0830078125 0.0673828125
0 0.408203125 0.58984375 0.080078125 0.1142578125
0 0.419921875 0.740234375 0.0546875 0.1298828125
0 0.380859375 0.7578125 0.068359375 0.064453125
0 0.0625 0.716796875 0.125 0.1953125
0 0.396484375 0.8310546875 0.0908203125 0.0810546875
0 0.0556640625 0.806640625 0.1015625 0.103515625
0 0.3701171875 0.912109375 0.1015625 0.107421875
0 0.1103515625 0.8447265625 0.0517578125 0.068359375
0 0.025390625 0.8515625 0.0498046875 0.146484375
0 0.1015625 0.9384765625 0.1220703125 0.1171875
0 0.333984375 0.9599609375 0.177734375 0.0751953125
0 0.083984375 0.978515625 0.16796875 0.0390625
0 0.908203125 0.5390625 0.0751953125 0.091796875
0 0.8212890625 0.556640625 0.0654296875 0.0859375
0 0.529296875 0.4912109375 0.1171875 0.126953125
0 0.7607421875 0.587890625 0.1220703125 0.1328125
0 0.6181640625 0.552734375 0.1357421875 0.1533203125
0 0.6923828125 0.5947265625 0.1064453125 0.1376953125
0 0.634765625 0.6357421875 0.1142578125 0.126953125
0 0.546875 0.62109375 0.0703125 0.0830078125
0 0.708984375 0.6865234375 0.0517578125 0.0703125
0 0.888671875 0.806640625 0.0810546875 0.072265625
0 0.6376953125 0.751953125 0.0732421875 0.099609375
0 0.701171875 0.970703125 0.0576171875 0.056640625
0 0.6005859375 0.9462890625 0.0439453125 0.0517578125
0 0.533203125 0.96875 0.0908203125 0.0576171875