0 0.4609375 0.041015625 0.115234375 0.0810546875
0 0.2041015625 0.087890625 0.3955078125 0.1748046875
0 0.2138671875 0.05078125 0.349609375 0.1015625
0 0.880859375 0.087890625 0.232421875 0.1748046875
0 0.6982421875 0.064453125 0.078125 0.099609375
0 0.681640625 0.0908203125 0.072265625 0.080078125
0 0.705078125 0.142578125 0.0595703125 0.0673828125
0 0.6611328125 0.021484375 0.115234375 0.04296875
0 0.302734375 0.40234375 0.046875 0.09375
0 0.0517578125 0.4375 0.103515625 0.134765625
0 0.2705078125 0.439453125 0.1044921875 0.125
0 0.3662109375 0.458984375 0.0888671875 0.0986328125
0 0.10546875 0.498046875 0.099609375 0.080078125
0 0.419921875 0.4970703125 0.0703125 0.0888671875
0 0.400390625 0.55859375 0.103515625 0.103515625
0 0.1767578125 0.6787109375 0.353515625 0.376953125
0 0.416015625 0.697265625 0.0859375 0.078125
0 0.474609375 0.7412109375 0.1142578125 0.1328125
0 0.458984375 0.830078125 0.171875 0.1796875
0 0.0810546875 0.8857421875 0.0673828125 0.0654296875
0 0.05078125 0.2431640625 0.1015625 0.1298828125
0 0.1513671875 0.904296875 0.115234375 0.115234375
0 0.41015625 0.955078125 0.0751953125 0.083984375
0 0.248046875 0.947265625 0.21875 0.1015625
0 0.1708984375 0.26171875 0.1171875 0.150390625
0 0.017578125 0.28515625 0.0341796875 0.0888671875
0 0.1044921875 0.3515625 0.078125 0.091796875
0 0.904296875 0.2451171875 0.123046875 0.134765625
0 0.7392578125 0.251953125 0.142578125 0.1484375
0 0.82421875 0.3779296875 0.1484375 0.193359375
0 0.947265625 0.455078125 0.1015625 0.166015625
0 0.6826171875 0.52734375 0.2265625 0.4111328125
0 0.890625 0.7001953125 0.2001953125 0.302734375
0 0.9482421875 0.1943359375 0.0986328125 0.0341796875
0 0.748046875 0.7451171875 0.251953125 0.240234375
0 0.978515625 0.84375 0.0390625 0.1826171875
0 0.732421875 0.904296875 0.25 0.1875
0 0.955078125 0.935546875 0.087890625 0.123046875