0 0.232421875 0.13671875 0.03125 0.0673828125
0 0.0986328125 0.1630859375 0.0341796875 0.072265625
0 0.140625 0.1630859375 0.037109375 0.0576171875
0 0.017578125 0.1943359375 0.0341796875 0.0576171875
0 0.064453125 0.1904296875 0.0283203125 0.0595703125
0 0.130859375 0.1865234375 0.0419921875 0.0517578125
0 0.16015625 0.197265625 0.046875 0.0595703125
0 0.267578125 0.19921875 0.037109375 0.0576171875
0 0.1923828125 0.232421875 0.052734375 0.0654296875
0 0.1474609375 0.2412109375 0.041015625 0.046875
0 0.337890625 0.232421875 0.046875 0.060546875
0 0.251953125 0.2568359375 0.0263671875 0.0625
0 0.125 0.28125 0.0390625 0.0673828125
0 0.408203125 0.248046875 0.0361328125 0.0439453125
0 0.3173828125 0.296875 0.048828125 0.095703125
0 0.2490234375 0.3466796875 0.0654296875 0.0888671875
0 0.3583984375 0.369140625 0.029296875 0.064453125
0 0.40625 0.37890625 0.0390625 0.060546875
0 0.103515625 0.416015625 0.064453125 0.083984375
0 0.3642578125 0.404296875 0.037109375 0.056640625
0 0.2607421875 0.4326171875 0.046875 0.0732421875
0 0.4111328125 0.41796875 0.029296875 0.0625
0 0.0869140625 0.46484375 0.025390625 0.041015625
0 0.4130859375 0.4638671875 0.025390625 0.076171875
0 0.2724609375 0.5009765625 0.0361328125 0.041015625
0 0.1005859375 0.5234375 0.029296875 0.0576171875
0 0.244140625 0.5078125 0.0263671875 0.041015625
0 0.298828125 0.5009765625 0.0263671875 0.0390625
0 0.2607421875 0.533203125 0.060546875 0.0283203125
0 0.408203125 0.544921875 0.0341796875 0.0751953125
0 0.6220703125 0.236328125 0.1279296875 0.1455078125
0 0.857421875 0.015625 0.072265625 0.03125
0 0.7587890625 0.021484375 0.080078125 0.04296875
0 0.390625 0.685546875 0.0361328125 0.017578125
0 0.34375 0.6875 0.048828125 0.0205078125
0 0.013671875 0.720703125 0.0263671875 0.041015625
0 0.2021484375 0.7099609375 0.0341796875 0.0595703125
0 0.3642578125 0.705078125 0.0517578125 0.056640625
0 0.3896484375 0.7216796875 0.0341796875 0.044921875
0 0.0361328125 0.767578125 0.048828125 0.087890625
0 0.2236328125 0.7548828125 0.0341796875 0.0439453125
0 0.0205078125 0.8046875 0.0263671875 0.048828125
0 0.189453125 0.8212890625 0.052734375 0.056640625
0 0.0439453125 0.8662109375 0.029296875 0.0595703125
0 0.2236328125 0.8701171875 0.0439453125 0.078125
0 0.017578125 0.9091796875 0.029296875 0.03125
0 0.3974609375 0.873046875 0.03125 0.0595703125
0 0.0537109375 0.94140625 0.0361328125 0.056640625
0 0.375 0.90625 0.029296875 0.0673828125
0 0.1923828125 0.935546875 0.029296875 0.041015625
0 0.212890625 0.966796875 0.0517578125 0.0625
0 0.0361328125 0.984375 0.0439453125 0.0263671875
0 0.240234375 0.9931640625 0.0439453125 0.009765625
0 0.611328125 0.8056640625 0.0419921875 0.0390625
0 0.6220703125 0.8408203125 0.0419921875 0.0361328125
0 0.58203125 0.912109375 0.048828125 0.0595703125
0 0.447265625 0.951171875 0.0390625 0.0673828125
0 0.685546875 0.9521484375 0.0439453125 0.0625
0 0.787109375 0.9306640625 0.1328125 0.134765625
0 0.970703125 0.923828125 0.052734375 0.087890625
0 0.6962890625 0.9892578125 0.0517578125 0.017578125
0 0.7080078125 0.9912109375 0.0517578125 0.0126953125