0 0.341796875 0.009765625 0.0517578125 0.0185546875
0 0.3408203125 0.052734375 0.0810546875 0.0625
0 0.26171875 0.0673828125 0.0908203125 0.0859375
0 0.435546875 0.0869140625 0.021484375 0.052734375
0 0.166015625 0.0771484375 0.0673828125 0.0732421875
0 0.2431640625 0.099609375 0.0341796875 0.0517578125
0 0.337890625 0.107421875 0.076171875 0.060546875
0 0.19921875 0.115234375 0.0673828125 0.068359375
0 0.2197265625 0.1552734375 0.052734375 0.056640625
0 0.39453125 0.1796875 0.0390625 0.037109375
0 0.3369140625 0.1796875 0.068359375 0.056640625
0 0.251953125 0.1953125 0.046875 0.0498046875
0 0.1328125 0.18359375 0.078125 0.0732421875
0 0.2470703125 0.224609375 0.060546875 0.068359375
0 0.193359375 0.234375 0.0234375 0.046875
0 0.2275390625 0.2421875 0.033203125 0.033203125
0 0.2626953125 0.255859375 0.029296875 0.0263671875
0 0.201171875 0.255859375 0.033203125 0.037109375
0 0.1708984375 0.255859375 0.052734375 0.056640625
0 0.3017578125 0.2724609375 0.0986328125 0.0888671875
0 0.21875 0.271484375 0.0341796875 0.0341796875
0 0.39453125 0.2978515625 0.0498046875 0.0654296875
0 0.2001953125 0.287109375 0.0390625 0.0234375
0 0.2919921875 0.302734375 0.037109375 0.037109375
0 0.11328125 0.2890625 0.0498046875 0.064453125
0 0.166015625 0.302734375 0.0439453125 0.0439453125
0 0.359375 0.3271484375 0.046875 0.0439453125
0 0.2275390625 0.318359375 0.037109375 0.0341796875
0 0.2578125 0.322265625 0.048828125 0.0341796875
0 0.1953125 0.3232421875 0.029296875 0.037109375
0 0.31640625 0.3359375 0.0283203125 0.037109375
0 0.345703125 0.34765625 0.025390625 0.037109375
0 0.1728515625 0.3359375 0.056640625 0.056640625
0 0.392578125 0.3701171875 0.029296875 0.029296875
0 0.419921875 0.3720703125 0.041015625 0.0419921875
0 0.431640625 0.373046875 0.03125 0.060546875
0 0.1953125 0.439453125 0.029296875 0.0439453125
0 0.16015625 0.44140625 0.046875 0.0419921875
0 0.3056640625 0.47265625 0.0341796875 0.037109375
0 0.193359375 0.4619140625 0.033203125 0.029296875
0 0.3525390625 0.4814453125 0.021484375 0.029296875
0 0.0908203125 0.4609375 0.046875 0.046875
0 0.15625 0.478515625 0.0439453125 0.0341796875
0 0.23828125 0.486328125 0.0390625 0.0341796875
0 0.19140625 0.48828125 0.0419921875 0.029296875
0 0.1650390625 0.501953125 0.0263671875 0.0205078125
0 0.11328125 0.50390625 0.0107421875 0.046875
0 0.20703125 0.5107421875 0.0625 0.03125
0 0.1181640625 0.513671875 0.0390625 0.025390625
0 0.595703125 0.0205078125 0.0517578125 0.041015625
0 0.939453125 0.044921875 0.0419921875 0.0419921875
0 0.982421875 0.0517578125 0.029296875 0.044921875
0 0.8935546875 0.0556640625 0.0419921875 0.0439453125
0 0.626953125 0.048828125 0.0517578125 0.044921875
0 0.916015625 0.103515625 0.0546875 0.064453125
0 0.9658203125 0.11328125 0.037109375 0.0341796875
0 0.6533203125 0.095703125 0.0361328125 0.0390625
0 0.97265625 0.1357421875 0.046875 0.0419921875
0 0.888671875 0.130859375 0.046875 0.064453125
0 0.623046875 0.142578125 0.0498046875 0.0439453125
0 0.970703125 0.2060546875 0.0419921875 0.056640625
0 0.9453125 0.216796875 0.0390625 0.0439453125
0 0.8740234375 0.2294921875 0.046875 0.0517578125
0 0.8935546875 0.244140625 0.037109375 0.046875
0 0.62890625 0.2470703125 0.046875 0.0419921875
0 0.978515625 0.2763671875 0.0390625 0.0390625
0 0.64453125 0.267578125 0.048828125 0.0341796875
0 0.5576171875 0.26953125 0.0546875 0.0546875
0 0.8916015625 0.2998046875 0.0517578125 0.0517578125
0 0.552734375 0.333984375 0.0390625 0.0439453125
0 0.927734375 0.3701171875 0.0546875 0.0498046875
0 0.55078125 0.3837890625 0.0390625 0.046875
0 0.58203125 0.41015625 0.029296875 0.037109375
0 0.9150390625 0.4541015625 0.056640625 0.056640625
0 0.8720703125 0.4638671875 0.033203125 0.048828125
0 0.50390625 0.4404296875 0.0517578125 0.0498046875
0 0.8837890625 0.4814453125 0.037109375 0.0439453125
0 0.5859375 0.4619140625 0.046875 0.0439453125
0 0.591796875 0.4970703125 0.0439453125 0.046875
0 0.908203125 0.5205078125 0.0341796875 0.0126953125
0 0.638671875 0.013671875 0.0390625 0.0263671875
0 0.341796875 0.658203125 0.212890625 0.2578125
0 0.060546875 0.763671875 0.12109375 0.1328125
0 0.1162109375 0.783203125 0.0888671875 0.0859375
0 0.2724609375 0.88671875 0.216796875 0.220703125
0 0.1728515625 0.8857421875 0.1533203125 0.119140625
0 0.1826171875 0.951171875 0.240234375 0.091796875
0 0.6533203125 0.7197265625 0.1923828125 0.2373046875
0 0.552734375 0.802734375 0.0703125 0.037109375
0 0.48828125 0.8125 0.076171875 0.1201171875
0 0.94140625 0.9013671875 0.1142578125 0.1923828125
0 0.5712890625 0.595703125 0.1611328125 0.134765625
0 0.466796875 0.5830078125 0.0361328125 0.0986328125
0 0.4755859375 0.66796875 0.052734375 0.111328125