0 0.259765625 0.279296875 0.234375 0.267578125
0 0.201171875 0.388671875 0.0751953125 0.0498046875
0 0.12109375 0.4287109375 0.1611328125 0.142578125
0 0.03515625 0.451171875 0.0703125 0.0966796875
0 0.072265625 0.4619140625 0.1435546875 0.248046875
0 0.2724609375 0.5380859375 0.357421875 0.134765625
0 0.119140625 0.15625 0.1953125 0.220703125
0 0.029296875 0.2060546875 0.05859375 0.107421875
0 0.05859375 0.291015625 0.1171875 0.1328125
0 0.6689453125 0.2421875 0.1123046875 0.115234375
0 0.58203125 0.330078125 0.216796875 0.197265625
0 0.638671875 0.4501953125 0.0986328125 0.0966796875
0 0.5068359375 0.490234375 0.076171875 0.1201171875
0 0.662109375 0.5302734375 0.103515625 0.119140625
0 0.595703125 0.5400390625 0.15625 0.1328125
0 0.849609375 0.544921875 0.080078125 0.0986328125
0 0.7705078125 0.56640625 0.080078125 0.080078125
0 0.822265625 0.578125 0.0908203125 0.056640625
0 0.6650390625 0.591796875 0.142578125 0.0263671875
0 0.4892578125 0.169921875 0.041015625 0.1201171875
0 0.818359375 0.541015625 0.357421875 0.1298828125
0 0.0400390625 0.697265625 0.080078125 0.1533203125
0 0.0595703125 0.697265625 0.1044921875 0.099609375
0 0.44140625 0.66015625 0.0517578125 0.103515625
0 0.2470703125 0.75390625 0.2578125 0.2578125
0 0.1572265625 0.7822265625 0.1748046875 0.1455078125
0 0.443359375 0.7294921875 0.044921875 0.169921875
0 0.21875 0.884765625 0.279296875 0.2265625
0 0.142578125 0.9482421875 0.1455078125 0.0986328125
0 0.119140625 0.982421875 0.1328125 0.03125
0 0.498046875 0.638671875 0.0595703125 0.0595703125
0 0.712890625 0.6796875 0.056640625 0.046875
0 0.6904296875 0.728515625 0.0966796875 0.0732421875
0 0.64453125 0.763671875 0.0390625 0.041015625
0 0.771484375 0.748046875 0.076171875 0.0859375
0 0.658203125 0.7919921875 0.0439453125 0.0361328125
0 0.548828125 0.8505859375 0.0390625 0.0439453125
0 0.681640625 0.833984375 0.0498046875 0.052734375
0 0.6083984375 0.8720703125 0.048828125 0.0419921875
0 0.5693359375 0.89453125 0.0390625 0.0341796875
0 0.828125 0.853515625 0.0703125 0.0625
0 0.876953125 0.8427734375 0.0908203125 0.083984375
0 0.931640625 0.8701171875 0.0546875 0.0595703125
0 0.8564453125 0.888671875 0.0732421875 0.0751953125