0 0.216796875 0.041015625 0.205078125 0.0810546875
0 0.451171875 0.0244140625 0.1201171875 0.048828125
0 0.228515625 0.146484375 0.2080078125 0.1826171875
0 0.3955078125 0.142578125 0.103515625 0.1123046875
0 0.048828125 0.1982421875 0.0966796875 0.1171875
0 0.458984375 0.22265625 0.087890625 0.0703125
0 0.4580078125 0.234375 0.193359375 0.044921875
0 0.875 0.029296875 0.078125 0.052734375
0 0.8994140625 0.07421875 0.0859375 0.037109375
0 0.984375 0.08984375 0.0263671875 0.056640625
0 0.8671875 0.111328125 0.0751953125 0.0517578125
0 0.6650390625 0.140625 0.1044921875 0.056640625
0 0.923828125 0.23828125 0.1142578125 0.0390625
0 0.27734375 0.431640625 0.103515625 0.1376953125
0 0.4169921875 0.490234375 0.0908203125 0.1298828125
0 0.3583984375 0.533203125 0.078125 0.1279296875
0 0.0263671875 0.615234375 0.052734375 0.177734375
0 0.2783203125 0.603515625 0.072265625 0.1015625
0 0.1533203125 0.70703125 0.095703125 0.130859375
0 0.3037109375 0.685546875 0.0654296875 0.0810546875
0 0.2333984375 0.7080078125 0.1220703125 0.208984375
0 0.5380859375 0.6650390625 0.0341796875 0.09375
0 0.462890625 0.6953125 0.0703125 0.1328125
0 0.42578125 0.7568359375 0.0732421875 0.125
0 0.169921875 0.7978515625 0.111328125 0.150390625
0 0.501953125 0.759765625 0.1044921875 0.1689453125
0 0.27734375 0.8291015625 0.0595703125 0.099609375
0 0.2353515625 0.8515625 0.0673828125 0.107421875
0 0.4443359375 0.8388671875 0.052734375 0.0732421875
0 0.154296875 0.8798828125 0.0751953125 0.115234375
0 0.5205078125 0.85546875 0.0703125 0.1298828125
0 0.392578125 0.890625 0.080078125 0.123046875
0 0.287109375 0.919921875 0.044921875 0.056640625
0 0.451171875 0.9228515625 0.060546875 0.119140625
0 0.328125 0.94921875 0.0703125 0.0966796875
0 0.234375 0.962890625 0.083984375 0.0703125
0 0.0673828125 0.3076171875 0.134765625 0.0966796875
0 0.826171875 0.2900390625 0.0517578125 0.060546875
0 0.810546875 0.279296875 0.0283203125 0.0390625
0 0.810546875 0.314453125 0.0390625 0.0517578125
0 0.69921875 0.3603515625 0.0576171875 0.0673828125
0 0.794921875 0.353515625 0.048828125 0.068359375
0 0.83984375 0.359375 0.0361328125 0.0654296875
0 0.7548828125 0.373046875 0.0439453125 0.068359375
0 0.6845703125 0.421875 0.0673828125 0.0654296875
0 0.826171875 0.4521484375 0.2080078125 0.232421875
0 0.6640625 0.4775390625 0.0341796875 0.0546875
0 0.626953125 0.4833984375 0.0439453125 0.048828125
0 0.7119140625 0.486328125 0.0595703125 0.0595703125
0 0.6640625 0.5087890625 0.0546875 0.0517578125
0 0.595703125 0.521484375 0.041015625 0.078125
0 0.744140625 0.5302734375 0.0419921875 0.0546875
0 0.619140625 0.576171875 0.0419921875 0.0654296875
0 0.6865234375 0.5927734375 0.046875 0.060546875
0 0.802734375 0.5791015625 0.033203125 0.0673828125
0 0.759765625 0.591796875 0.064453125 0.068359375
0 0.580078125 0.62109375 0.0439453125 0.0751953125
0 0.671875 0.615234375 0.041015625 0.0673828125
0 0.7841796875 0.626953125 0.0390625 0.0625
0 0.712890625 0.638671875 0.0361328125 0.0654296875
0 0.759765625 0.642578125 0.029296875 0.0546875
0 0.740234375 0.658203125 0.033203125 0.0673828125
0 0.599609375 0.689453125 0.0830078125 0.0966796875
0 0.7626953125 0.7333984375 0.0390625 0.0576171875
0 0.896484375 0.7265625 0.0576171875 0.0732421875
0 0.7958984375 0.7490234375 0.0439453125 0.080078125
0 0.875 0.818359375 0.052734375 0.0732421875
0 0.82421875 0.876953125 0.052734375 0.0654296875
0 0.7041015625 0.919921875 0.0234375 0.056640625
0 0.7548828125 0.927734375 0.033203125 0.0673828125
0 0.791015625 0.9267578125 0.044921875 0.0654296875
0 0.83203125 0.9375 0.0341796875 0.052734375
0 0.830078125 0.970703125 0.037109375 0.048828125
0 0.86328125 0.9794921875 0.029296875 0.0361328125