0 0.2294921875 0.0205078125 0.080078125 0.041015625
0 0.111328125 0.0263671875 0.0654296875 0.052734375
0 0.3134765625 0.025390625 0.0888671875 0.0498046875
0 0.4150390625 0.04296875 0.083984375 0.0810546875
0 0.095703125 0.087890625 0.060546875 0.056640625
0 0.220703125 0.0849609375 0.134765625 0.107421875
0 0.353515625 0.068359375 0.0673828125 0.064453125
0 0.2802734375 0.12109375 0.109375 0.1123046875
0 0.4326171875 0.107421875 0.0625 0.060546875
0 0.0244140625 0.1669921875 0.048828125 0.064453125
0 0.1171875 0.16015625 0.048828125 0.0517578125
0 0.2041015625 0.173828125 0.1298828125 0.1123046875
0 0.3359375 0.1650390625 0.1298828125 0.1220703125
0 0.017578125 0.275390625 0.0341796875 0.056640625
0 0.1416015625 0.271484375 0.037109375 0.046875
0 0.4033203125 0.2353515625 0.0888671875 0.080078125
0 0.259765625 0.2861328125 0.173828125 0.154296875
0 0.439453125 0.2646484375 0.0908203125 0.0888671875
0 0.1435546875 0.37890625 0.0576171875 0.060546875
0 0.35546875 0.3759765625 0.134765625 0.1279296875
0 0.2548828125 0.396484375 0.0625 0.0654296875
0 0.453125 0.369140625 0.083984375 0.0810546875
0 0.3125 0.4697265625 0.111328125 0.1171875
0 0.658203125 0.171875 0.0205078125 0.0654296875
0 0.677734375 0.3955078125 0.0576171875 0.03125
0 0.791015625 0.3828125 0.072265625 0.064453125
0 0.259765625 0.681640625 0.1484375 0.142578125
0 0.607421875 0.703125 0.076171875 0.1142578125
0 0.103515625 0.830078125 0.1142578125 0.107421875
0 0.486328125 0.82421875 0.244140625 0.283203125
0 0.6181640625 0.919921875 0.0576171875 0.154296875
0 0.357421875 0.876953125 0.392578125 0.244140625
0 0.9150390625 0.6494140625 0.1328125 0.0830078125
0 0.841796875 0.6357421875 0.0439453125 0.0546875
0 0.822265625 0.6689453125 0.0576171875 0.0732421875
0 0.982421875 0.6455078125 0.03125 0.044921875
0 0.86328125 0.666015625 0.064453125 0.087890625
0 0.85546875 0.7119140625 0.0439453125 0.0546875
0 0.966796875 0.70703125 0.0439453125 0.064453125
0 0.9150390625 0.74609375 0.09375 0.1357421875
0 0.978515625 0.755859375 0.0390625 0.056640625
0 0.943359375 0.771484375 0.060546875 0.0830078125
0 0.986328125 0.81640625 0.025390625 0.060546875
0 0.9189453125 0.837890625 0.068359375 0.099609375
0 0.9453125 0.865234375 0.0595703125 0.0859375
0 0.90625 0.9013671875 0.0419921875 0.048828125
0 0.931640625 0.896484375 0.044921875 0.064453125
0 0.9931640625 0.892578125 0.009765625 0.0361328125
0 0.978515625 0.9501953125 0.0361328125 0.052734375
0 0.912109375 0.98046875 0.041015625 0.0341796875
0 0.9599609375 0.984375 0.0361328125 0.0263671875