0 0.296875 0.0390625 0.0546875 0.0732421875
0 0.361328125 0.0732421875 0.0703125 0.080078125
0 0.2548828125 0.1005859375 0.0625 0.0810546875
0 0.3291015625 0.111328125 0.033203125 0.0546875
0 0.4228515625 0.111328125 0.046875 0.080078125
0 0.3349609375 0.15234375 0.0390625 0.0517578125
0 0.2939453125 0.1630859375 0.0361328125 0.0576171875
0 0.3974609375 0.18359375 0.0595703125 0.0546875
0 0.283203125 0.2353515625 0.0546875 0.095703125
0 0.33203125 0.236328125 0.0341796875 0.0361328125
0 0.337890625 0.2705078125 0.03125 0.0498046875
0 0.357421875 0.2744140625 0.046875 0.068359375
0 0.2802734375 0.302734375 0.0546875 0.091796875
0 0.306640625 0.30078125 0.037109375 0.048828125
0 0.3916015625 0.3330078125 0.037109375 0.060546875
0 0.2998046875 0.3837890625 0.0439453125 0.0751953125
0 0.384765625 0.3994140625 0.037109375 0.0576171875
0 0.384765625 0.4453125 0.0673828125 0.068359375
0 0.318359375 0.466796875 0.041015625 0.0390625
0 0.2587890625 0.009765625 0.0576171875 0.0185546875
0 0.74609375 0.208984375 0.044921875 0.0732421875
0 0.7099609375 0.2158203125 0.0546875 0.0859375
0 0.775390625 0.259765625 0.0283203125 0.03125
0 0.666015625 0.3154296875 0.0498046875 0.048828125
0 0.724609375 0.328125 0.037109375 0.041015625
0 0.7666015625 0.326171875 0.033203125 0.0673828125
0 0.876953125 0.3369140625 0.037109375 0.0625
0 0.9560546875 0.3388671875 0.033203125 0.0625
0 0.7177734375 0.390625 0.0283203125 0.0361328125
0 0.55078125 0.439453125 0.025390625 0.044921875
0 0.716796875 0.029296875 0.0439453125 0.048828125
0 0.8447265625 0.044921875 0.041015625 0.0703125
0 0.607421875 0.095703125 0.0576171875 0.0859375
0 0.861328125 0.078125 0.041015625 0.0751953125
0 0.3525390625 0.9755859375 0.0517578125 0.048828125
0 0.4599609375 0.984375 0.0703125 0.0263671875
0 0.458984375 0.513671875 0.0908203125 0.052734375
0 0.337890625 0.513671875 0.0361328125 0.052734375
0 0.4462890625 0.501953125 0.0361328125 0.0283203125
0 0.17578125 0.576171875 0.212890625 0.177734375
0 0.27734375 0.537109375 0.1142578125 0.09375
0 0.4912109375 0.560546875 0.0888671875 0.111328125
0 0.3251953125 0.611328125 0.044921875 0.0439453125
0 0.376953125 0.6123046875 0.0341796875 0.0234375
0 0.041015625 0.6796875 0.0810546875 0.072265625
0 0.3916015625 0.63671875 0.056640625 0.0419921875
0 0.3583984375 0.6591796875 0.0546875 0.0498046875
0 0.337890625 0.69921875 0.068359375 0.0625
0 0.0419921875 0.771484375 0.083984375 0.091796875
0 0.2548828125 0.783203125 0.076171875 0.0654296875
0 0.330078125 0.775390625 0.0888671875 0.080078125
0 0.125 0.8076171875 0.125 0.0830078125
0 0.4765625 0.767578125 0.0546875 0.0439453125
0 0.236328125 0.83203125 0.0830078125 0.078125
0 0.404296875 0.8232421875 0.0751953125 0.0654296875
0 0.029296875 0.8837890625 0.05859375 0.115234375
0 0.4580078125 0.8505859375 0.068359375 0.0673828125
0 0.1552734375 0.8916015625 0.060546875 0.033203125
0 0.109375 0.943359375 0.09375 0.064453125
0 0.279296875 0.9248046875 0.068359375 0.0625
0 0.384765625 0.9130859375 0.177734375 0.158203125
0 0.462890625 0.9091796875 0.0595703125 0.0595703125
0 0.048828125 0.9755859375 0.0576171875 0.0439453125
0 0.2041015625 0.9716796875 0.0673828125 0.0546875
0 0.2734375 0.9658203125 0.0517578125 0.046875
0 0.7529296875 0.857421875 0.0439453125 0.037109375
0 0.806640625 0.869140625 0.033203125 0.0361328125
0 0.8046875 0.8427734375 0.0517578125 0.0283203125