0 0.2568359375 0.0107421875 0.048828125 0.021484375
0 0.205078125 0.0224609375 0.044921875 0.044921875
0 0.123046875 0.0361328125 0.0673828125 0.072265625
0 0.2021484375 0.052734375 0.0595703125 0.072265625
0 0.1357421875 0.072265625 0.068359375 0.0859375
0 0.2255859375 0.095703125 0.037109375 0.052734375
0 0.1669921875 0.091796875 0.0703125 0.0888671875
0 0.451171875 0.12109375 0.03125 0.03125
0 0.111328125 0.1025390625 0.0751953125 0.0703125
0 0.091796875 0.111328125 0.0517578125 0.052734375
0 0.046875 0.1044921875 0.09375 0.0654296875
0 0.66796875 0.03515625 0.361328125 0.0703125
0 0.7041015625 0.068359375 0.431640625 0.13671875
0 0.080078125 0.337890625 0.0654296875 0.068359375
0 0.2412109375 0.373046875 0.2626953125 0.306640625
0 0.060546875 0.3935546875 0.12109375 0.224609375
0 0.28515625 0.451171875 0.0703125 0.0908203125
0 0.111328125 0.591796875 0.2216796875 0.3203125
0 0.091796875 0.7080078125 0.078125 0.0703125
0 0.7431640625 0.4755859375 0.509765625 0.673828125
0 0.8818359375 0.7119140625 0.150390625 0.125
0 0.740234375 0.7392578125 0.154296875 0.162109375