0 0.3095703125 0.3125 0.037109375 0.0439453125
0 0.2783203125 0.310546875 0.037109375 0.052734375
0 0.220703125 0.3017578125 0.03125 0.0419921875
0 0.3017578125 0.3349609375 0.015625 0.0263671875
0 0.302734375 0.34765625 0.017578125 0.021484375
0 0.189453125 0.330078125 0.0810546875 0.072265625
0 0.326171875 0.361328125 0.03125 0.041015625
0 0.2587890625 0.3525390625 0.015625 0.03125
0 0.23046875 0.3505859375 0.0341796875 0.0341796875
0 0.208984375 0.3544921875 0.025390625 0.041015625
0 0.1796875 0.369140625 0.0517578125 0.060546875
0 0.296875 0.390625 0.041015625 0.03125
0 0.34765625 0.4052734375 0.0361328125 0.0361328125
0 0.3115234375 0.3994140625 0.037109375 0.0439453125
0 0.20703125 0.392578125 0.0439453125 0.0439453125
0 0.2451171875 0.4208984375 0.0439453125 0.048828125
0 0.2744140625 0.4267578125 0.0439453125 0.046875
0 0.8515625 0.041015625 0.0498046875 0.052734375
0 0.7470703125 0.1455078125 0.0185546875 0.0263671875
0 0.267578125 0.69140625 0.123046875 0.0263671875
0 0.427734375 0.751953125 0.138671875 0.150390625
0 0.0361328125 0.70703125 0.072265625 0.0576171875
0 0.18359375 0.8046875 0.255859375 0.2451171875
0 0.408203125 0.908203125 0.115234375 0.119140625
0 0.892578125 0.7119140625 0.076171875 0.0673828125
0 0.576171875 0.744140625 0.1513671875 0.1328125
0 0.9521484375 0.76953125 0.0625 0.078125
0 0.9755859375 0.900390625 0.0439453125 0.0703125