0 0.02734375 0.03125 0.0546875 0.0625
0 0.158203125 0.015625 0.048828125 0.03125
0 0.0087890625 0.115234375 0.017578125 0.0576171875
0 0.1298828125 0.087890625 0.0517578125 0.0625
0 0.0224609375 0.17578125 0.044921875 0.072265625
0 0.1533203125 0.1533203125 0.046875 0.060546875
0 0.0966796875 0.1767578125 0.0546875 0.068359375
0 0.08984375 0.19921875 0.041015625 0.072265625
0 0.2783203125 0.1728515625 0.060546875 0.0810546875
0 0.0107421875 0.294921875 0.021484375 0.0517578125
0 0.228515625 0.24609375 0.064453125 0.083984375
0 0.00390625 0.3193359375 0.0078125 0.0439453125
0 0.4912109375 0.1875 0.205078125 0.265625
0 0.029296875 0.3251953125 0.0341796875 0.0498046875
0 0.0107421875 0.4130859375 0.021484375 0.052734375
0 0.314453125 0.369140625 0.041015625 0.0419921875
0 0.634765625 0.30859375 0.0830078125 0.1279296875
0 0.701171875 0.3056640625 0.048828125 0.111328125
0 0.373046875 0.4140625 0.044921875 0.068359375
0 0.0390625 0.521484375 0.0439453125 0.0517578125
0 0.166015625 0.4970703125 0.033203125 0.0419921875
0 0.208984375 0.4970703125 0.044921875 0.056640625
0 0.462890625 0.4423828125 0.060546875 0.0908203125
0 0.7099609375 0.388671875 0.03125 0.115234375
0 0.3994140625 0.490234375 0.046875 0.076171875
0 0.515625 0.4599609375 0.083984375 0.1123046875
0 0.28125 0.5439453125 0.0439453125 0.068359375
0 0.62109375 0.453125 0.0986328125 0.109375
0 0.673828125 0.4404296875 0.056640625 0.0830078125
0 0.4189453125 0.521484375 0.0439453125 0.0830078125
0 0.642578125 0.462890625 0.0546875 0.0888671875
0 0.19921875 0.58984375 0.0390625 0.0126953125
0 0.2294921875 0.5869140625 0.0546875 0.0205078125
0 0.4853515625 0.5390625 0.052734375 0.068359375
0 0.271484375 0.587890625 0.033203125 0.017578125
0 0.703125 0.5087890625 0.044921875 0.0751953125
0 0.396484375 0.58203125 0.0830078125 0.029296875
0 0.677734375 0.53515625 0.0966796875 0.123046875
0 0.517578125 0.578125 0.0751953125 0.0361328125
0 0.7412109375 0.12109375 0.0263671875 0.044921875
0 0.736328125 0.197265625 0.013671875 0.0673828125
0 0.822265625 0.2197265625 0.0576171875 0.068359375
0 0.9169921875 0.19921875 0.1611328125 0.177734375
0 0.8466796875 0.2724609375 0.0595703125 0.0546875
0 0.861328125 0.275390625 0.0595703125 0.056640625
0 0.755859375 0.314453125 0.056640625 0.080078125
0 0.904296875 0.3037109375 0.0830078125 0.078125
0 0.8681640625 0.435546875 0.0810546875 0.0751953125
0 0.751953125 0.494140625 0.048828125 0.119140625
0 0.9375 0.43359375 0.0439453125 0.0498046875
0 0.984375 0.431640625 0.0263671875 0.044921875
0 0.806640625 0.498046875 0.083984375 0.076171875
0 0.091796875 0.63671875 0.09375 0.076171875
0 0.060546875 0.7421875 0.0595703125 0.072265625
0 0.12890625 0.7333984375 0.1044921875 0.0966796875
0 0.1728515625 0.755859375 0.0517578125 0.0595703125
0 0.2216796875 0.755859375 0.0830078125 0.09375
0 0.076171875 0.7998046875 0.0703125 0.0859375
0 0.134765625 0.7900390625 0.1123046875 0.095703125
0 0.0400390625 0.8173828125 0.0654296875 0.072265625
0 0.0849609375 0.888671875 0.130859375 0.099609375
0 0.0673828125 0.953125 0.072265625 0.0703125
0 0.841796875 0.802734375 0.0263671875 0.0341796875
0 0.923828125 0.7890625 0.03125 0.0439453125
0 0.96484375 0.8271484375 0.0361328125 0.0390625
0 0.9375 0.8515625 0.0234375 0.029296875
0 0.9296875 0.857421875 0.0185546875 0.017578125
0 0.986328125 0.8388671875 0.021484375 0.029296875
0 0.955078125 0.8671875 0.0263671875 0.033203125
0 0.9951171875 0.85546875 0.0048828125 0.029296875
0 0.931640625 0.876953125 0.015625 0.025390625
0 0.7919921875 0.9189453125 0.0419921875 0.0498046875
0 0.9658203125 0.876953125 0.0185546875 0.021484375
0 0.947265625 0.8828125 0.0185546875 0.025390625
0 0.869140625 0.9189453125 0.03125 0.0341796875
0 0.810546875 0.9453125 0.0341796875 0.044921875
0 0.896484375 0.9248046875 0.0341796875 0.0419921875
0 0.7451171875 0.974609375 0.0341796875 0.0341796875
0 0.9775390625 0.923828125 0.03125 0.0341796875
0 0.830078125 0.970703125 0.03125 0.037109375
0 0.98046875 0.951171875 0.0341796875 0.048828125
0 0.91796875 0.984375 0.0341796875 0.0263671875
0 0.974609375 0.986328125 0.0263671875 0.021484375
0 0.8857421875 0.98828125 0.09375 0.0205078125
0 0.98828125 0.990234375 0.0205078125 0.013671875