0 0.287109375 0.1171875 0.068359375 0.109375
0 0.15625 0.197265625 0.0341796875 0.041015625
0 0.052734375 0.2666015625 0.046875 0.0625
0 0.373046875 0.2880859375 0.0263671875 0.1015625
0 0.322265625 0.3212890625 0.048828125 0.0703125
0 0.2685546875 0.3466796875 0.1298828125 0.154296875
0 0.623046875 0.373046875 0.208984375 0.1484375
0 0.8212890625 0.431640625 0.2529296875 0.03125
0 0.81640625 0.064453125 0.2626953125 0.1279296875
0 0.6611328125 0.0849609375 0.173828125 0.169921875
0 0.7685546875 0.2060546875 0.1279296875 0.146484375
0 0.53125 0.259765625 0.111328125 0.091796875
0 0.4443359375 0.3466796875 0.1044921875 0.1513671875
0 0.78515625 0.330078125 0.21875 0.21875
0 0.927734375 0.322265625 0.138671875 0.25
0 0.2470703125 0.5859375 0.0751953125 0.099609375
0 0.3046875 0.6162109375 0.046875 0.0703125
0 0.283203125 0.947265625 0.1142578125 0.1015625
0 0.1923828125 0.96484375 0.134765625 0.0654296875
0 0.7607421875 0.55859375 0.1435546875 0.1455078125
0 0.818359375 0.685546875 0.111328125 0.138671875
0 0.7412109375 0.755859375 0.1796875 0.1767578125
0 0.951171875 0.869140625 0.091796875 0.1513671875
0 0.8623046875 0.9150390625 0.1611328125 0.146484375
0 0.9462890625 0.947265625 0.103515625 0.1015625
0 0.814453125 0.978515625 0.1611328125 0.0390625
0 0.650390625 0.513671875 0.1513671875 0.1298828125