0 0.294921875 0.0068359375 0.033203125 0.013671875
0 0.30078125 0.0263671875 0.0390625 0.048828125
0 0.2587890625 0.033203125 0.033203125 0.0576171875
0 0.3486328125 0.064453125 0.0341796875 0.056640625
0 0.2490234375 0.1064453125 0.056640625 0.091796875
0 0.298828125 0.111328125 0.0361328125 0.0361328125
0 0.3056640625 0.1435546875 0.029296875 0.048828125
0 0.3251953125 0.1533203125 0.044921875 0.0654296875
0 0.2451171875 0.1748046875 0.0546875 0.0908203125
0 0.2724609375 0.173828125 0.037109375 0.044921875
0 0.353515625 0.212890625 0.0234375 0.060546875
0 0.2685546875 0.255859375 0.0439453125 0.0751953125
0 0.3486328125 0.279296875 0.0341796875 0.0576171875
0 0.341796875 0.326171875 0.048828125 0.0703125
0 0.2861328125 0.357421875 0.037109375 0.0673828125
0 0.3095703125 0.396484375 0.0283203125 0.056640625
0 0.333984375 0.4775390625 0.048828125 0.056640625
0 0.3173828125 0.54296875 0.0419921875 0.0625
0 0.751953125 0.34375 0.494140625 0.5439453125
0 0.61328125 0.5849609375 0.1201171875 0.0595703125
0 0.966796875 0.1494140625 0.0625 0.0830078125
0 0.3037109375 0.6826171875 0.123046875 0.1298828125
0 0.3369140625 0.810546875 0.0576171875 0.1826171875
0 0.16015625 0.875 0.306640625 0.2451171875
0 0.75390625 0.896484375 0.072265625 0.0625
0 0.578125 0.9267578125 0.2236328125 0.142578125
0 0.880859375 0.966796875 0.146484375 0.060546875
0 0.8505859375 0.68359375 0.1923828125 0.1328125
0 0.619140625 0.716796875 0.2529296875 0.197265625
0 0.9736328125 0.748046875 0.048828125 0.083984375
0 0.708984375 0.775390625 0.138671875 0.158203125
0 0.5087890625 0.876953125 0.1611328125 0.15625
0 0.904296875 0.861328125 0.185546875 0.166015625