0 0.2724609375 0.318359375 0.544921875 0.63671875
0 0.9423828125 0.037109375 0.0908203125 0.0654296875
0 0.9375 0.205078125 0.0810546875 0.064453125
0 0.94921875 0.2568359375 0.0859375 0.046875
0 0.9091796875 0.2802734375 0.080078125 0.0625
0 0.712890625 0.224609375 0.1064453125 0.072265625
0 0.927734375 0.4482421875 0.115234375 0.0888671875
0 0.931640625 0.5078125 0.103515625 0.087890625
0 0.5830078125 0.4267578125 0.0703125 0.0654296875
0 0.830078125 0.5478515625 0.0888671875 0.0673828125
0 0.6279296875 0.5673828125 0.0830078125 0.072265625
0 0.880859375 0.6337890625 0.09375 0.0078125
0 0.216796875 0.7275390625 0.2763671875 0.1767578125
0 0.482421875 0.794921875 0.1279296875 0.3125
0 0.4267578125 0.7958984375 0.0732421875 0.0625
0 0.2470703125 0.796875 0.0810546875 0.0546875
0 0.384765625 0.85546875 0.197265625 0.181640625
0 0.14453125 0.8037109375 0.1123046875 0.1220703125
0 0.427734375 0.9033203125 0.052734375 0.0673828125
0 0.33984375 0.744140625 0.4111328125 0.208984375
0 0.796875 0.66015625 0.09375 0.041015625
0 0.646484375 0.681640625 0.111328125 0.083984375
0 0.9775390625 0.755859375 0.041015625 0.1142578125
0 0.880859375 0.76953125 0.1376953125 0.169921875
0 0.6337890625 0.8818359375 0.0654296875 0.1015625
0 0.888671875 0.9755859375 0.048828125 0.0439453125
0 0.779296875 0.955078125 0.0986328125 0.087890625