0 0.3984375 0.009765625 0.037109375 0.0185546875
0 0.509765625 0.154296875 0.0390625 0.068359375
0 0.4013671875 0.216796875 0.0390625 0.0263671875
0 0.439453125 0.216796875 0.0517578125 0.044921875
0 0.431640625 0.244140625 0.046875 0.033203125
0 0.3818359375 0.3134765625 0.048828125 0.044921875
0 0.390625 0.36328125 0.021484375 0.025390625
0 0.345703125 0.4423828125 0.046875 0.0390625
0 0.4111328125 0.4755859375 0.0390625 0.0283203125
0 0.470703125 0.4775390625 0.0517578125 0.044921875
0 0.529296875 0.5 0.03125 0.0390625
0 0.927734375 0.189453125 0.138671875 0.376953125
0 0.7919921875 0.17578125 0.080078125 0.0966796875
0 0.634765625 0.240234375 0.087890625 0.099609375
0 0.9228515625 0.2626953125 0.1533203125 0.1611328125
0 0.97265625 0.29296875 0.0517578125 0.087890625
0 0.8427734375 0.3994140625 0.123046875 0.138671875
0 0.8984375 0.435546875 0.0517578125 0.0810546875
0 0.330078125 0.56640625 0.0751953125 0.056640625
0 0.392578125 0.6259765625 0.056640625 0.044921875
0 0.3671875 0.6318359375 0.0654296875 0.0830078125
0 0.3232421875 0.634765625 0.0419921875 0.0576171875
0 0.1240234375 0.646484375 0.03125 0.056640625
0 0.314453125 0.650390625 0.0439453125 0.044921875
0 0.4423828125 0.6982421875 0.0576171875 0.0703125
0 0.1064453125 0.705078125 0.0341796875 0.0732421875
0 0.146484375 0.7216796875 0.048828125 0.0703125
0 0.408203125 0.7255859375 0.0517578125 0.0517578125
0 0.0849609375 0.736328125 0.037109375 0.0595703125
0 0.390625 0.7529296875 0.0419921875 0.044921875
0 0.423828125 0.767578125 0.0439453125 0.0546875
0 0.1455078125 0.7705078125 0.037109375 0.0595703125
0 0.28515625 0.814453125 0.0517578125 0.0859375
0 0.1337890625 0.822265625 0.060546875 0.048828125
0 0.203125 0.841796875 0.060546875 0.080078125
0 0.2607421875 0.8447265625 0.037109375 0.068359375
0 0.236328125 0.875 0.0703125 0.052734375
0 0.1611328125 0.8857421875 0.052734375 0.0703125
0 0.220703125 0.96484375 0.0625 0.0654296875
0 0.322265625 0.9912109375 0.033203125 0.0126953125
0 0.28515625 0.9931640625 0.044921875 0.009765625
0 0.861328125 0.8486328125 0.0390625 0.052734375
0 0.734375 0.8662109375 0.0361328125 0.041015625
0 0.9052734375 0.87109375 0.03125 0.0595703125
0 0.8525390625 0.873046875 0.0263671875 0.041015625
0 0.8369140625 0.904296875 0.0341796875 0.041015625
0 0.986328125 0.9111328125 0.021484375 0.0673828125
0 0.751953125 0.9189453125 0.0390625 0.0595703125
0 0.7255859375 0.9541015625 0.0390625 0.0419921875
0 0.9775390625 0.970703125 0.041015625 0.056640625
0 0.6845703125 0.6640625 0.0361328125 0.0361328125
0 0.7021484375 0.728515625 0.0439453125 0.0576171875
0 0.7021484375 0.8251953125 0.0390625 0.0546875