0 0.4267578125 0.017578125 0.021484375 0.03515625
0 0.3369140625 0.013671875 0.041015625 0.02734375
0 0.359375 0.048828125 0.03125 0.033203125
0 0.4287109375 0.111328125 0.017578125 0.0576171875
0 0.34765625 0.16796875 0.056640625 0.0673828125
0 0.333984375 0.224609375 0.0439453125 0.046875
0 0.314453125 0.248046875 0.046875 0.041015625
0 0.203125 0.2568359375 0.037109375 0.0390625
0 0.296875 0.271484375 0.046875 0.0546875
0 0.208984375 0.3046875 0.046875 0.056640625
0 0.25390625 0.330078125 0.0419921875 0.0390625
0 0.1552734375 0.3408203125 0.037109375 0.037109375
0 0.21875 0.361328125 0.0390625 0.0517578125
0 0.1689453125 0.3642578125 0.0390625 0.0419921875
0 0.9580078125 0.044921875 0.076171875 0.08984375
0 0.765625 0.19140625 0.4638671875 0.3828125
0 0.505859375 0.107421875 0.109375 0.109375
0 0.716796875 0.212890625 0.1064453125 0.1142578125
0 0.640625 0.2529296875 0.3486328125 0.3876953125
0 0.9013671875 0.279296875 0.1923828125 0.4140625
0 0.537109375 0.28125 0.1904296875 0.1923828125
0 0.787109375 0.408203125 0.1611328125 0.1611328125
0 0.6640625 0.392578125 0.103515625 0.1142578125
0 0.087890625 0.513671875 0.041015625 0.0517578125
0 0.3310546875 0.55078125 0.046875 0.0732421875
0 0.134765625 0.525390625 0.0546875 0.0673828125
0 0.083984375 0.5390625 0.0439453125 0.0595703125
0 0.26953125 0.5830078125 0.0390625 0.0517578125
0 0.130859375 0.564453125 0.048828125 0.0673828125
0 0.3271484375 0.619140625 0.048828125 0.0517578125
0 0.173828125 0.5966796875 0.0439453125 0.0625
0 0.3046875 0.630859375 0.046875 0.056640625
0 0.130859375 0.6142578125 0.0703125 0.083984375
0 0.0068359375 0.6162109375 0.013671875 0.044921875
0 0.1533203125 0.650390625 0.041015625 0.0517578125
0 0.130859375 0.666015625 0.0517578125 0.064453125
0 0.2626953125 0.7099609375 0.0830078125 0.1171875
0 0.0888671875 0.6865234375 0.0498046875 0.0751953125
0 0.19140625 0.7255859375 0.0517578125 0.0703125
0 0.201171875 0.7724609375 0.060546875 0.0703125
0 0.1669921875 0.779296875 0.060546875 0.0673828125
0 0.1513671875 0.826171875 0.029296875 0.0439453125
0 0.1240234375 0.8291015625 0.0283203125 0.052734375
0 0.212890625 0.8701171875 0.041015625 0.064453125
0 0.115234375 0.8671875 0.0595703125 0.0810546875
0 0.501953125 0.8955078125 0.123046875 0.1279296875
0 0.8232421875 0.9580078125 0.0654296875 0.056640625
0 0.61328125 0.912109375 0.1689453125 0.169921875
0 0.951171875 0.970703125 0.091796875 0.056640625
0 0.982421875 0.810546875 0.029296875 0.072265625
0 0.931640625 0.87890625 0.099609375 0.1044921875
0 0.8095703125 0.9111328125 0.0859375 0.0810546875