0 0.2607421875 0.013671875 0.0751953125 0.0263671875
0 0.130859375 0.23046875 0.0654296875 0.091796875
0 0.0087890625 0.330078125 0.017578125 0.09375
0 0.95703125 0.330078125 0.0361328125 0.0546875
0 0.66015625 0.03515625 0.03125 0.041015625
0 0.810546875 0.3388671875 0.0390625 0.052734375
0 0.9453125 0.3701171875 0.044921875 0.0576171875
0 0.8642578125 0.35546875 0.0361328125 0.0390625
0 0.9716796875 0.388671875 0.041015625 0.0576171875
0 0.7861328125 0.3544921875 0.037109375 0.060546875
0 0.833984375 0.38671875 0.037109375 0.0576171875
0 0.7548828125 0.4111328125 0.046875 0.072265625
0 0.849609375 0.4375 0.041015625 0.0625
0 0.8720703125 0.0888671875 0.037109375 0.0576171875
0 0.6494140625 0.419921875 0.0341796875 0.048828125
0 0.572265625 0.4150390625 0.037109375 0.060546875
0 0.6279296875 0.439453125 0.0341796875 0.048828125
0 0.7548828125 0.4794921875 0.0390625 0.0361328125
0 0.5693359375 0.4638671875 0.037109375 0.0625
0 0.654296875 0.482421875 0.0517578125 0.029296875
0 0.990234375 0.126953125 0.013671875 0.0517578125
0 0.556640625 0.0380859375 0.017578125 0.052734375
0 0.958984375 0.14453125 0.037109375 0.048828125
0 0.96875 0.1494140625 0.0576171875 0.099609375
0 0.8544921875 0.1318359375 0.037109375 0.052734375
0 0.7041015625 0.111328125 0.0361328125 0.0517578125
0 0.625 0.1044921875 0.029296875 0.041015625
0 0.56640625 0.111328125 0.0361328125 0.076171875
0 0.6513671875 0.1630859375 0.0390625 0.048828125
0 0.572265625 0.1513671875 0.048828125 0.0625
0 0.869140625 0.216796875 0.056640625 0.072265625
0 0.80859375 0.220703125 0.044921875 0.0576171875
0 0.7587890625 0.21875 0.0888671875 0.115234375
0 0.6328125 0.21484375 0.0498046875 0.0654296875
0 0.9384765625 0.279296875 0.044921875 0.052734375
0 0.837890625 0.26953125 0.041015625 0.0576171875
0 0.0244140625 0.5380859375 0.0341796875 0.048828125
0 0.5126953125 0.654296875 0.0576171875 0.0830078125
0 0.0458984375 0.56640625 0.068359375 0.083984375
0 0.4853515625 0.658203125 0.037109375 0.056640625
0 0.361328125 0.634765625 0.0625 0.076171875
0 0.384765625 0.6669921875 0.0703125 0.0986328125
0 0.078125 0.619140625 0.060546875 0.0751953125
0 0.486328125 0.765625 0.0576171875 0.0751953125
0 0.037109375 0.68359375 0.0546875 0.0654296875
0 0.3447265625 0.751953125 0.0732421875 0.09375
0 0.1181640625 0.71875 0.0341796875 0.0439453125
0 0.017578125 0.69921875 0.0341796875 0.0576171875
0 0.466796875 0.796875 0.060546875 0.0751953125
0 0.4033203125 0.798828125 0.138671875 0.1767578125
0 0.48828125 0.8212890625 0.0390625 0.044921875
0 0.326171875 0.798828125 0.044921875 0.072265625
0 0.291015625 0.8330078125 0.0625 0.0751953125
0 0.451171875 0.865234375 0.0419921875 0.0439453125
0 0.330078125 0.845703125 0.068359375 0.0888671875
0 0.0068359375 0.810546875 0.013671875 0.048828125
0 0.306640625 0.88671875 0.046875 0.052734375
0 0.03515625 0.841796875 0.037109375 0.044921875
0 0.412109375 0.91796875 0.044921875 0.0625
0 0.349609375 0.9326171875 0.103515625 0.1298828125
0 0.45703125 0.9599609375 0.0390625 0.044921875
0 0.4072265625 0.970703125 0.044921875 0.052734375
0 0.3681640625 0.962890625 0.0673828125 0.0703125
0 0.3193359375 0.986328125 0.076171875 0.021484375
0 0.51953125 0.513671875 0.0390625 0.0263671875
0 0.4267578125 0.5205078125 0.0361328125 0.041015625
0 0.4736328125 0.5361328125 0.0419921875 0.0625
0 0.1044921875 0.5107421875 0.041015625 0.021484375
0 0.4560546875 0.5625 0.052734375 0.0625
0 0.8994140625 0.7744140625 0.0576171875 0.0830078125
0 0.8720703125 0.77734375 0.037109375 0.056640625
0 0.748046875 0.7548828125 0.0625 0.076171875
0 0.771484375 0.787109375 0.072265625 0.0986328125
0 0.873046875 0.8857421875 0.0576171875 0.0751953125
0 0.7314453125 0.87109375 0.0732421875 0.09375
0 0.8544921875 0.9169921875 0.060546875 0.0751953125
0 0.947265625 0.939453125 0.0390625 0.044921875
0 0.7900390625 0.9150390625 0.142578125 0.166015625
0 0.875 0.94140625 0.0390625 0.044921875
0 0.712890625 0.91796875 0.044921875 0.072265625
0 0.677734375 0.953125 0.0625 0.0751953125
0 0.8388671875 0.98046875 0.0439453125 0.0341796875
0 0.716796875 0.958984375 0.0703125 0.076171875
0 0.900390625 0.52734375 0.0419921875 0.056640625
0 0.6943359375 0.9892578125 0.048828125 0.017578125
0 0.9052734375 0.615234375 0.037109375 0.0576171875
0 0.9560546875 0.654296875 0.037109375 0.0625
0 0.8125 0.63671875 0.0341796875 0.048828125
0 0.8603515625 0.65625 0.0419921875 0.0625
0 0.8427734375 0.6826171875 0.052734375 0.0625