0 0.4326171875 0.5732421875 0.1640625 0.1328125
0 0.291015625 0.646484375 0.203125 0.173828125
0 0.0771484375 0.69921875 0.0732421875 0.072265625
0 0.0205078125 0.728515625 0.041015625 0.0576171875
0 0.03125 0.03515625 0.0625 0.0703125
0 0.2666015625 0.025390625 0.0673828125 0.0498046875
0 0.03125 0.14453125 0.0625 0.134765625
0 0.4306640625 0.0478515625 0.078125 0.0810546875
0 0.05859375 0.13671875 0.0986328125 0.0966796875
0 0.345703125 0.0888671875 0.162109375 0.154296875
0 0.4404296875 0.0888671875 0.0654296875 0.064453125
0 0.439453125 0.166015625 0.1357421875 0.142578125
0 0.048828125 0.267578125 0.0966796875 0.087890625
0 0.201171875 0.3642578125 0.40234375 0.388671875
0 0.505859375 0.296875 0.0595703125 0.123046875
0 0.236328125 0.36328125 0.1171875 0.1171875
0 0.017578125 0.49609375 0.03515625 0.0703125
0 0.3701171875 0.427734375 0.072265625 0.0673828125
0 0.3193359375 0.439453125 0.0625 0.0703125
0 0.0244140625 0.5830078125 0.048828125 0.1376953125
0 0.484375 0.521484375 0.103515625 0.115234375
0 0.193359375 0.6025390625 0.09375 0.0888671875
0 0.6875 0.70703125 0.201171875 0.1015625
0 0.8076171875 0.748046875 0.111328125 0.017578125
0 0.767578125 0.3193359375 0.458984375 0.638671875
0 0.595703125 0.361328125 0.1142578125 0.1953125
0 0.4599609375 0.806640625 0.142578125 0.09375
0 0.3330078125 0.76953125 0.1611328125 0.0205078125
0 0.6962890625 0.853515625 0.0654296875 0.0498046875
0 0.681640625 0.884765625 0.0517578125 0.0439453125
0 0.689453125 0.935546875 0.087890625 0.0703125
0 0.6142578125 0.9619140625 0.103515625 0.072265625
0 0.802734375 0.93359375 0.0517578125 0.056640625
0 0.603515625 0.9892578125 0.0439453125 0.017578125
0 0.6982421875 0.9755859375 0.083984375 0.0439453125
0 0.6279296875 0.798828125 0.0595703125 0.046875
0 0.72265625 0.810546875 0.060546875 0.0673828125
0 0.77734375 0.798828125 0.0498046875 0.056640625
0 0.642578125 0.8359375 0.0654296875 0.0703125