0 0.2294921875 0.091796875 0.3388671875 0.1826171875
0 0.0380859375 0.09375 0.076171875 0.0673828125
0 0.056640625 0.115234375 0.1123046875 0.1044921875
0 0.236328125 0.2314453125 0.119140625 0.126953125
0 0.1474609375 0.294921875 0.171875 0.185546875
0 0.25 0.314453125 0.1015625 0.115234375
0 0.748046875 0.212890625 0.498046875 0.4248046875
0 0.1962890625 0.955078125 0.0283203125 0.0205078125
0 0.0517578125 0.59765625 0.078125 0.044921875
0 0.08984375 0.609375 0.064453125 0.0361328125
0 0.072265625 0.6669921875 0.0810546875 0.03125
0 0.166015625 0.744140625 0.044921875 0.033203125
0 0.146484375 0.755859375 0.037109375 0.025390625
0 0.1533203125 0.78515625 0.037109375 0.033203125
0 0.1572265625 0.8134765625 0.052734375 0.03125
0 0.232421875 0.8095703125 0.046875 0.0234375
0 0.201171875 0.83203125 0.033203125 0.029296875
0 0.2431640625 0.833984375 0.0205078125 0.025390625
0 0.1123046875 0.8603515625 0.0419921875 0.033203125
0 0.0771484375 0.8671875 0.0498046875 0.0283203125
0 0.076171875 0.8779296875 0.033203125 0.0205078125
0 0.267578125 0.8681640625 0.041015625 0.029296875
0 0.126953125 0.880859375 0.037109375 0.0234375
0 0.26171875 0.884765625 0.0419921875 0.029296875
0 0.1748046875 0.89453125 0.046875 0.03125
0 0.22265625 0.8994140625 0.0283203125 0.025390625
0 0.1474609375 0.9052734375 0.044921875 0.033203125
0 0.111328125 0.9208984375 0.0546875 0.041015625
0 0.25390625 0.9296875 0.033203125 0.0234375
0 0.806640625 0.447265625 0.0517578125 0.0390625