0 0.4326171875 0.009765625 0.052734375 0.0185546875
0 0.376953125 0.0380859375 0.1064453125 0.076171875
0 0.232421875 0.03125 0.1201171875 0.0625
0 0.3056640625 0.044921875 0.091796875 0.08984375
0 0.2529296875 0.068359375 0.0986328125 0.126953125
0 0.166015625 0.0556640625 0.0595703125 0.0810546875
0 0.3310546875 0.1123046875 0.0419921875 0.0703125
0 0.2646484375 0.1826171875 0.0595703125 0.1015625
0 0.78125 0.1201171875 0.0341796875 0.068359375
0 0.5439453125 0.068359375 0.0341796875 0.0517578125
0 0.716796875 0.1181640625 0.0390625 0.048828125
0 0.744140625 0.126953125 0.033203125 0.0576171875
0 0.5576171875 0.10546875 0.0439453125 0.0673828125
0 0.697265625 0.173828125 0.0439453125 0.078125
0 0.6005859375 0.224609375 0.095703125 0.142578125
0 0.63671875 0.326171875 0.087890625 0.060546875
0 0.798828125 0.017578125 0.048828125 0.0341796875
0 0.734375 0.017578125 0.060546875 0.0341796875
0 0.6328125 0.029296875 0.0390625 0.05859375
0 0.494140625 0.02734375 0.033203125 0.0546875
0 0.1962890625 0.548828125 0.060546875 0.0341796875
0 0.361328125 0.603515625 0.078125 0.064453125
0 0.1640625 0.5634765625 0.052734375 0.044921875
0 0.2138671875 0.6845703125 0.068359375 0.0517578125
0 0.09765625 0.681640625 0.046875 0.025390625
0 0.1650390625 0.736328125 0.0703125 0.0595703125
0 0.345703125 0.8291015625 0.0751953125 0.033203125
0 0.453125 0.861328125 0.044921875 0.0673828125
0 0.0595703125 0.8212890625 0.0419921875 0.037109375
0 0.2060546875 0.8720703125 0.0419921875 0.0703125
0 0.205078125 0.974609375 0.041015625 0.044921875
0 0.953125 0.626953125 0.0888671875 0.2861328125
0 0.9482421875 0.7763671875 0.0986328125 0.2705078125
0 0.73046875 0.677734375 0.5048828125 0.638671875
0 0.82421875 0.8857421875 0.3466796875 0.2236328125