0 0.4951171875 0.16796875 0.0439453125 0.072265625
0 0.4638671875 0.177734375 0.048828125 0.0517578125
0 0.06640625 0.24609375 0.0517578125 0.068359375
0 0.41015625 0.197265625 0.0654296875 0.0625
0 0.08984375 0.2607421875 0.0361328125 0.060546875
0 0.1240234375 0.2919921875 0.041015625 0.0654296875
0 0.1494140625 0.2958984375 0.068359375 0.091796875
0 0.203125 0.310546875 0.0888671875 0.125
0 0.2900390625 0.294921875 0.0517578125 0.080078125
0 0.1669921875 0.32421875 0.056640625 0.072265625
0 0.2587890625 0.314453125 0.0654296875 0.0888671875
0 0.140625 0.345703125 0.044921875 0.056640625
0 0.296875 0.333984375 0.0361328125 0.052734375
0 0.1748046875 0.376953125 0.0625 0.0966796875
0 0.1025390625 0.396484375 0.0517578125 0.080078125
0 0.267578125 0.388671875 0.056640625 0.076171875
0 0.224609375 0.40625 0.0654296875 0.087890625
0 0.1884765625 0.41796875 0.083984375 0.115234375
0 0.169921875 0.453125 0.072265625 0.1044921875
0 0.6689453125 0.302734375 0.302734375 0.60546875
0 0.8134765625 0.2470703125 0.255859375 0.333984375
0 0.7587890625 0.4580078125 0.185546875 0.267578125
0 0.88671875 0.5419921875 0.1015625 0.1279296875
0 0.20703125 0.802734375 0.4140625 0.388671875
0 0.78125 0.625 0.150390625 0.0341796875
0 0.552734375 0.654296875 0.0673828125 0.09375
0 0.716796875 0.65234375 0.103515625 0.0888671875
0 0.53125 0.7080078125 0.025390625 0.09375
0 0.630859375 0.732421875 0.1689453125 0.162109375
0 0.900390625 0.689453125 0.0986328125 0.1015625
0 0.849609375 0.7294921875 0.146484375 0.140625
0 0.9638671875 0.7431640625 0.0673828125 0.076171875
0 0.708984375 0.794921875 0.078125 0.0908203125
0 0.974609375 0.826171875 0.044921875 0.0830078125
0 0.5732421875 0.904296875 0.107421875 0.1875
0 0.783203125 0.873046875 0.4013671875 0.248046875
0 0.9775390625 0.9482421875 0.041015625 0.0986328125
0 0.576171875 0.623046875 0.1142578125 0.03125