0 0.3486328125 0.048828125 0.0341796875 0.083984375
0 0.2490234375 0.064453125 0.134765625 0.12890625
0 0.3173828125 0.0830078125 0.0966796875 0.130859375
0 0.0400390625 0.0380859375 0.080078125 0.076171875
0 0.357421875 0.1142578125 0.013671875 0.0703125
0 0.2841796875 0.12890625 0.0498046875 0.0751953125
0 0.3310546875 0.1455078125 0.052734375 0.0703125
0 0.3544921875 0.158203125 0.021484375 0.0703125
0 0.302734375 0.154296875 0.052734375 0.078125
0 0.20703125 0.17578125 0.2236328125 0.298828125
0 0.314453125 0.2080078125 0.103515625 0.1142578125
0 0.3544921875 0.2431640625 0.021484375 0.1201171875
0 0.333984375 0.248046875 0.0625 0.1279296875
0 0.080078125 0.2041015625 0.16015625 0.216796875
0 0.0224609375 0.2294921875 0.044921875 0.1279296875
0 0.3310546875 0.3525390625 0.052734375 0.0703125
0 0.2919921875 0.345703125 0.0654296875 0.080078125
0 0.021484375 0.3310546875 0.04296875 0.072265625
0 0.046875 0.357421875 0.0703125 0.099609375
0 0.3544921875 0.4462890625 0.021484375 0.080078125
0 0.548828125 0.0087890625 0.0595703125 0.017578125
0 0.6298828125 0.0205078125 0.052734375 0.041015625
0 0.6787109375 0.033203125 0.0595703125 0.056640625
0 0.7900390625 0.064453125 0.046875 0.0419921875
0 0.53515625 0.017578125 0.05859375 0.03515625
0 0.6162109375 0.0419921875 0.0498046875 0.0517578125
0 0.7744140625 0.0888671875 0.0341796875 0.0390625
0 0.7939453125 0.134765625 0.044921875 0.052734375
0 0.7255859375 0.1279296875 0.0703125 0.064453125
0 0.650390625 0.1220703125 0.0498046875 0.046875
0 0.91015625 0.177734375 0.046875 0.048828125
0 0.9931640625 0.205078125 0.009765625 0.041015625
0 0.751953125 0.162109375 0.0419921875 0.0361328125
0 0.982421875 0.2236328125 0.03125 0.0439453125
0 0.697265625 0.16796875 0.0625 0.0654296875
0 0.83984375 0.2060546875 0.0341796875 0.0390625
0 0.9052734375 0.326171875 0.033203125 0.03125
0 0.79296875 0.3115234375 0.056640625 0.046875
0 0.857421875 0.3291015625 0.0283203125 0.0283203125
0 0.951171875 0.3603515625 0.0625 0.056640625
0 0.654296875 0.3798828125 0.0439453125 0.048828125
0 0.4453125 0.3427734375 0.0595703125 0.060546875
0 0.912109375 0.4443359375 0.046875 0.0439453125
0 0.8740234375 0.4462890625 0.0419921875 0.041015625
0 0.5341796875 0.384765625 0.0546875 0.0439453125
0 0.4716796875 0.390625 0.029296875 0.03125
0 0.88671875 0.505859375 0.048828125 0.021484375
0 0.5078125 0.486328125 0.044921875 0.052734375
0 0.4560546875 0.4892578125 0.0419921875 0.0517578125
0 0.212890625 0.98828125 0.0654296875 0.0205078125
0 0.169921875 0.990234375 0.0517578125 0.013671875
0 0.11328125 0.986328125 0.0673828125 0.021484375
0 0.9111328125 0.541015625 0.1015625 0.0439453125
0 0.8173828125 0.53515625 0.0625 0.03125
0 0.7724609375 0.546875 0.0517578125 0.056640625
0 0.8798828125 0.568359375 0.0625 0.0810546875
0 0.576171875 0.5380859375 0.0625 0.0390625
0 0.609375 0.544921875 0.060546875 0.052734375
0 0.6494140625 0.630859375 0.0625 0.0859375
0 0.87890625 0.7119140625 0.099609375 0.1171875
0 0.5576171875 0.7216796875 0.0673828125 0.09375
0 0.876953125 0.810546875 0.080078125 0.0986328125
0 0.5986328125 0.7861328125 0.0732421875 0.095703125
0 0.841796875 0.841796875 0.072265625 0.083984375
0 0.775390625 0.8359375 0.056640625 0.080078125
0 0.703125 0.8896484375 0.0654296875 0.087890625
0 0.826171875 0.92578125 0.0546875 0.078125
0 0.791015625 0.921875 0.072265625 0.0888671875
0 0.8857421875 0.958984375 0.103515625 0.076171875
0 0.66015625 0.9775390625 0.056640625 0.041015625
0 0.404296875 0.984375 0.0751953125 0.0263671875