0 0.11328125 0.3681640625 0.2265625 0.2705078125
0 0.513671875 0.03125 0.0654296875 0.0625
0 0.419921875 0.08984375 0.240234375 0.1796875
0 0.7724609375 0.1826171875 0.4501953125 0.365234375
0 0.501953125 0.576171875 0.087890625 0.1064453125
0 0.3837890625 0.580078125 0.037109375 0.056640625
0 0.4921875 0.5869140625 0.033203125 0.0283203125
0 0.220703125 0.6162109375 0.208984375 0.1953125
0 0.322265625 0.5966796875 0.115234375 0.0966796875
0 0.515625 0.654296875 0.060546875 0.115234375
0 0.361328125 0.67578125 0.0439453125 0.0439453125
0 0.4111328125 0.6875 0.0341796875 0.025390625
0 0.064453125 0.703125 0.099609375 0.0703125
0 0.4208984375 0.7158203125 0.0595703125 0.0419921875
0 0.3896484375 0.7314453125 0.0546875 0.0498046875
0 0.36328125 0.76953125 0.068359375 0.0625
0 0.052734375 0.7919921875 0.10546875 0.091796875
0 0.271484375 0.8408203125 0.076171875 0.0654296875
0 0.34765625 0.8427734375 0.0908203125 0.0810546875
0 0.142578125 0.845703125 0.126953125 0.0859375
0 0.4931640625 0.857421875 0.0546875 0.046875
0 0.2509765625 0.8876953125 0.0830078125 0.078125
0 0.416015625 0.9052734375 0.0732421875 0.0654296875
0 0.03515625 0.904296875 0.0703125 0.1201171875
0 0.466796875 0.9384765625 0.068359375 0.0703125
0 0.1650390625 0.93359375 0.060546875 0.0361328125
0 0.111328125 0.970703125 0.09375 0.056640625
0 0.283203125 0.9755859375 0.0703125 0.0439453125
0 0.3857421875 0.953125 0.181640625 0.0888671875
0 0.4619140625 0.982421875 0.0625 0.03125
0 0.044921875 0.9892578125 0.0576171875 0.017578125
0 0.693359375 0.642578125 0.291015625 0.2470703125
0 0.7607421875 0.7236328125 0.4267578125 0.4091796875