0 0.2001953125 0.1591796875 0.064453125 0.064453125
0 0.296875 0.15234375 0.0986328125 0.291015625
0 0.154296875 0.228515625 0.203125 0.2080078125
0 0.244140625 0.2919921875 0.205078125 0.0888671875
0 0.919921875 0.265625 0.154296875 0.142578125
0 0.673828125 0.203125 0.650390625 0.267578125
0 0.9228515625 0.0703125 0.1044921875 0.068359375
0 0.826171875 0.1572265625 0.0810546875 0.0830078125
0 0.955078125 0.173828125 0.083984375 0.1201171875
0 0.255859375 0.392578125 0.1796875 0.107421875
0 0.044921875 0.4501953125 0.08984375 0.224609375
0 0.2783203125 0.52734375 0.0751953125 0.103515625
0 0.2412109375 0.595703125 0.0546875 0.0751953125
0 0.283203125 0.6484375 0.080078125 0.1142578125
0 0.337890625 0.876953125 0.017578125 0.0986328125
0 0.857421875 0.490234375 0.0390625 0.046875
0 0.8203125 0.4990234375 0.0595703125 0.060546875
0 0.7763671875 0.5087890625 0.0439453125 0.046875
0 0.3720703125 0.5751953125 0.046875 0.0625
0 0.720703125 0.529296875 0.0595703125 0.0546875
0 0.3955078125 0.5908203125 0.03125 0.0546875
0 0.423828125 0.6220703125 0.0341796875 0.060546875
0 0.44921875 0.6240234375 0.0625 0.0859375
0 0.501953125 0.638671875 0.0810546875 0.1142578125
0 0.587890625 0.625 0.048828125 0.078125
0 0.462890625 0.6552734375 0.0517578125 0.0654296875
0 0.5537109375 0.646484375 0.0595703125 0.0810546875
0 0.4345703125 0.6748046875 0.0419921875 0.0517578125
0 0.58984375 0.666015625 0.03125 0.048828125
0 0.46484375 0.7060546875 0.056640625 0.0908203125
0 0.3896484375 0.724609375 0.044921875 0.0751953125
0 0.556640625 0.7197265625 0.0517578125 0.0673828125
0 0.5126953125 0.736328125 0.0595703125 0.078125
0 0.474609375 0.7470703125 0.078125 0.1044921875
0 0.451171875 0.7822265625 0.0654296875 0.0966796875