0 0.1728515625 0.08984375 0.1142578125 0.1220703125
0 0.0888671875 0.1923828125 0.177734375 0.3466796875
0 0.1875 0.2841796875 0.099609375 0.1123046875
0 0.841796875 0.5185546875 0.0986328125 0.1044921875
0 0.619140625 0.505859375 0.080078125 0.0703125
0 0.7412109375 0.5712890625 0.0888671875 0.0810546875
0 0.58984375 0.638671875 0.041015625 0.1611328125
0 0.6396484375 0.70703125 0.0732421875 0.0546875
0 0.7919921875 0.7412109375 0.185546875 0.1796875
0 0.599609375 0.7724609375 0.0595703125 0.0654296875
0 0.708984375 0.447265625 0.060546875 0.0595703125
0 0.8310546875 0.474609375 0.15625 0.0986328125