0 0.283203125 0.267578125 0.048828125 0.064453125
0 0.30078125 0.287109375 0.0341796875 0.056640625
0 0.322265625 0.3212890625 0.0390625 0.0517578125
0 0.345703125 0.3193359375 0.064453125 0.052734375
0 0.390625 0.326171875 0.083984375 0.0390625
0 0.861328125 0.009765625 0.068359375 0.0185546875
0 0.5361328125 0.025390625 0.046875 0.037109375
0 0.5205078125 0.046875 0.0546875 0.0498046875
0 0.802734375 0.11328125 0.033203125 0.0341796875
0 0.498046875 0.0859375 0.0390625 0.046875
0 0.6259765625 0.107421875 0.0546875 0.0439453125
0 0.548828125 0.111328125 0.0654296875 0.0546875
0 0.826171875 0.1591796875 0.052734375 0.0498046875
0 0.3330078125 0.4287109375 0.185546875 0.130859375
0 0.42578125 0.458984375 0.0830078125 0.173828125
0 0.376953125 0.5234375 0.0576171875 0.0625
0 0.431640625 0.54296875 0.060546875 0.076171875
0 0.169921875 0.521484375 0.2734375 0.2109375
0 0.2802734375 0.6611328125 0.349609375 0.263671875
0 0.080078125 0.6533203125 0.0888671875 0.0703125
0 0.09375 0.6787109375 0.1298828125 0.107421875
0 0.251953125 0.830078125 0.125 0.130859375
0 0.1552734375 0.873046875 0.181640625 0.193359375
0 0.251953125 0.916015625 0.107421875 0.1220703125
0 0.7216796875 0.7001953125 0.103515625 0.1123046875
0 0.5048828125 0.68359375 0.072265625 0.080078125
0 0.623046875 0.75 0.091796875 0.087890625
0 0.525390625 0.884765625 0.0751953125 0.0576171875
0 0.6787109375 0.9111328125 0.1953125 0.173828125
0 0.494140625 0.951171875 0.0517578125 0.0703125
0 0.5869140625 0.626953125 0.0625 0.0625
0 0.7099609375 0.658203125 0.1611328125 0.109375