0 0.544921875 0.146484375 0.044921875 0.2548828125
0 0.283203125 0.2724609375 0.56640625 0.544921875
0 0.44921875 0.453125 0.236328125 0.185546875
0 0.923828125 0.521484375 0.0966796875 0.048828125
0 0.740234375 0.0205078125 0.0966796875 0.041015625
0 0.767578125 0.0380859375 0.0595703125 0.076171875
0 0.8251953125 0.048828125 0.091796875 0.09765625
0 0.935546875 0.076171875 0.123046875 0.1513671875
0 0.798828125 0.1669921875 0.0439453125 0.046875
0 0.6025390625 0.181640625 0.0654296875 0.1328125
0 0.974609375 0.18359375 0.044921875 0.1513671875
0 0.7529296875 0.2255859375 0.064453125 0.0703125
0 0.9755859375 0.3037109375 0.0439453125 0.1376953125
0 0.9130859375 0.3427734375 0.1298828125 0.1767578125
0 0.6689453125 0.36328125 0.0595703125 0.068359375
0 0.57421875 0.373046875 0.009765625 0.0625
0 0.619140625 0.4365234375 0.0546875 0.076171875
0 0.853515625 0.451171875 0.126953125 0.142578125
0 0.9443359375 0.4599609375 0.1064453125 0.169921875
0 0.5849609375 0.4951171875 0.03125 0.1015625
0 0.69140625 0.513671875 0.056640625 0.0654296875
0 0.845703125 0.50390625 0.087890625 0.083984375
0 0.28125 0.62890625 0.1826171875 0.1611328125
0 0.1875 0.6923828125 0.068359375 0.033203125
0 0.095703125 0.71875 0.1328125 0.111328125
0 0.013671875 0.73046875 0.0263671875 0.087890625
0 0.0419921875 0.7412109375 0.083984375 0.208984375
0 0.1650390625 0.9013671875 0.267578125 0.1923828125
0 0.455078125 0.9794921875 0.119140625 0.0361328125
0 0.0625 0.587890625 0.125 0.080078125
0 0.853515625 0.8037109375 0.1220703125 0.1513671875
0 0.984375 0.845703125 0.0263671875 0.0703125
0 0.6611328125 0.8662109375 0.0859375 0.09375
0 0.615234375 0.63671875 0.0908203125 0.177734375
0 0.9111328125 0.60546875 0.1298828125 0.115234375
0 0.685546875 0.6201171875 0.1513671875 0.1455078125
0 0.798828125 0.669921875 0.083984375 0.1142578125
0 0.6826171875 0.701171875 0.1064453125 0.107421875