0 0.0986328125 0.12890625 0.076171875 0.0283203125
0 0.220703125 0.1171875 0.0703125 0.060546875
0 0.021484375 0.3388671875 0.04296875 0.083984375
0 0.7685546875 0.013671875 0.072265625 0.02734375
0 0.8681640625 0.0205078125 0.1015625 0.041015625
0 0.732421875 0.029296875 0.0703125 0.05859375
0 0.93359375 0.0380859375 0.103515625 0.076171875
0 0.8369140625 0.04296875 0.076171875 0.0859375
0 0.966796875 0.03515625 0.0625 0.0703125
0 0.505859375 0.119140625 0.0830078125 0.0888671875
0 0.8828125 0.06640625 0.068359375 0.0810546875
0 0.955078125 0.0712890625 0.0498046875 0.0654296875
0 0.939453125 0.08203125 0.03125 0.048828125
0 0.7421875 0.111328125 0.072265625 0.0830078125
0 0.6328125 0.12890625 0.0751953125 0.0810546875
0 0.8076171875 0.111328125 0.087890625 0.1123046875
0 0.572265625 0.146484375 0.046875 0.0703125
0 0.525390625 0.162109375 0.0703125 0.060546875
0 0.71875 0.1435546875 0.072265625 0.0908203125
0 0.958984375 0.1103515625 0.0517578125 0.060546875
0 0.9189453125 0.1279296875 0.0595703125 0.068359375
0 0.6826171875 0.173828125 0.076171875 0.087890625
0 0.8779296875 0.154296875 0.0703125 0.087890625
0 0.548828125 0.2626953125 0.0595703125 0.078125
0 0.8984375 0.224609375 0.037109375 0.0654296875
0 0.8779296875 0.2490234375 0.0498046875 0.0751953125
0 0.7705078125 0.283203125 0.119140625 0.1484375
0 0.853515625 0.2939453125 0.0908203125 0.1171875
0 0.9794921875 0.27734375 0.0361328125 0.041015625
0 0.568359375 0.345703125 0.0810546875 0.0703125
0 0.958984375 0.2958984375 0.046875 0.0625
0 0.919921875 0.3056640625 0.046875 0.0595703125
0 0.986328125 0.3125 0.021484375 0.076171875
0 0.8369140625 0.349609375 0.044921875 0.068359375
0 0.888671875 0.3515625 0.046875 0.064453125
0 0.9306640625 0.3466796875 0.052734375 0.0595703125
0 0.865234375 0.365234375 0.046875 0.0732421875
0 0.783203125 0.392578125 0.201171875 0.228515625
0 0.8974609375 0.4140625 0.0986328125 0.0986328125
0 0.966796875 0.419921875 0.060546875 0.111328125
0 0.9462890625 0.439453125 0.0859375 0.1142578125
0 0.6767578125 0.4482421875 0.146484375 0.119140625
0 0.609375 0.494140625 0.0888671875 0.0263671875
0 0.0322265625 0.8876953125 0.0205078125 0.025390625
0 0.1484375 0.8935546875 0.060546875 0.060546875
0 0.1044921875 0.9013671875 0.03125 0.0205078125
0 0.076171875 0.9189453125 0.0185546875 0.029296875
0 0.0576171875 0.923828125 0.015625 0.017578125
0 0.2529296875 0.8994140625 0.03125 0.029296875
0 0.212890625 0.919921875 0.044921875 0.033203125
0 0.076171875 0.947265625 0.046875 0.029296875
0 0.26171875 0.923828125 0.037109375 0.021484375
0 0.1904296875 0.9375 0.041015625 0.0341796875
0 0.263671875 0.9306640625 0.0283203125 0.0205078125
0 0.2314453125 0.9501953125 0.03125 0.029296875
0 0.2646484375 0.953125 0.03125 0.0263671875
0 0.0869140625 0.84375 0.029296875 0.0205078125
0 0.853515625 0.533203125 0.115234375 0.044921875
0 0.75 0.529296875 0.052734375 0.0390625
0 0.9208984375 0.5390625 0.0625 0.0546875
0 0.8525390625 0.572265625 0.0498046875 0.0439453125
0 0.9228515625 0.5947265625 0.076171875 0.0732421875
0 0.8056640625 0.61328125 0.064453125 0.0595703125
0 0.9794921875 0.5986328125 0.0361328125 0.0859375
0 0.794921875 0.6806640625 0.0595703125 0.0546875
0 0.9169921875 0.6748046875 0.1328125 0.1064453125
0 0.9599609375 0.712890625 0.0751953125 0.107421875
0 0.708984375 0.759765625 0.0732421875 0.0595703125
0 0.8173828125 0.7529296875 0.048828125 0.0498046875
0 0.90625 0.767578125 0.126953125 0.107421875
0 0.7119140625 0.8671875 0.052734375 0.0517578125
0 0.8486328125 0.865234375 0.0390625 0.0439453125
0 0.939453125 0.880859375 0.119140625 0.1513671875
0 0.857421875 0.970703125 0.0576171875 0.056640625
0 0.966796875 0.9755859375 0.0625 0.0439453125