0 0.3486328125 0.005859375 0.029296875 0.01171875
0 0.107421875 0.0224609375 0.0283203125 0.0361328125
0 0.072265625 0.033203125 0.0185546875 0.0283203125
0 0.0625 0.037109375 0.015625 0.015625
0 0.123046875 0.04296875 0.015625 0.0283203125
0 0.158203125 0.0615234375 0.013671875 0.0234375
0 0.0849609375 0.056640625 0.0205078125 0.03125
0 0.1337890625 0.0634765625 0.013671875 0.025390625
0 0.060546875 0.0556640625 0.0107421875 0.025390625
0 0.0927734375 0.068359375 0.013671875 0.0234375
0 0.07421875 0.068359375 0.013671875 0.025390625
0 0.2646484375 0.0859375 0.015625 0.0283203125
0 0.2373046875 0.091796875 0.0283203125 0.0390625
0 0.015625 0.087890625 0.0263671875 0.041015625
0 0.0908203125 0.1162109375 0.0234375 0.03125
0 0.08984375 0.146484375 0.0263671875 0.0439453125
0 0.208984375 0.1591796875 0.025390625 0.0498046875
0 0.138671875 0.1572265625 0.0283203125 0.041015625
0 0.0166015625 0.1611328125 0.0234375 0.0439453125
0 0.1591796875 0.1787109375 0.021484375 0.041015625
0 0.0703125 0.177734375 0.0205078125 0.0234375
0 0.1162109375 0.19140625 0.041015625 0.056640625
0 0.0859375 0.1904296875 0.0185546875 0.0263671875
0 0.2529296875 0.2294921875 0.0263671875 0.041015625
0 0.08984375 0.216796875 0.0205078125 0.03125
0 0.0517578125 0.21875 0.0263671875 0.0341796875
0 0.150390625 0.236328125 0.025390625 0.041015625
0 0.2666015625 0.259765625 0.0185546875 0.0234375
0 0.2490234375 0.2568359375 0.0234375 0.0185546875
0 0.0947265625 0.248046875 0.021484375 0.041015625
0 0.1328125 0.25 0.03125 0.0341796875
0 0.2529296875 0.283203125 0.03125 0.041015625
0 0.0322265625 0.2685546875 0.0205078125 0.037109375
0 0.1572265625 0.28125 0.0361328125 0.0439453125
0 0.0576171875 0.2802734375 0.0341796875 0.046875
0 0.1064453125 0.287109375 0.015625 0.0361328125
0 0.1240234375 0.296875 0.0283203125 0.03125
0 0.2626953125 0.3134765625 0.0205078125 0.03125
0 0.236328125 0.322265625 0.029296875 0.029296875
0 0.189453125 0.3212890625 0.029296875 0.03125
0 0.029296875 0.3125 0.029296875 0.048828125
0 0.267578125 0.3330078125 0.044921875 0.0078125
0 0.115234375 0.328125 0.037109375 0.017578125
0 0.97265625 0.0048828125 0.03125 0.009765625
0 0.76953125 0.013671875 0.052734375 0.0263671875
0 0.9384765625 0.021484375 0.048828125 0.04296875
0 0.982421875 0.03125 0.0283203125 0.0341796875
0 0.794921875 0.0224609375 0.0361328125 0.044921875
0 0.62890625 0.0205078125 0.0361328125 0.041015625
0 0.9677734375 0.080078125 0.037109375 0.0751953125
0 0.9443359375 0.09765625 0.037109375 0.037109375
0 0.603515625 0.076171875 0.0283203125 0.0576171875
0 0.96875 0.1328125 0.0390625 0.048828125
0 0.986328125 0.154296875 0.021484375 0.0361328125
0 0.6259765625 0.1328125 0.0439453125 0.078125
0 0.798828125 0.173828125 0.03125 0.0576171875
0 0.9892578125 0.203125 0.017578125 0.0263671875
0 0.9716796875 0.208984375 0.03125 0.0390625
0 0.7744140625 0.1982421875 0.029296875 0.0654296875
0 0.599609375 0.189453125 0.021484375 0.0439453125
0 0.98828125 0.240234375 0.0205078125 0.0576171875
0 0.61328125 0.23046875 0.048828125 0.072265625
0 0.984375 0.296875 0.0263671875 0.0751953125
0 0.638671875 0.2763671875 0.0439453125 0.0498046875
0 0.6083984375 0.2880859375 0.0341796875 0.0625
0 0.9892578125 0.326171875 0.017578125 0.021484375
0 0.5087890625 0.37109375 0.060546875 0.0654296875
0 0.365234375 0.41015625 0.1923828125 0.142578125
0 0.166015625 0.6025390625 0.134765625 0.15625
0 0.3037109375 0.642578125 0.130859375 0.1611328125
0 0.5361328125 0.6796875 0.048828125 0.0673828125
0 0.4169921875 0.755859375 0.041015625 0.046875
0 0.16015625 0.7529296875 0.234375 0.2998046875
0 0.666015625 0.3837890625 0.1533203125 0.0888671875
0 0.986328125 0.642578125 0.021484375 0.087890625
0 0.9267578125 0.76953125 0.142578125 0.25
0 0.76953125 0.8701171875 0.125 0.1689453125
0 0.982421875 0.921875 0.03125 0.09375
0 0.896484375 0.970703125 0.029296875 0.052734375
0 0.6328125 0.9580078125 0.0390625 0.0654296875
0 0.9736328125 0.982421875 0.048828125 0.03125
0 0.611328125 0.986328125 0.0390625 0.021484375