0 0.2080078125 0.044921875 0.052734375 0.08984375
0 0.08203125 0.1005859375 0.1591796875 0.201171875
0 0.2021484375 0.1103515625 0.0595703125 0.0908203125
0 0.384765625 0.130859375 0.130859375 0.1328125
0 0.2763671875 0.1337890625 0.052734375 0.0751953125
0 0.0576171875 0.23046875 0.115234375 0.197265625
0 0.4931640625 0.3173828125 0.048828125 0.0576171875
0 0.388671875 0.318359375 0.044921875 0.0546875
0 0.0869140625 0.3076171875 0.1298828125 0.076171875
0 0.626953125 0.072265625 0.0283203125 0.046875
0 0.658203125 0.09765625 0.056640625 0.0810546875
0 0.978515625 0.1181640625 0.0390625 0.076171875
0 0.5849609375 0.1064453125 0.0517578125 0.0830078125
0 0.7060546875 0.142578125 0.046875 0.0703125
0 0.5908203125 0.1640625 0.056640625 0.091796875
0 0.5673828125 0.1826171875 0.0439453125 0.072265625
0 0.6884765625 0.212890625 0.0439453125 0.060546875
0 0.986328125 0.234375 0.021484375 0.09375
0 0.544921875 0.224609375 0.052734375 0.1328125
0 0.77734375 0.236328125 0.0263671875 0.041015625
0 0.662109375 0.234375 0.048828125 0.0517578125
0 0.9931640625 0.283203125 0.009765625 0.072265625
0 0.642578125 0.291015625 0.0390625 0.046875
0 0.580078125 0.2978515625 0.0576171875 0.0810546875
0 0.978515625 0.31640625 0.0390625 0.060546875
0 0.658203125 0.3173828125 0.056640625 0.0576171875
0 0.689453125 0.3330078125 0.0361328125 0.0263671875
0 0.5908203125 0.013671875 0.025390625 0.02734375
0 0.69140625 0.021484375 0.03125 0.04296875
0 0.5537109375 0.033203125 0.03125 0.0654296875
0 0.056640625 0.447265625 0.1123046875 0.197265625
0 0.34375 0.6240234375 0.1689453125 0.2421875
0 0.095703125 0.703125 0.1298828125 0.2138671875
0 0.357421875 0.8330078125 0.0673828125 0.0986328125
0 0.3193359375 0.89453125 0.046875 0.0732421875
0 0.36328125 0.9482421875 0.072265625 0.0986328125
0 0.4638671875 0.9619140625 0.1015625 0.072265625
0 0.763671875 0.673828125 0.466796875 0.650390625
0 0.564453125 0.779296875 0.0908203125 0.173828125