0 0.43359375 0.263671875 0.083984375 0.142578125
0 0.443359375 0.330078125 0.0654296875 0.1201171875
0 0.3857421875 0.337890625 0.080078125 0.109375
0 0.083984375 0.291015625 0.109375 0.1455078125
0 0.41015625 0.384765625 0.0751953125 0.111328125
0 0.2099609375 0.3994140625 0.0986328125 0.134765625
0 0.443359375 0.439453125 0.0654296875 0.056640625
0 0.146484375 0.408203125 0.087890625 0.115234375
0 0.056640625 0.435546875 0.080078125 0.0625
0 0.41796875 0.14453125 0.115234375 0.216796875
0 0.626953125 0.08203125 0.1142578125 0.1640625
0 0.712890625 0.232421875 0.46875 0.46484375
0 0.572265625 0.1767578125 0.0986328125 0.1611328125
0 0.908203125 0.33203125 0.177734375 0.2705078125
0 0.810546875 0.4326171875 0.1689453125 0.0673828125
0 0.06640625 0.73046875 0.1328125 0.2939453125
0 0.435546875 0.505859375 0.080078125 0.0751953125
0 0.08984375 0.9716796875 0.1796875 0.0498046875
0 0.3369140625 0.552734375 0.25 0.1689453125
0 0.740234375 0.732421875 0.513671875 0.529296875