0 0.7861328125 0.8623046875 0.1064453125 0.1640625
0 0.744140625 0.93359375 0.0263671875 0.0390625
0 0.7119140625 0.9814453125 0.048828125 0.037109375
0 0.4697265625 0.0361328125 0.0390625 0.072265625
0 0.439453125 0.2822265625 0.052734375 0.1123046875
0 0.302734375 0.3681640625 0.041015625 0.076171875
0 0.3486328125 0.1982421875 0.169921875 0.337890625
0 0.1943359375 0.3837890625 0.0576171875 0.095703125
0 0.2138671875 0.44140625 0.021484375 0.0439453125
0 0.2568359375 0.4443359375 0.021484375 0.044921875
0 0.2109375 0.6572265625 0.0126953125 0.025390625
0 0.2119140625 0.814453125 0.041015625 0.0732421875
0 0.169921875 0.58984375 0.052734375 0.09375
0 0.134765625 0.623046875 0.0341796875 0.064453125
0 0.0126953125 0.326171875 0.025390625 0.1064453125
0 0.048828125 0.4765625 0.09765625 0.25
0 0.044921875 0.732421875 0.021484375 0.048828125
0 0.119140625 0.8408203125 0.140625 0.205078125
0 0.82421875 0.166015625 0.021484375 0.0439453125
0 0.7158203125 0.1640625 0.2080078125 0.328125
0 0.966796875 0.896484375 0.017578125 0.0263671875