0 0.330078125 0.01953125 0.091796875 0.0390625
0 0.23828125 0.029296875 0.0546875 0.05859375
0 0.205078125 0.0625 0.041015625 0.0732421875
0 0.3193359375 0.0556640625 0.052734375 0.0732421875
0 0.021484375 0.1064453125 0.04296875 0.080078125
0 0.0498046875 0.1083984375 0.046875 0.0830078125
0 0.1259765625 0.193359375 0.0546875 0.078125
0 0.3701171875 0.1904296875 0.087890625 0.1015625
0 0.0732421875 0.3037109375 0.056640625 0.083984375
0 0.4072265625 0.2841796875 0.0703125 0.087890625
0 0.1357421875 0.326171875 0.0654296875 0.0390625
0 0.3837890625 0.31640625 0.0654296875 0.060546875
0 0.3193359375 0.3232421875 0.048828125 0.044921875
0 0.669921875 0.033203125 0.0654296875 0.0654296875
0 0.888671875 0.01953125 0.041015625 0.0390625
0 0.7841796875 0.02734375 0.041015625 0.0546875
0 0.728515625 0.0517578125 0.0830078125 0.103515625
0 0.818359375 0.03125 0.0361328125 0.052734375
0 0.693359375 0.0517578125 0.041015625 0.060546875
0 0.771484375 0.068359375 0.0341796875 0.044921875
0 0.6416015625 0.095703125 0.0419921875 0.0576171875
0 0.802734375 0.078125 0.037109375 0.056640625
0 0.6796875 0.09765625 0.052734375 0.0703125
0 0.6630859375 0.125 0.0625 0.064453125
0 0.7802734375 0.1298828125 0.037109375 0.0576171875
0 0.720703125 0.166015625 0.072265625 0.1015625
0 0.841796875 0.15625 0.041015625 0.068359375
0 0.80859375 0.185546875 0.0546875 0.064453125
0 0.767578125 0.1953125 0.0703125 0.091796875
0 0.6865234375 0.236328125 0.0419921875 0.0576171875
0 0.7138671875 0.244140625 0.029296875 0.0419921875
0 0.818359375 0.234375 0.041015625 0.056640625
0 0.7373046875 0.2607421875 0.0673828125 0.0751953125
0 0.779296875 0.259765625 0.029296875 0.0439453125
0 0.76171875 0.2919921875 0.046875 0.0546875
0 0.775390625 0.306640625 0.0283203125 0.037109375
0 0.8310546875 0.3125 0.037109375 0.052734375
0 0.755859375 0.322265625 0.041015625 0.048828125
0 0.7275390625 0.326171875 0.044921875 0.0390625
0 0.798828125 0.017578125 0.0625 0.0341796875
0 0.044921875 0.451171875 0.0888671875 0.115234375
0 0.451171875 0.421875 0.0517578125 0.1279296875
0 0.2392578125 0.4609375 0.0751953125 0.109375
0 0.3935546875 0.453125 0.0439453125 0.0751953125
0 0.294921875 0.466796875 0.0888671875 0.1171875
0 0.3857421875 0.48828125 0.0595703125 0.087890625
0 0.1259765625 0.5361328125 0.044921875 0.0732421875
0 0.4150390625 0.5546875 0.0654296875 0.109375
0 0.21484375 0.59765625 0.080078125 0.076171875
0 0.451171875 0.5869140625 0.048828125 0.0908203125
0 0.2666015625 0.6533203125 0.072265625 0.0751953125
0 0.314453125 0.6826171875 0.033203125 0.0625
0 0.4287109375 0.677734375 0.0654296875 0.1015625
0 0.2412109375 0.716796875 0.044921875 0.0830078125
0 0.2060546875 0.7392578125 0.0439453125 0.0751953125
0 0.4619140625 0.736328125 0.029296875 0.115234375
0 0.431640625 0.76953125 0.068359375 0.078125
0 0.212890625 0.8271484375 0.083984375 0.087890625
0 0.30078125 0.81640625 0.0576171875 0.1044921875
0 0.439453125 0.888671875 0.0732421875 0.1142578125
0 0.244140625 0.92578125 0.044921875 0.064453125
0 0.3984375 0.912109375 0.0625 0.060546875
0 0.353515625 0.935546875 0.0732421875 0.0732421875
0 0.431640625 0.9501953125 0.0517578125 0.0595703125
0 0.267578125 0.9794921875 0.080078125 0.0361328125
0 0.361328125 0.9755859375 0.0859375 0.0439453125
0 0.4462890625 0.982421875 0.060546875 0.03125
0 0.71484375 0.3544921875 0.0654296875 0.0126953125
0 0.73828125 0.37109375 0.0625 0.044921875
0 0.7470703125 0.388671875 0.0517578125 0.056640625
0 0.923828125 0.376953125 0.056640625 0.0546875
0 0.9404296875 0.3994140625 0.078125 0.0546875
0 0.498046875 0.4931640625 0.041015625 0.0673828125
0 0.9638671875 0.4326171875 0.0673828125 0.0576171875
0 0.7470703125 0.46875 0.0419921875 0.048828125
0 0.4931640625 0.5263671875 0.029296875 0.0625
0 0.7412109375 0.5107421875 0.0546875 0.056640625
0 0.9736328125 0.486328125 0.048828125 0.076171875
0 0.5068359375 0.55078125 0.0517578125 0.0595703125
0 0.5830078125 0.5888671875 0.064453125 0.0673828125
0 0.6962890625 0.580078125 0.060546875 0.048828125
0 0.5 0.6455078125 0.0439453125 0.0595703125
0 0.9248046875 0.59375 0.0625 0.0830078125
0 0.5595703125 0.697265625 0.046875 0.0390625
0 0.7724609375 0.6708984375 0.0546875 0.0673828125
0 0.4951171875 0.732421875 0.0341796875 0.048828125
0 0.984375 0.666015625 0.0263671875 0.072265625
0 0.537109375 0.744140625 0.0546875 0.056640625
0 0.783203125 0.7333984375 0.0625 0.078125
0 0.5556640625 0.765625 0.0390625 0.046875
0 0.654296875 0.755859375 0.0546875 0.0654296875
0 0.5107421875 0.8125 0.0654296875 0.0673828125
0 0.642578125 0.810546875 0.0498046875 0.048828125
0 0.8427734375 0.783203125 0.0419921875 0.0439453125
0 0.7978515625 0.802734375 0.037109375 0.052734375
0 0.9599609375 0.78515625 0.0595703125 0.0654296875
0 0.8447265625 0.8173828125 0.044921875 0.048828125
0 0.5498046875 0.8671875 0.072265625 0.0859375
0 0.755859375 0.84375 0.041015625 0.052734375
0 0.7861328125 0.8544921875 0.0517578125 0.060546875
0 0.734375 0.865234375 0.0595703125 0.0732421875
0 0.9755859375 0.8369140625 0.0439453125 0.0673828125
0 0.6484375 0.8837890625 0.0625 0.0654296875
0 0.8837890625 0.8564453125 0.0419921875 0.0439453125
0 0.595703125 0.9052734375 0.0419921875 0.0419921875
0 0.5078125 0.927734375 0.0546875 0.052734375
0 0.521484375 0.935546875 0.0419921875 0.0341796875
0 0.6083984375 0.9501953125 0.0732421875 0.068359375
0 0.5224609375 0.974609375 0.0517578125 0.044921875
0 0.80078125 0.94140625 0.0498046875 0.056640625
0 0.8583984375 0.94140625 0.0390625 0.0419921875
0 0.794921875 0.966796875 0.046875 0.048828125
0 0.8623046875 0.970703125 0.037109375 0.0419921875
0 0.9111328125 0.9736328125 0.0625 0.048828125
0 0.8349609375 0.986328125 0.0517578125 0.025390625
0 0.8642578125 0.9931640625 0.03125 0.009765625