0 0.1953125 0.150390625 0.154296875 0.162109375
0 0.658203125 0.0654296875 0.072265625 0.087890625
0 0.638671875 0.0966796875 0.068359375 0.0830078125
0 0.615234375 0.013671875 0.0830078125 0.0263671875
0 0.869140625 0.28125 0.1142578125 0.1591796875
0 0.80078125 0.326171875 0.1015625 0.146484375
0 0.9326171875 0.3779296875 0.0732421875 0.0595703125
0 0.833984375 0.498046875 0.052734375 0.048828125
0 0.958984375 0.5087890625 0.076171875 0.0546875
0 0.716796875 0.912109375 0.0625 0.146484375
0 0.66796875 0.962890625 0.0830078125 0.0703125
0 0.11328125 0.595703125 0.0673828125 0.0986328125
0 0.05078125 0.689453125 0.1015625 0.232421875
0 0.119140625 0.666015625 0.0751953125 0.099609375
0 0.5205078125 0.564453125 0.0546875 0.0517578125
0 0.298828125 0.625 0.1513671875 0.154296875
0 0.1953125 0.6640625 0.064453125 0.0830078125
0 0.703125 0.576171875 0.0888671875 0.076171875
0 0.4912109375 0.6259765625 0.080078125 0.0830078125
0 0.0400390625 0.837890625 0.080078125 0.2236328125
0 0.720703125 0.6494140625 0.056640625 0.1591796875
0 0.669921875 0.705078125 0.1533203125 0.2001953125
0 0.4453125 0.7783203125 0.0732421875 0.0810546875
0 0.3388671875 0.8115234375 0.0546875 0.0654296875
0 0.0673828125 0.921875 0.134765625 0.1513671875
0 0.2158203125 0.904296875 0.056640625 0.068359375
0 0.4169921875 0.8603515625 0.0703125 0.0859375
0 0.6494140625 0.8212890625 0.154296875 0.1669921875
0 0.708984375 0.8125 0.076171875 0.201171875
0 0.36328125 0.935546875 0.1298828125 0.125
0 0.5126953125 0.93359375 0.0732421875 0.103515625
0 0.6611328125 0.8994140625 0.111328125 0.1455078125
0 0.8310546875 0.767578125 0.1142578125 0.1591796875
0 0.78125 0.810546875 0.0625 0.146484375
0 0.89453125 0.86328125 0.0732421875 0.0595703125
0 0.796875 0.9775390625 0.056640625 0.041015625
0 0.9326171875 0.982421875 0.1015625 0.03125