0 0.3955078125 0.30078125 0.0361328125 0.048828125
0 0.267578125 0.3193359375 0.033203125 0.0390625
0 0.4384765625 0.322265625 0.029296875 0.0576171875
0 0.384765625 0.326171875 0.0234375 0.037109375
0 0.5947265625 0.3271484375 0.0361328125 0.0732421875
0 0.6259765625 0.353515625 0.0361328125 0.0517578125
0 0.369140625 0.357421875 0.03125 0.0390625
0 0.544921875 0.361328125 0.0703125 0.060546875
0 0.28515625 0.373046875 0.037109375 0.056640625
0 0.6484375 0.396484375 0.0283203125 0.033203125
0 0.2587890625 0.40625 0.0361328125 0.0390625
0 0.576171875 0.423828125 0.048828125 0.0732421875
0 0.5166015625 0.435546875 0.056640625 0.076171875
0 0.3134765625 0.5537109375 0.029296875 0.0361328125
0 0.20703125 0.5859375 0.029296875 0.0419921875
0 0.55078125 0.5966796875 0.029296875 0.0595703125
0 0.5068359375 0.599609375 0.029296875 0.029296875
0 0.34765625 0.6162109375 0.033203125 0.0517578125
0 0.46875 0.6201171875 0.029296875 0.0625
0 0.4443359375 0.650390625 0.029296875 0.046875
0 0.533203125 0.65625 0.037109375 0.052734375
0 0.5 0.662109375 0.0341796875 0.044921875
0 0.34375 0.673828125 0.0439453125 0.076171875
0 0.4892578125 0.697265625 0.017578125 0.0419921875
0 0.4404296875 0.701171875 0.044921875 0.0810546875
0 0.4228515625 0.71875 0.037109375 0.052734375
0 0.521484375 0.7265625 0.0517578125 0.0986328125
0 0.38671875 0.7568359375 0.0283203125 0.0390625
0 0.443359375 0.759765625 0.013671875 0.033203125
0 0.38671875 0.78125 0.0234375 0.0390625
0 0.8447265625 0.09375 0.041015625 0.0439453125
0 0.056640625 0.099609375 0.041015625 0.0654296875
0 0.2275390625 0.1171875 0.0361328125 0.033203125
0 0.849609375 0.1357421875 0.029296875 0.060546875
0 0.8935546875 0.140625 0.037109375 0.0654296875
0 0.8173828125 0.1435546875 0.0341796875 0.0810546875
0 0.2421875 0.177734375 0.0419921875 0.0546875
0 0.236328125 0.2783203125 0.0361328125 0.0517578125