0 0.314453125 0.193359375 0.0517578125 0.0517578125
0 0.412109375 0.2529296875 0.0703125 0.0625
0 0.15625 0.220703125 0.0625 0.056640625
0 0.0869140625 0.220703125 0.064453125 0.083984375
0 0.412109375 0.302734375 0.0703125 0.076171875
0 0.0263671875 0.248046875 0.052734375 0.0986328125
0 0.42578125 0.353515625 0.0439453125 0.0859375
0 0.2939453125 0.345703125 0.1064453125 0.078125
0 0.033203125 0.31640625 0.0654296875 0.0654296875
0 0.427734375 0.392578125 0.0390625 0.076171875
0 0.3017578125 0.388671875 0.060546875 0.060546875
0 0.349609375 0.41015625 0.0546875 0.056640625
0 0.056640625 0.384765625 0.0703125 0.068359375
0 0.1513671875 0.4248046875 0.0830078125 0.0517578125
0 0.326171875 0.015625 0.09375 0.03125
0 0.2255859375 0.029296875 0.0859375 0.0576171875
0 0.390625 0.0595703125 0.0751953125 0.0654296875
0 0.423828125 0.1005859375 0.044921875 0.072265625
0 0.138671875 0.052734375 0.060546875 0.0341796875
0 0.0830078125 0.0859375 0.09375 0.0673828125
0 0.25390625 0.123046875 0.0703125 0.064453125
0 0.3544921875 0.1416015625 0.181640625 0.162109375
0 0.423828125 0.158203125 0.044921875 0.0625
0 0.0224609375 0.115234375 0.044921875 0.072265625
0 0.1708984375 0.146484375 0.068359375 0.056640625
0 0.240234375 0.158203125 0.052734375 0.048828125
0 0.818359375 0.287109375 0.03125 0.048828125
0 0.984375 0.326171875 0.0263671875 0.0517578125
0 0.8330078125 0.3203125 0.0419921875 0.064453125
0 0.517578125 0.291015625 0.1376953125 0.1826171875
0 0.97265625 0.3818359375 0.0419921875 0.076171875
0 0.875 0.41796875 0.0966796875 0.0966796875
0 0.638671875 0.087890625 0.1044921875 0.15625
0 0.98828125 0.20703125 0.0205078125 0.0673828125
0 0.783203125 0.181640625 0.0439453125 0.0546875
0 0.908203125 0.240234375 0.0341796875 0.0576171875
0 0.767578125 0.2421875 0.03125 0.0625
0 0.4130859375 0.59765625 0.0673828125 0.119140625
0 0.3017578125 0.5869140625 0.046875 0.072265625
0 0.18359375 0.6298828125 0.0419921875 0.0283203125
0 0.220703125 0.63671875 0.052734375 0.048828125
0 0.20703125 0.6650390625 0.048828125 0.0361328125
0 0.1474609375 0.720703125 0.0517578125 0.048828125
0 0.146484375 0.771484375 0.025390625 0.0283203125
0 0.0908203125 0.83984375 0.0517578125 0.041015625
0 0.1474609375 0.8828125 0.041015625 0.03125
0 0.3349609375 0.916015625 0.0361328125 0.041015625
0 0.205078125 0.896484375 0.052734375 0.048828125
0 0.2646484375 0.9306640625 0.0439453125 0.0390625
0 0.314453125 0.970703125 0.03125 0.037109375
0 0.376953125 0.986328125 0.041015625 0.025390625
0 0.1044921875 0.978515625 0.0517578125 0.0390625
0 0.611328125 0.572265625 0.2763671875 0.2080078125
0 0.50390625 0.6767578125 0.107421875 0.333984375