0 0.6328125 0.041015625 0.0654296875 0.0810546875
0 0.642578125 0.078125 0.044921875 0.107421875
0 0.595703125 0.099609375 0.0751953125 0.103515625
0 0.291015625 0.09375 0.1015625 0.1357421875
0 0.6201171875 0.1435546875 0.0673828125 0.1044921875
0 0.419921875 0.1875 0.091796875 0.1298828125
0 0.6455078125 0.236328125 0.041015625 0.138671875
0 0.357421875 0.212890625 0.078125 0.125
0 0.0244140625 0.205078125 0.048828125 0.173828125
0 0.267578125 0.2646484375 0.0703125 0.0986328125
0 0.130859375 0.3369140625 0.09375 0.1298828125
0 0.2822265625 0.3544921875 0.0625 0.0810546875
0 0.208984375 0.3603515625 0.1220703125 0.2060546875
0 0.654296875 0.412109375 0.021484375 0.107421875
0 0.541015625 0.3994140625 0.0888671875 0.091796875
0 0.435546875 0.404296875 0.0703125 0.130859375
0 0.654296875 0.453125 0.021484375 0.0751953125
0 0.615234375 0.4560546875 0.078125 0.099609375
0 0.3916015625 0.45703125 0.0703125 0.1220703125
0 0.1357421875 0.4326171875 0.109375 0.1455078125
0 0.46484375 0.478515625 0.103515625 0.1640625
0 0.544921875 0.505859375 0.060546875 0.1376953125
0 0.23828125 0.4921875 0.0576171875 0.099609375
0 0.5693359375 0.53125 0.052734375 0.111328125
0 0.193359375 0.5029296875 0.068359375 0.107421875
0 0.3974609375 0.5419921875 0.0517578125 0.0703125
0 0.111328125 0.509765625 0.0732421875 0.1123046875
0 0.6201171875 0.5400390625 0.0908203125 0.09375
0 0.4755859375 0.5517578125 0.0830078125 0.0703125
0 0.341796875 0.5537109375 0.080078125 0.0654296875
0 0.232421875 0.5712890625 0.048828125 0.03125
0 0.7294921875 0.146484375 0.0546875 0.091796875
0 0.7060546875 0.2119140625 0.0625 0.091796875
0 0.888671875 0.244140625 0.1376953125 0.1376953125
0 0.7783203125 0.2392578125 0.056640625 0.0751953125
0 0.962890625 0.44140625 0.0654296875 0.072265625
0 0.849609375 0.431640625 0.044921875 0.060546875
0 0.701171875 0.470703125 0.048828125 0.060546875
0 0.9013671875 0.50390625 0.0595703125 0.080078125
0 0.8232421875 0.5419921875 0.1142578125 0.0888671875
0 0.9619140625 0.5732421875 0.0625 0.0263671875
0 0.3251953125 0.6923828125 0.1611328125 0.125
0 0.54296875 0.841796875 0.2451171875 0.310546875
0 0.13671875 0.8740234375 0.2734375 0.2451171875
0 0.3662109375 0.87109375 0.521484375 0.2529296875
0 0.8544921875 0.625 0.1376953125 0.072265625
0 0.8017578125 0.666015625 0.0595703125 0.087890625
0 0.744140625 0.7802734375 0.1201171875 0.158203125
0 0.890625 0.845703125 0.041015625 0.0576171875
0 0.7978515625 0.904296875 0.0576171875 0.0546875
0 0.9736328125 0.94921875 0.048828125 0.076171875
0 0.85546875 0.974609375 0.0576171875 0.044921875