0 0.1572265625 0.017578125 0.150390625 0.03515625
0 0.298828125 0.013671875 0.125 0.02734375
0 0.361328125 0.0537109375 0.158203125 0.107421875
0 0.353515625 0.119140625 0.140625 0.125
0 0.24609375 0.1640625 0.181640625 0.169921875
0 0.2705078125 0.2763671875 0.1044921875 0.1015625
0 0.826171875 0.025390625 0.142578125 0.0498046875
0 0.6416015625 0.099609375 0.201171875 0.19921875
0 0.9599609375 0.1337890625 0.0751953125 0.1279296875
0 0.830078125 0.197265625 0.0673828125 0.1015625
0 0.7958984375 0.234375 0.0625 0.095703125
0 0.953125 0.234375 0.0888671875 0.080078125
0 0.8232421875 0.263671875 0.0703125 0.095703125
0 0.6552734375 0.2841796875 0.1484375 0.193359375
0 0.7587890625 0.27734375 0.080078125 0.091796875
0 0.599609375 0.333984375 0.166015625 0.1455078125
0 0.94921875 0.326171875 0.0966796875 0.15625
0 0.859375 0.3486328125 0.1376953125 0.115234375
0 0.390625 0.4326171875 0.107421875 0.048828125
0 0.2861328125 0.4287109375 0.048828125 0.041015625
0 0.439453125 0.443359375 0.0341796875 0.056640625
0 0.380859375 0.4736328125 0.048828125 0.0439453125
0 0.4326171875 0.498046875 0.048828125 0.0751953125
0 0.3271484375 0.5146484375 0.0595703125 0.0576171875
0 0.306640625 0.58203125 0.056640625 0.052734375
0 0.4111328125 0.580078125 0.091796875 0.103515625
0 0.4462890625 0.6181640625 0.021484375 0.111328125
0 0.212890625 0.6591796875 0.068359375 0.0595703125
0 0.3203125 0.654296875 0.044921875 0.0498046875
0 0.4013671875 0.669921875 0.111328125 0.107421875
0 0.2001953125 0.767578125 0.048828125 0.0498046875
0 0.337890625 0.767578125 0.0361328125 0.0439453125
0 0.4150390625 0.7861328125 0.083984375 0.150390625
0 0.3310546875 0.875 0.052734375 0.0576171875
0 0.4326171875 0.892578125 0.048828125 0.0654296875
0 0.6806640625 0.6796875 0.0673828125 0.083984375
0 0.583984375 0.7568359375 0.0908203125 0.109375
0 0.611328125 0.8359375 0.0703125 0.0751953125
0 0.6318359375 0.8896484375 0.076171875 0.078125
0 0.5732421875 0.95703125 0.0888671875 0.0830078125
0 0.478515625 0.9736328125 0.0390625 0.048828125