0 0.19140625 0.224609375 0.0419921875 0.056640625
0 0.115234375 0.232421875 0.046875 0.0703125
0 0.701171875 0.279296875 0.119140625 0.1220703125
0 0.1962890625 0.28515625 0.044921875 0.056640625
0 0.900390625 0.029296875 0.0390625 0.05859375
0 0.337890625 0.29296875 0.0517578125 0.0625
0 0.9091796875 0.333984375 0.0546875 0.0859375
0 0.1328125 0.34375 0.0498046875 0.0439453125
0 0.275390625 0.353515625 0.044921875 0.037109375
0 0.6572265625 0.361328125 0.0498046875 0.0830078125
0 0.140625 0.388671875 0.0361328125 0.056640625
0 0.9560546875 0.3916015625 0.046875 0.099609375
0 0.279296875 0.3994140625 0.0361328125 0.048828125
0 0.9140625 0.419921875 0.041015625 0.0625
0 0.9697265625 0.048828125 0.0361328125 0.072265625
0 0.9169921875 0.4736328125 0.041015625 0.091796875
0 0.6171875 0.478515625 0.099609375 0.1455078125
0 0.76953125 0.5263671875 0.0341796875 0.052734375
0 0.8271484375 0.05859375 0.078125 0.1142578125
0 0.919921875 0.5947265625 0.044921875 0.0830078125
0 0.685546875 0.595703125 0.0517578125 0.046875
0 0.880859375 0.62109375 0.064453125 0.068359375
0 0.478515625 0.6572265625 0.0439453125 0.078125
0 0.7548828125 0.671875 0.048828125 0.060546875
0 0.408203125 0.6923828125 0.0341796875 0.0830078125
0 0.21484375 0.732421875 0.029296875 0.056640625
0 0.095703125 0.748046875 0.076171875 0.103515625
0 0.8681640625 0.7529296875 0.0576171875 0.091796875
0 0.3720703125 0.7685546875 0.0517578125 0.0419921875
0 0.9833984375 0.77734375 0.029296875 0.0751953125
0 0.1669921875 0.7939453125 0.044921875 0.0732421875
0 0.744140625 0.794921875 0.029296875 0.060546875
0 0.4736328125 0.810546875 0.029296875 0.044921875
0 0.3857421875 0.857421875 0.0654296875 0.1015625
0 0.884765625 0.865234375 0.048828125 0.056640625
0 0.478515625 0.8720703125 0.046875 0.0810546875
0 0.830078125 0.892578125 0.041015625 0.0703125
0 0.759765625 0.9111328125 0.037109375 0.048828125
0 0.2841796875 0.93359375 0.126953125 0.1279296875
0 0.3935546875 0.935546875 0.123046875 0.123046875
0 0.62890625 0.943359375 0.119140625 0.107421875
0 0.7099609375 0.9482421875 0.041015625 0.0703125
0 0.783203125 0.958984375 0.037109375 0.0673828125
0 0.060546875 0.958984375 0.107421875 0.076171875
0 0.2236328125 0.9716796875 0.1015625 0.0546875
0 0.8525390625 0.9755859375 0.0361328125 0.0439453125
0 0.900390625 0.109375 0.041015625 0.044921875
0 0.9794921875 0.107421875 0.041015625 0.0673828125
0 0.759765625 0.193359375 0.064453125 0.123046875
0 0.896484375 0.2060546875 0.048828125 0.072265625