0 0.8544921875 0.3203125 0.15625 0.1357421875
0 0.7177734375 0.396484375 0.1953125 0.177734375
0 0.50390625 0.4501953125 0.0703125 0.0732421875
0 0.4169921875 0.4755859375 0.0986328125 0.0439453125
0 0.4609375 0.033203125 0.09765625 0.06640625
0 0.6025390625 0.158203125 0.419921875 0.31640625
0 0.947265625 0.0517578125 0.1015625 0.103515625
0 0.654296875 0.11328125 0.1123046875 0.1201171875
0 0.3642578125 0.2607421875 0.0703125 0.142578125
0 0.4228515625 0.251953125 0.0673828125 0.0654296875
0 0.7900390625 0.177734375 0.0703125 0.0654296875
0 0.740234375 0.189453125 0.0576171875 0.072265625
0 0.3994140625 0.3388671875 0.138671875 0.138671875
0 0.9140625 0.2666015625 0.107421875 0.115234375
0 0.6181640625 0.3505859375 0.0859375 0.091796875
0 0.3037109375 0.673828125 0.03125 0.0439453125
0 0.283203125 0.7099609375 0.080078125 0.078125
0 0.3193359375 0.7119140625 0.013671875 0.0390625
0 0.3115234375 0.7255859375 0.0234375 0.0439453125
0 0.287109375 0.748046875 0.0498046875 0.064453125
0 0.314453125 0.7568359375 0.0263671875 0.048828125
0 0.978515625 0.60546875 0.0390625 0.0673828125
0 0.947265625 0.619140625 0.0419921875 0.0498046875
0 0.54296875 0.720703125 0.048828125 0.0673828125
0 0.888671875 0.642578125 0.0625 0.0595703125
0 0.5654296875 0.7333984375 0.03125 0.0576171875
0 0.5966796875 0.7626953125 0.0361328125 0.0625
0 0.6220703125 0.7607421875 0.060546875 0.0888671875
0 0.6748046875 0.771484375 0.0810546875 0.1201171875
0 0.763671875 0.751953125 0.046875 0.0810546875
0 0.638671875 0.791015625 0.0498046875 0.068359375
0 0.7294921875 0.7744140625 0.0595703125 0.087890625
0 0.609375 0.8134765625 0.041015625 0.0546875
0 0.765625 0.7900390625 0.03125 0.0517578125
0 0.640625 0.841796875 0.056640625 0.09375
0 0.568359375 0.869140625 0.046875 0.078125
0 0.732421875 0.8447265625 0.0517578125 0.0751953125
0 0.689453125 0.8662109375 0.0576171875 0.083984375
0 0.650390625 0.8818359375 0.0751953125 0.109375
0 0.630859375 0.9189453125 0.0654296875 0.1015625