0 0.380859375 0.1806640625 0.0966796875 0.130859375
0 0.5263671875 0.251953125 0.0830078125 0.126953125
0 0.0556640625 0.283203125 0.111328125 0.201171875
0 0.474609375 0.2880859375 0.0751953125 0.1201171875
0 0.1083984375 0.341796875 0.1171875 0.166015625
0 0.3994140625 0.3525390625 0.0673828125 0.09375
0 0.0673828125 0.38671875 0.134765625 0.236328125
0 0.283203125 0.447265625 0.0888671875 0.126953125
0 0.4345703125 0.439453125 0.0625 0.076171875
0 0.3623046875 0.4541015625 0.115234375 0.201171875
0 0.0673828125 0.521484375 0.134765625 0.1923828125
0 0.548828125 0.521484375 0.0390625 0.1201171875
0 0.3095703125 0.541015625 0.1044921875 0.140625
0 0.419921875 0.5791015625 0.0546875 0.0966796875
0 0.380859375 0.599609375 0.0625 0.103515625
0 0.3017578125 0.62109375 0.068359375 0.109375
0 0.5361328125 0.638671875 0.0625 0.0966796875
0 0.439453125 0.666015625 0.044921875 0.0439453125
0 0.482421875 0.673828125 0.0673828125 0.0283203125
0 0.1318359375 0.0380859375 0.1640625 0.076171875
0 0.6669921875 0.0556640625 0.1376953125 0.111328125
0 0.748046875 0.650390625 0.0595703125 0.0751953125
0 0.544921875 0.740234375 0.0439453125 0.1015625
0 0.2431640625 0.775390625 0.166015625 0.1669921875
0 0.1650390625 0.794921875 0.142578125 0.0986328125
0 0.4892578125 0.791015625 0.15625 0.177734375
0 0.556640625 0.814453125 0.021484375 0.111328125
0 0.826171875 0.755859375 0.302734375 0.1328125