0 0.154296875 0.1025390625 0.041015625 0.037109375
0 0.080078125 0.134765625 0.044921875 0.0341796875
0 0.236328125 0.138671875 0.056640625 0.046875
0 0.126953125 0.16015625 0.0361328125 0.0517578125
0 0.263671875 0.1826171875 0.0390625 0.0390625
0 0.1591796875 0.2001953125 0.029296875 0.029296875
0 0.2587890625 0.23828125 0.03125 0.048828125
0 0.181640625 0.318359375 0.0517578125 0.0595703125
0 0.18359375 0.3701171875 0.041015625 0.0390625
0 0.1689453125 0.3984375 0.044921875 0.033203125
0 0.064453125 0.4326171875 0.0361328125 0.029296875
0 0.16015625 0.423828125 0.044921875 0.044921875
0 0.669921875 0.013671875 0.0625 0.0263671875
0 0.638671875 0.01171875 0.0205078125 0.0234375
0 0.8154296875 0.01171875 0.0498046875 0.0234375
0 0.728515625 0.0244140625 0.0341796875 0.048828125
0 0.89453125 0.015625 0.0576171875 0.03125
0 0.794921875 0.056640625 0.0576171875 0.091796875
0 0.7255859375 0.1064453125 0.072265625 0.0888671875
0 0.833984375 0.130859375 0.0341796875 0.064453125
0 0.8876953125 0.1396484375 0.048828125 0.0595703125
0 0.841796875 0.1640625 0.0390625 0.0546875
0 0.7353515625 0.19140625 0.0517578125 0.072265625
0 0.89453125 0.177734375 0.0439453125 0.0595703125
0 0.943359375 0.1953125 0.0390625 0.0595703125
0 0.908203125 0.224609375 0.0673828125 0.0732421875
0 0.75 0.2626953125 0.0390625 0.0390625
0 0.7197265625 0.267578125 0.03125 0.0390625
0 0.7763671875 0.259765625 0.0283203125 0.0390625
0 0.939453125 0.2509765625 0.0390625 0.0439453125
0 0.921875 0.271484375 0.046875 0.056640625
0 0.7353515625 0.294921875 0.0625 0.0283203125
0 0.88671875 0.3046875 0.0419921875 0.0703125
0 0.984375 0.314453125 0.0263671875 0.0703125
0 0.978515625 0.369140625 0.0390625 0.060546875
0 0.984375 0.4189453125 0.0263671875 0.0390625
0 0.9580078125 0.42578125 0.0263671875 0.0439453125
0 0.9599609375 0.4375 0.056640625 0.0205078125
0 0.0576171875 0.45703125 0.025390625 0.013671875
0 0.146484375 0.5263671875 0.0234375 0.0234375
0 0.498046875 0.544921875 0.015625 0.0263671875
0 0.71484375 0.744140625 0.169921875 0.5078125
0 0.876953125 0.91796875 0.2392578125 0.1591796875
0 0.81640625 0.5068359375 0.333984375 0.115234375