0 0.4150390625 0.0517578125 0.056640625 0.0888671875
0 0.4462890625 0.0810546875 0.033203125 0.052734375
0 0.439453125 0.1162109375 0.048828125 0.03125
0 0.1240234375 0.1533203125 0.060546875 0.080078125
0 0.279296875 0.166015625 0.0390625 0.0625
0 0.126953125 0.2314453125 0.033203125 0.0498046875
0 0.279296875 0.244140625 0.037109375 0.0673828125
0 0.013671875 0.2255859375 0.0263671875 0.0673828125
0 0.083984375 0.240234375 0.0283203125 0.0546875
0 0.3955078125 0.017578125 0.0703125 0.0341796875
0 0.330078125 0.013671875 0.048828125 0.0263671875
0 0.26953125 0.009765625 0.0361328125 0.0185546875
0 0.30078125 0.01171875 0.044921875 0.0234375
0 0.5732421875 0.033203125 0.083984375 0.0654296875
0 0.716796875 0.02734375 0.048828125 0.0546875
0 0.576171875 0.017578125 0.048828125 0.0341796875
0 0.486328125 0.0712890625 0.0341796875 0.0751953125
0 0.7470703125 0.1103515625 0.0751953125 0.0859375
0 0.5888671875 0.103515625 0.078125 0.119140625
0 0.484375 0.111328125 0.03125 0.076171875
0 0.533203125 0.185546875 0.056640625 0.0576171875
0 0.4775390625 0.2080078125 0.017578125 0.107421875
0 0.501953125 0.2431640625 0.0654296875 0.052734375
0 0.525390625 0.314453125 0.0517578125 0.060546875
0 0.576171875 0.357421875 0.0517578125 0.0703125
0 0.623046875 0.36328125 0.0654296875 0.115234375
0 0.5498046875 0.384765625 0.0673828125 0.0732421875
0 0.126953125 0.576171875 0.099609375 0.0654296875
0 0.0751953125 0.666015625 0.0595703125 0.0576171875
0 0.048828125 0.7412109375 0.0546875 0.0595703125
0 0.23828125 0.845703125 0.052734375 0.0419921875
0 0.197265625 0.8857421875 0.0908203125 0.0654296875
0 0.138671875 0.900390625 0.0361328125 0.037109375
0 0.26953125 0.9228515625 0.0673828125 0.0810546875
0 0.140625 0.93359375 0.041015625 0.03125
0 0.013671875 0.955078125 0.0263671875 0.0439453125
0 0.142578125 0.974609375 0.044921875 0.044921875
0 0.060546875 0.984375 0.048828125 0.0263671875
0 0.013671875 0.9892578125 0.02734375 0.013671875
0 0.9130859375 0.466796875 0.0390625 0.017578125
0 0.93359375 0.4794921875 0.041015625 0.041015625
0 0.9033203125 0.4921875 0.033203125 0.046875
0 0.736328125 0.486328125 0.0390625 0.0498046875
0 0.5048828125 0.4755859375 0.029296875 0.0341796875
0 0.5009765625 0.517578125 0.0263671875 0.0361328125
0 0.904296875 0.5634765625 0.029296875 0.0390625
0 0.517578125 0.53515625 0.0263671875 0.033203125
0 0.7001953125 0.5517578125 0.0341796875 0.0546875
0 0.728515625 0.57421875 0.048828125 0.0673828125
0 0.8857421875 0.591796875 0.0419921875 0.044921875
0 0.482421875 0.56640625 0.0263671875 0.060546875
0 0.9111328125 0.6064453125 0.029296875 0.0390625
0 0.701171875 0.603515625 0.0283203125 0.041015625
0 0.5205078125 0.5908203125 0.03125 0.037109375
0 0.7236328125 0.6103515625 0.0185546875 0.0234375
0 0.884765625 0.6337890625 0.044921875 0.0654296875
0 0.525390625 0.619140625 0.017578125 0.033203125
0 0.720703125 0.646484375 0.033203125 0.046875
0 0.8994140625 0.6728515625 0.0341796875 0.0517578125
0 0.732421875 0.677734375 0.0361328125 0.0517578125
0 0.541015625 0.6689453125 0.029296875 0.0546875
0 0.908203125 0.71875 0.0419921875 0.0439453125
0 0.7021484375 0.7197265625 0.0341796875 0.0439453125
0 0.5390625 0.7236328125 0.0341796875 0.046875
0 0.884765625 0.7548828125 0.029296875 0.0419921875
0 0.732421875 0.751953125 0.033203125 0.0576171875
0 0.701171875 0.76171875 0.0283203125 0.037109375
0 0.8974609375 0.806640625 0.0263671875 0.0419921875
0 0.7392578125 0.806640625 0.021484375 0.037109375
0 0.728515625 0.818359375 0.015625 0.025390625
0 0.708984375 0.822265625 0.0283203125 0.033203125
0 0.541015625 0.806640625 0.029296875 0.046875
0 0.4931640625 0.806640625 0.029296875 0.0361328125
0 0.87890625 0.837890625 0.037109375 0.0576171875
0 0.69140625 0.8349609375 0.037109375 0.0546875
0 0.5166015625 0.8232421875 0.0185546875 0.033203125
0 0.908203125 0.861328125 0.0263671875 0.041015625
0 0.7353515625 0.849609375 0.0234375 0.029296875
0 0.486328125 0.8427734375 0.029296875 0.0419921875
0 0.7119140625 0.8681640625 0.0234375 0.041015625
0 0.8857421875 0.912109375 0.0419921875 0.0498046875
0 0.693359375 0.900390625 0.0263671875 0.037109375
0 0.478515625 0.904296875 0.015625 0.025390625