0 0.4794921875 0.45703125 0.09375 0.134765625
0 0.3662109375 0.4697265625 0.205078125 0.169921875
0 0.15234375 0.4267578125 0.0732421875 0.0703125
0 0.0576171875 0.4365234375 0.1015625 0.0908203125
0 0.23046875 0.021484375 0.1015625 0.04296875
0 0.3173828125 0.169921875 0.412109375 0.33984375
0 0.384765625 0.171875 0.1171875 0.1142578125
0 0.017578125 0.1201171875 0.03515625 0.099609375
0 0.0576171875 0.16796875 0.115234375 0.134765625
0 0.12890625 0.201171875 0.072265625 0.0654296875
0 0.4912109375 0.2900390625 0.0703125 0.0654296875
0 0.4443359375 0.2802734375 0.0625 0.0703125
0 0.080078125 0.265625 0.16015625 0.1328125
0 0.28515625 0.3828125 0.09375 0.087890625
0 0.9609375 0.056640625 0.076171875 0.099609375
0 0.7431640625 0.037109375 0.080078125 0.07421875
0 0.71484375 0.044921875 0.083984375 0.0888671875
0 0.8232421875 0.095703125 0.09375 0.1201171875
0 0.984375 0.138671875 0.0263671875 0.072265625
0 0.595703125 0.158203125 0.1328125 0.1298828125
0 0.8837890625 0.28515625 0.099609375 0.1328125
0 0.7880859375 0.2763671875 0.1064453125 0.115234375
0 0.82421875 0.365234375 0.119140625 0.142578125
0 0.890625 0.3857421875 0.0595703125 0.0703125
0 0.900390625 0.4599609375 0.060546875 0.0517578125
0 0.94140625 0.470703125 0.056640625 0.0830078125
0 0.580078125 0.41796875 0.1015625 0.125
0 0.6689453125 0.46875 0.0830078125 0.1064453125
0 0.900390625 0.515625 0.0595703125 0.0703125
0 0.84375 0.5126953125 0.1015625 0.091796875
0 0.6220703125 0.513671875 0.119140625 0.1376953125
0 0.9443359375 0.5732421875 0.0576171875 0.0263671875
0 0.85546875 0.013671875 0.09375 0.02734375
0 0.904296875 0.64453125 0.0888671875 0.111328125
0 0.763671875 0.666015625 0.0595703125 0.0830078125
0 0.74609375 0.7177734375 0.03125 0.0654296875
0 0.7666015625 0.736328125 0.0361328125 0.056640625
0 0.7646484375 0.7724609375 0.0341796875 0.0546875
0 0.8056640625 0.845703125 0.0341796875 0.048828125
0 0.626953125 0.8544921875 0.064453125 0.09375