0 0.0361328125 0.091796875 0.072265625 0.177734375
0 0.314453125 0.181640625 0.1279296875 0.1376953125
0 0.16796875 0.2744140625 0.3359375 0.3857421875
0 0.3232421875 0.3779296875 0.1123046875 0.126953125
0 0.0537109375 0.453125 0.107421875 0.146484375
0 0.033203125 0.466796875 0.0654296875 0.177734375
0 0.994140625 0.0244140625 0.0078125 0.048828125
0 0.94140625 0.0205078125 0.060546875 0.041015625
0 0.91015625 0.0244140625 0.0654296875 0.048828125
0 0.98046875 0.0712890625 0.0341796875 0.107421875
0 0.4111328125 0.580078125 0.072265625 0.0439453125
0 0.5263671875 0.666015625 0.177734375 0.2158203125
0 0.34765625 0.6455078125 0.2236328125 0.1767578125
0 0.6005859375 0.697265625 0.0283203125 0.0966796875
0 0.4208984375 0.82421875 0.2998046875 0.326171875
0 0.203125 0.791015625 0.2001953125 0.1748046875
0 0.447265625 0.9404296875 0.080078125 0.0751953125
0 0.833984375 0.673828125 0.0595703125 0.0595703125
0 0.708984375 0.7294921875 0.1826171875 0.34375
0 0.9140625 0.7783203125 0.1123046875 0.1201171875
0 0.9423828125 0.8876953125 0.091796875 0.0966796875
0 0.763671875 0.912109375 0.28125 0.169921875
0 0.9111328125 0.6181640625 0.173828125 0.1201171875