0 0.177734375 0.3515625 0.0234375 0.03125
0 0.185546875 0.3935546875 0.0234375 0.033203125
0 0.263671875 0.0087890625 0.03125 0.017578125
0 0.099609375 0.0048828125 0.0263671875 0.009765625
0 0.060546875 0.0068359375 0.03125 0.013671875
0 0.1572265625 0.013671875 0.033203125 0.02734375
0 0.271484375 0.021484375 0.017578125 0.025390625
0 0.2529296875 0.0224609375 0.025390625 0.0205078125
0 0.1005859375 0.0234375 0.025390625 0.0419921875
0 0.13671875 0.025390625 0.0341796875 0.0361328125
0 0.251953125 0.0478515625 0.0361328125 0.0439453125
0 0.033203125 0.044921875 0.0234375 0.037109375
0 0.158203125 0.0517578125 0.041015625 0.044921875
0 0.0556640625 0.0556640625 0.0390625 0.046875
0 0.10546875 0.0576171875 0.0185546875 0.0341796875
0 0.119140625 0.0693359375 0.03125 0.033203125
0 0.2568359375 0.0791015625 0.0234375 0.033203125
0 0.2255859375 0.0927734375 0.029296875 0.037109375
0 0.1806640625 0.0986328125 0.033203125 0.048828125
0 0.01953125 0.0986328125 0.029296875 0.0625
0 0.2568359375 0.11328125 0.046875 0.0390625
0 0.1025390625 0.1181640625 0.0419921875 0.048828125
0 0.1689453125 0.125 0.0341796875 0.052734375
0 0.1416015625 0.1279296875 0.0234375 0.029296875
0 0.197265625 0.1318359375 0.0341796875 0.048828125
0 0.072265625 0.140625 0.0439453125 0.0517578125
0 0.2568359375 0.150390625 0.029296875 0.037109375
0 0.14453125 0.1572265625 0.025390625 0.041015625
0 0.1123046875 0.1591796875 0.0283203125 0.0361328125
0 0.21875 0.166015625 0.029296875 0.037109375
0 0.0986328125 0.185546875 0.0283203125 0.03125
0 0.1279296875 0.1923828125 0.0263671875 0.033203125
0 0.201171875 0.197265625 0.033203125 0.0439453125
0 0.1142578125 0.2080078125 0.0263671875 0.029296875
0 0.171875 0.21875 0.0361328125 0.048828125
0 0.146484375 0.216796875 0.029296875 0.044921875
0 0.0986328125 0.2177734375 0.0234375 0.033203125
0 0.2412109375 0.2724609375 0.03125 0.044921875
0 0.2119140625 0.279296875 0.033203125 0.044921875
0 0.25390625 0.3134765625 0.03125 0.0390625
0 0.23828125 0.322265625 0.029296875 0.0390625
0 0.9453125 0.017578125 0.06640625 0.03515625
0 0.869140625 0.025390625 0.0517578125 0.046875
0 0.927734375 0.060546875 0.076171875 0.076171875
0 0.810546875 0.056640625 0.064453125 0.060546875
0 0.9794921875 0.080078125 0.0361328125 0.0888671875
0 0.7783203125 0.1220703125 0.060546875 0.056640625
0 0.89453125 0.140625 0.130859375 0.109375
0 0.9453125 0.1884765625 0.107421875 0.111328125
0 0.6708984375 0.1845703125 0.0732421875 0.060546875
0 0.775390625 0.1962890625 0.046875 0.0517578125
0 0.8564453125 0.2275390625 0.126953125 0.1123046875
0 0.958984375 0.2431640625 0.076171875 0.125
0 0.6376953125 0.2900390625 0.052734375 0.0517578125
0 0.767578125 0.310546875 0.0390625 0.044921875
0 0.876953125 0.3505859375 0.171875 0.154296875
0 0.740234375 0.419921875 0.056640625 0.060546875
0 0.9375 0.423828125 0.1201171875 0.0673828125
0 0.841796875 0.439453125 0.0625 0.0361328125
0 0.298828125 0.626953125 0.052734375 0.048828125
0 0.39453125 0.6787109375 0.0732421875 0.064453125
0 0.1396484375 0.67578125 0.064453125 0.0546875
0 0.0693359375 0.68359375 0.0673828125 0.0830078125
0 0.412109375 0.724609375 0.107421875 0.0751953125
0 0.017578125 0.72265625 0.03515625 0.09765625
0 0.4755859375 0.76171875 0.0439453125 0.1015625
0 0.4384765625 0.7705078125 0.1123046875 0.083984375
0 0.271484375 0.7841796875 0.111328125 0.078125
0 0.0224609375 0.78515625 0.044921875 0.0654296875
0 0.416015625 0.814453125 0.0595703125 0.0703125
0 0.279296875 0.8251953125 0.064453125 0.0595703125
0 0.326171875 0.8408203125 0.056640625 0.056640625
0 0.482421875 0.85546875 0.029296875 0.0625
0 0.0361328125 0.8525390625 0.072265625 0.0703125
0 0.1298828125 0.8779296875 0.0810546875 0.0498046875
0 0.232421875 0.958984375 0.046875 0.048828125
0 0.150390625 0.955078125 0.0859375 0.060546875
0 0.3212890625 0.9736328125 0.083984375 0.048828125
0 0.216796875 0.482421875 0.091796875 0.048828125
0 0.3798828125 0.490234375 0.0830078125 0.0625
0 0.0205078125 0.49609375 0.041015625 0.0751953125
0 0.4248046875 0.5224609375 0.072265625 0.068359375
0 0.126953125 0.509765625 0.060546875 0.0341796875
0 0.0703125 0.55078125 0.0986328125 0.068359375
0 0.23828125 0.5654296875 0.0732421875 0.064453125
0 0.3408203125 0.5712890625 0.1875 0.162109375
0 0.416015625 0.5810546875 0.064453125 0.060546875
0 0.017578125 0.587890625 0.0341796875 0.0751953125
0 0.1552734375 0.5986328125 0.0703125 0.0576171875
0 0.224609375 0.603515625 0.056640625 0.048828125
0 0.73828125 0.5791015625 0.068359375 0.0673828125
0 0.986328125 0.603515625 0.021484375 0.052734375
0 0.7197265625 0.6103515625 0.0625 0.060546875
0 0.9736328125 0.642578125 0.048828125 0.0595703125
0 0.740234375 0.640625 0.0546875 0.060546875
0 0.685546875 0.67578125 0.048828125 0.0439453125
0 0.802734375 0.69140625 0.0673828125 0.072265625
0 0.9130859375 0.7021484375 0.0625 0.0498046875
0 0.7021484375 0.7314453125 0.0546875 0.0595703125
0 0.748046875 0.7919921875 0.048828125 0.0419921875
0 0.958984375 0.8056640625 0.0576171875 0.068359375
0 0.5107421875 0.806640625 0.021484375 0.0595703125
0 0.6630859375 0.814453125 0.052734375 0.048828125
0 0.7109375 0.8369140625 0.056640625 0.0595703125
0 0.51171875 0.84375 0.025390625 0.025390625
0 0.951171875 0.869140625 0.0654296875 0.0810546875
0 0.724609375 0.859375 0.041015625 0.044921875
0 0.822265625 0.8681640625 0.0576171875 0.068359375
0 0.5107421875 0.8662109375 0.021484375 0.044921875
0 0.662109375 0.8974609375 0.072265625 0.064453125
0 0.5068359375 0.90625 0.013671875 0.052734375
0 0.7939453125 0.9208984375 0.048828125 0.048828125
0 0.982421875 0.927734375 0.029296875 0.048828125
0 0.943359375 0.9404296875 0.0390625 0.0546875
0 0.5361328125 0.935546875 0.0390625 0.044921875
0 0.978515625 0.9638671875 0.0390625 0.052734375
0 0.685546875 0.95703125 0.076171875 0.0830078125
0 0.888671875 0.970703125 0.0439453125 0.052734375
0 0.916015625 0.978515625 0.052734375 0.0390625
0 0.86328125 0.974609375 0.0625 0.044921875
0 0.7763671875 0.9775390625 0.0625 0.041015625
0 0.716796875 0.9892578125 0.044921875 0.017578125
0 0.62890625 0.990234375 0.056640625 0.013671875