0 0.9140625 0.0615234375 0.078125 0.095703125
0 0.7998046875 0.111328125 0.1044921875 0.126953125
0 0.802734375 0.197265625 0.078125 0.0888671875
0 0.8095703125 0.2548828125 0.0859375 0.0908203125
0 0.7314453125 0.3095703125 0.0986328125 0.1044921875
0 0.607421875 0.3125 0.0986328125 0.1201171875
0 0.73046875 0.392578125 0.1142578125 0.103515625
0 0.62109375 0.4228515625 0.0830078125 0.1015625
0 0.6923828125 0.46875 0.173828125 0.134765625
0 0.85546875 0.505859375 0.0966796875 0.0595703125
0 0.595703125 0.4755859375 0.0751953125 0.1201171875
0 0.794921875 0.513671875 0.1064453125 0.0439453125
0 0.390625 0.8447265625 0.056640625 0.060546875
0 0.173828125 0.802734375 0.34765625 0.38671875
0 0.015625 0.857421875 0.03125 0.146484375
0 0.462890625 0.9423828125 0.107421875 0.111328125
0 0.109375 0.5576171875 0.0517578125 0.0390625
0 0.33203125 0.595703125 0.1201171875 0.1142578125
0 0.5283203125 0.634765625 0.056640625 0.0625
0 0.193359375 0.6220703125 0.0732421875 0.0703125
0 0.4755859375 0.7138671875 0.1591796875 0.2705078125
0 0.033203125 0.642578125 0.0654296875 0.173828125
0 0.98046875 0.978515625 0.0341796875 0.0390625
0 0.5732421875 0.96484375 0.03125 0.0654296875
0 0.658203125 0.94921875 0.15625 0.0966796875
0 0.8486328125 0.986328125 0.091796875 0.021484375