0 0.029296875 0.0732421875 0.05859375 0.146484375
0 0.1484375 0.2265625 0.142578125 0.1591796875
0 0.060546875 0.294921875 0.1201171875 0.1640625
0 0.1650390625 0.349609375 0.208984375 0.2109375
0 0.03125 0.423828125 0.0625 0.1591796875
0 0.1025390625 0.5 0.205078125 0.212890625
0 0.2646484375 0.517578125 0.166015625 0.169921875
0 0.2060546875 0.630859375 0.1826171875 0.185546875
0 0.3369140625 0.6376953125 0.138671875 0.1455078125
0 0.505859375 0.1669921875 0.0126953125 0.0703125
0 0.7529296875 0.0947265625 0.0205078125 0.0361328125
0 0.69921875 0.123046875 0.0390625 0.048828125
0 0.541015625 0.185546875 0.0439453125 0.064453125
0 0.919921875 0.087890625 0.0263671875 0.0439453125
0 0.927734375 0.0849609375 0.0341796875 0.0517578125
0 0.75 0.150390625 0.0341796875 0.044921875
0 0.537109375 0.220703125 0.041015625 0.0439453125
0 0.744140625 0.1669921875 0.03125 0.0498046875
0 0.87109375 0.130859375 0.0498046875 0.078125
0 0.8896484375 0.130859375 0.0390625 0.0517578125
0 0.515625 0.267578125 0.03125 0.0576171875
0 0.55078125 0.2529296875 0.0439453125 0.048828125
0 0.73046875 0.2119140625 0.0341796875 0.048828125
0 0.9541015625 0.1474609375 0.0283203125 0.041015625
0 0.685546875 0.2353515625 0.0283203125 0.0390625
0 0.7529296875 0.228515625 0.0263671875 0.03125
0 0.701171875 0.25 0.0390625 0.048828125
0 0.900390625 0.1875 0.0419921875 0.052734375
0 0.55078125 0.3212890625 0.0439453125 0.046875
0 0.5224609375 0.375 0.03125 0.0341796875
0 0.939453125 0.248046875 0.0439453125 0.0546875
0 0.712890625 0.322265625 0.03125 0.046875
0 0.5419921875 0.3994140625 0.0361328125 0.0390625
0 0.7236328125 0.3681640625 0.0283203125 0.0390625
0 0.7421875 0.3798828125 0.0283203125 0.0341796875
0 0.587890625 0.4287109375 0.0361328125 0.0654296875
0 0.923828125 0.322265625 0.0390625 0.0576171875
0 0.9560546875 0.3310546875 0.0517578125 0.0703125
0 0.708984375 0.42578125 0.046875 0.064453125
0 0.939453125 0.3681640625 0.0341796875 0.0439453125
0 0.76171875 0.4267578125 0.0341796875 0.041015625
0 0.958984375 0.3662109375 0.0205078125 0.0263671875
0 0.587890625 0.4892578125 0.03125 0.041015625
0 0.771484375 0.4541015625 0.0185546875 0.033203125
0 0.576171875 0.5224609375 0.033203125 0.0361328125
0 0.9677734375 0.400390625 0.0361328125 0.0517578125
0 0.591796875 0.55078125 0.0390625 0.048828125
0 0.982421875 0.42578125 0.03125 0.0576171875
0 0.80078125 0.494140625 0.0341796875 0.056640625
0 0.970703125 0.4755859375 0.0361328125 0.048828125
0 0.8125 0.544921875 0.0390625 0.0517578125
0 0.9931640625 0.494140625 0.009765625 0.060546875
0 0.9794921875 0.513671875 0.03125 0.0390625
0 0.591796875 0.638671875 0.0283203125 0.0390625
0 0.576171875 0.6630859375 0.0341796875 0.046875
0 0.9912109375 0.5673828125 0.0126953125 0.0390625
0 0.8388671875 0.6201171875 0.0341796875 0.046875
0 0.791015625 0.638671875 0.03125 0.0361328125
0 0.599609375 0.697265625 0.0185546875 0.025390625
0 0.623046875 0.6982421875 0.0283203125 0.044921875
0 0.982421875 0.5869140625 0.029296875 0.0625
0 0.818359375 0.646484375 0.021484375 0.033203125
0 0.79296875 0.6767578125 0.0341796875 0.044921875
0 0.6142578125 0.734375 0.041015625 0.0517578125
0 0.802734375 0.7333984375 0.0185546875 0.025390625
0 0.6533203125 0.017578125 0.041015625 0.03515625
0 0.6806640625 0.029296875 0.048828125 0.0576171875
0 0.9033203125 0.009765625 0.0341796875 0.0185546875
0 0.8681640625 0.0224609375 0.0576171875 0.044921875
0 0.708984375 0.064453125 0.0390625 0.0576171875
0 0.91015625 0.01953125 0.041015625 0.0390625
0 0.857421875 0.033203125 0.0390625 0.048828125
0 0.359375 0.9169921875 0.2763671875 0.1611328125
0 0.189453125 0.947265625 0.2939453125 0.1015625
0 0.1181640625 0.86328125 0.236328125 0.1689453125
0 0.2763671875 0.8388671875 0.2939453125 0.1201171875
0 0.541015625 0.802734375 0.0576171875 0.048828125
0 0.74609375 0.7861328125 0.0361328125 0.013671875
0 0.787109375 0.8056640625 0.0517578125 0.052734375
0 0.9267578125 0.783203125 0.041015625 0.009765625
0 0.94921875 0.8076171875 0.0625 0.0576171875
0 0.56640625 0.919921875 0.046875 0.0654296875
0 0.779296875 0.8623046875 0.0546875 0.072265625
0 0.9775390625 0.830078125 0.041015625 0.0576171875
0 0.5927734375 0.958984375 0.0419921875 0.068359375
0 0.95703125 0.8515625 0.0498046875 0.068359375
0 0.8056640625 0.9287109375 0.0390625 0.0419921875
0 0.7998046875 0.962890625 0.0341796875 0.041015625