0 0.326171875 0.021484375 0.0283203125 0.041015625
0 0.43359375 0.056640625 0.03125 0.048828125
0 0.123046875 0.00390625 0.0263671875 0.0078125
0 0.0732421875 0.0048828125 0.041015625 0.009765625
0 0.265625 0.0302734375 0.0419921875 0.052734375
0 0.4482421875 0.08984375 0.0361328125 0.056640625
0 0.455078125 0.111328125 0.025390625 0.068359375
0 0.4287109375 0.134765625 0.0361328125 0.046875
0 0.267578125 0.107421875 0.0439453125 0.052734375
0 0.046875 0.056640625 0.03125 0.046875
0 0.03125 0.1025390625 0.0283203125 0.037109375
0 0.4150390625 0.205078125 0.03125 0.041015625
0 0.04296875 0.1240234375 0.0283203125 0.033203125
0 0.2177734375 0.166015625 0.0419921875 0.056640625
0 0.23828125 0.1904296875 0.0546875 0.0703125
0 0.388671875 0.23046875 0.0439453125 0.048828125
0 0.0087890625 0.150390625 0.017578125 0.0654296875
0 0.4111328125 0.2470703125 0.0341796875 0.0419921875
0 0.208984375 0.2158203125 0.033203125 0.0419921875
0 0.0361328125 0.1787109375 0.0341796875 0.041015625
0 0.2265625 0.2265625 0.0205078125 0.025390625
0 0.3779296875 0.2685546875 0.0498046875 0.0673828125
0 0.029296875 0.208984375 0.021484375 0.033203125
0 0.21484375 0.2626953125 0.0361328125 0.0498046875
0 0.384765625 0.3134765625 0.0390625 0.0546875
0 0.220703125 0.2939453125 0.0419921875 0.0546875
0 0.0361328125 0.259765625 0.0341796875 0.0546875
0 0.3798828125 0.3564453125 0.0439453125 0.044921875
0 0.1787109375 0.3310546875 0.0361328125 0.046875
0 0.021484375 0.3134765625 0.0390625 0.0498046875
0 0.3486328125 0.3916015625 0.0341796875 0.0419921875
0 0.2021484375 0.3671875 0.0390625 0.0576171875
0 0.169921875 0.3720703125 0.03125 0.037109375
0 0.349609375 0.4453125 0.03125 0.044921875
0 0.1962890625 0.4208984375 0.025390625 0.0390625
0 0.1845703125 0.4306640625 0.017578125 0.025390625
0 0.162109375 0.43359375 0.03125 0.0361328125
0 0.009765625 0.396484375 0.0185546875 0.0498046875
0 0.326171875 0.474609375 0.041015625 0.0595703125
0 0.142578125 0.4443359375 0.0419921875 0.0576171875
0 0.345703125 0.498046875 0.0283203125 0.041015625
0 0.181640625 0.4658203125 0.025390625 0.033203125
0 0.154296875 0.48046875 0.029296875 0.0419921875
0 0.3125 0.52734375 0.048828125 0.017578125
0 0.1298828125 0.509765625 0.0283203125 0.041015625
0 0.8017578125 0.044921875 0.0498046875 0.044921875
0 0.7978515625 0.0810546875 0.048828125 0.0439453125
0 0.7373046875 0.1357421875 0.060546875 0.0654296875
0 0.595703125 0.126953125 0.0625 0.072265625
0 0.818359375 0.2080078125 0.0595703125 0.068359375
0 0.912109375 0.2373046875 0.166015625 0.1826171875
0 0.6455078125 0.220703125 0.0595703125 0.052734375
0 0.8076171875 0.263671875 0.0576171875 0.056640625
0 0.814453125 0.2744140625 0.0576171875 0.0576171875
0 0.697265625 0.2529296875 0.0810546875 0.078125
0 0.837890625 0.3212890625 0.0830078125 0.0810546875
0 0.984375 0.37890625 0.0263671875 0.0654296875
0 0.900390625 0.435546875 0.056640625 0.0546875
0 0.48828125 0.345703125 0.0390625 0.064453125
0 0.97265625 0.4638671875 0.0517578125 0.087890625
0 0.73046875 0.416015625 0.0810546875 0.078125
0 0.9248046875 0.46484375 0.0341796875 0.041015625
0 0.9375 0.4794921875 0.0595703125 0.060546875
0 0.568359375 0.39453125 0.125 0.1201171875
0 0.7900390625 0.447265625 0.046875 0.0498046875
0 0.83984375 0.4755859375 0.0498046875 0.0439453125
0 0.91015625 0.49609375 0.060546875 0.0517578125
0 0.6435546875 0.4404296875 0.0859375 0.078125
0 0.142578125 0.7978515625 0.0546875 0.0673828125
0 0.451171875 0.8837890625 0.029296875 0.0654296875
0 0.158203125 0.8203125 0.037109375 0.0595703125
0 0.1728515625 0.8642578125 0.041015625 0.064453125
0 0.1904296875 0.8740234375 0.0703125 0.0888671875
0 0.2333984375 0.9091796875 0.09375 0.1220703125
0 0.3154296875 0.9267578125 0.0546875 0.080078125
0 0.193359375 0.9072265625 0.056640625 0.0703125
0 0.279296875 0.9326171875 0.0673828125 0.087890625
0 0.16015625 0.916015625 0.046875 0.0546875
0 0.3037109375 0.9658203125 0.0361328125 0.0517578125
0 0.17578125 0.955078125 0.0673828125 0.087890625
0 0.1015625 0.951171875 0.0546875 0.080078125
0 0.25 0.982421875 0.0576171875 0.03125
0 0.205078125 0.9794921875 0.0673828125 0.0361328125
0 0.1669921875 0.970703125 0.0888671875 0.052734375
0 0.1318359375 0.986328125 0.076171875 0.021484375
0 0.873046875 0.5576171875 0.0703125 0.0390625
0 0.8857421875 0.568359375 0.046875 0.0498046875
0 0.72265625 0.5537109375 0.044921875 0.03125
0 0.517578125 0.544921875 0.041015625 0.0126953125
0 0.990234375 0.6611328125 0.013671875 0.0439453125
0 0.666015625 0.59765625 0.064453125 0.0654296875
0 0.515625 0.5927734375 0.0419921875 0.0625
0 0.6826171875 0.658203125 0.0625 0.083984375
0 0.482421875 0.623046875 0.029296875 0.0361328125
0 0.8369140625 0.71875 0.0439453125 0.0625
0 0.986328125 0.7744140625 0.021484375 0.0439453125
0 0.5 0.669921875 0.048828125 0.0595703125
0 0.8056640625 0.7412109375 0.044921875 0.068359375
0 0.6298828125 0.7099609375 0.0390625 0.0439453125
0 0.9912109375 0.80859375 0.0126953125 0.0654296875
0 0.6328125 0.75 0.064453125 0.078125
0 0.4794921875 0.724609375 0.021484375 0.0751953125
0 0.978515625 0.86328125 0.0390625 0.0830078125
0 0.64453125 0.798828125 0.052734375 0.0546875
0 0.611328125 0.806640625 0.0498046875 0.0703125
0 0.9775390625 0.904296875 0.041015625 0.0498046875
0 0.9892578125 0.927734375 0.017578125 0.052734375