0 0.455078125 0.07421875 0.240234375 0.1484375
0 0.47265625 0.1474609375 0.228515625 0.2626953125
0 0.2236328125 0.189453125 0.447265625 0.376953125
0 0.375 0.291015625 0.423828125 0.173828125
0 0.7509765625 0.048828125 0.326171875 0.09765625
0 0.7333984375 0.111328125 0.115234375 0.1171875
0 0.91796875 0.107421875 0.15625 0.21484375
0 0.70703125 0.267578125 0.236328125 0.21875
0 0.9443359375 0.3017578125 0.1064453125 0.1279296875
0 0.40625 0.6298828125 0.0234375 0.0419921875
0 0.5048828125 0.6318359375 0.052734375 0.0576171875
0 0.431640625 0.6484375 0.0419921875 0.080078125
0 0.58203125 0.658203125 0.009765625 0.056640625
0 0.4599609375 0.697265625 0.0498046875 0.091796875
0 0.56640625 0.6962890625 0.041015625 0.083984375
0 0.4794921875 0.76171875 0.03125 0.0576171875
0 0.580078125 0.748046875 0.0126953125 0.0703125
0 0.4794921875 0.7978515625 0.0517578125 0.072265625
0 0.521484375 0.791015625 0.0546875 0.0751953125
0 0.5595703125 0.7958984375 0.046875 0.0732421875
0 0.564453125 0.86328125 0.044921875 0.1015625
0 0.5146484375 0.908203125 0.0498046875 0.0810546875
0 0.6982421875 0.4013671875 0.0703125 0.0439453125
0 0.6875 0.421875 0.064453125 0.0654296875
0 0.951171875 0.400390625 0.0576171875 0.041015625
0 0.716796875 0.4443359375 0.052734375 0.0625
0 0.66796875 0.490234375 0.048828125 0.046875
0 0.7900390625 0.4755859375 0.0654296875 0.072265625
0 0.904296875 0.4619140625 0.0625 0.052734375
0 0.697265625 0.541015625 0.052734375 0.0625
0 0.759765625 0.5859375 0.048828125 0.0419921875
0 0.970703125 0.548828125 0.052734375 0.072265625
0 0.6826171875 0.6279296875 0.0517578125 0.0498046875
0 0.732421875 0.6376953125 0.056640625 0.0595703125
0 0.97265625 0.609375 0.0517578125 0.083984375
0 0.7509765625 0.65625 0.041015625 0.048828125
0 0.84765625 0.6396484375 0.056640625 0.068359375
0 0.697265625 0.70703125 0.0732421875 0.068359375
0 0.8349609375 0.693359375 0.0498046875 0.0517578125
0 0.982421875 0.677734375 0.029296875 0.0576171875
0 0.595703125 0.7724609375 0.0126953125 0.0517578125
0 0.736328125 0.7587890625 0.0732421875 0.0888671875
0 0.943359375 0.72265625 0.041015625 0.056640625
0 0.9736328125 0.732421875 0.052734375 0.0654296875
0 0.919921875 0.7451171875 0.060546875 0.076171875
0 0.833984375 0.767578125 0.064453125 0.0703125
0 0.779296875 0.7939453125 0.0439453125 0.0439453125
0 0.69140625 0.822265625 0.056640625 0.0576171875
0 0.7041015625 0.828125 0.0419921875 0.037109375
0 0.7900390625 0.8388671875 0.0751953125 0.0732421875
0 0.703125 0.869140625 0.0498046875 0.0517578125
0 0.9775390625 0.81640625 0.041015625 0.060546875
0 0.6044921875 0.8955078125 0.03125 0.060546875
0 0.9755859375 0.8408203125 0.048828125 0.0517578125
0 0.7431640625 0.912109375 0.0576171875 0.0546875
0 0.646484375 0.935546875 0.060546875 0.0751953125
0 0.724609375 0.9326171875 0.0595703125 0.0625
0 0.9931640625 0.876953125 0.009765625 0.0625
0 0.814453125 0.9677734375 0.0517578125 0.0625
0 0.703125 0.98046875 0.044921875 0.0341796875
0 0.654296875 0.986328125 0.0625 0.021484375
0 0.7412109375 0.98828125 0.0517578125 0.0205078125