0 0.0751953125 0.0849609375 0.068359375 0.0703125
0 0.2265625 0.0908203125 0.111328125 0.1044921875
0 0.3857421875 0.23046875 0.181640625 0.388671875
0 0.158203125 0.30859375 0.2138671875 0.232421875
0 0.361328125 0.3486328125 0.2314453125 0.154296875
0 0.818359375 0.1611328125 0.0498046875 0.0810546875
0 0.5146484375 0.244140625 0.0595703125 0.0703125
0 0.6669921875 0.236328125 0.056640625 0.064453125
0 0.494140625 0.263671875 0.03125 0.048828125
0 0.658203125 0.283203125 0.0419921875 0.056640625
0 0.724609375 0.2861328125 0.046875 0.0703125
0 0.6552734375 0.31640625 0.0419921875 0.0673828125
0 0.703125 0.35546875 0.0595703125 0.0810546875
0 0.63671875 0.373046875 0.0576171875 0.076171875
0 0.716796875 0.3896484375 0.0390625 0.0498046875
0 0.724609375 0.4130859375 0.0517578125 0.025390625
0 0.185546875 0.552734375 0.037109375 0.0361328125
0 0.0341796875 0.599609375 0.03125 0.0361328125
0 0.0244140625 0.63671875 0.048828125 0.048828125
0 0.10546875 0.6396484375 0.048828125 0.0439453125
0 0.158203125 0.6435546875 0.056640625 0.046875
0 0.2734375 0.6455078125 0.0439453125 0.0361328125
0 0.0224609375 0.666015625 0.044921875 0.0390625
0 0.099609375 0.6708984375 0.044921875 0.0439453125
0 0.2685546875 0.673828125 0.033203125 0.0341796875
0 0.3037109375 0.7109375 0.041015625 0.046875
0 0.236328125 0.7236328125 0.0654296875 0.0517578125
0 0.1630859375 0.7353515625 0.048828125 0.037109375
0 0.4306640625 0.720703125 0.0439453125 0.0419921875
0 0.2724609375 0.748046875 0.0390625 0.03125
0 0.2265625 0.767578125 0.0595703125 0.0595703125
0 0.373046875 0.767578125 0.03125 0.0341796875
0 0.470703125 0.8642578125 0.009765625 0.03125
0 0.37109375 0.8779296875 0.0546875 0.041015625
0 0.4365234375 0.8779296875 0.0234375 0.025390625
0 0.263671875 0.978515625 0.0439453125 0.0390625
0 0.0537109375 0.986328125 0.056640625 0.021484375
0 0.4638671875 0.490234375 0.025390625 0.0390625
0 0.0537109375 0.5390625 0.0361328125 0.0361328125
0 0.767578125 0.7373046875 0.0361328125 0.0419921875
0 0.740234375 0.7421875 0.0341796875 0.0517578125
0 0.6806640625 0.7490234375 0.0283203125 0.0419921875
0 0.76953125 0.7626953125 0.015625 0.0234375
0 0.7744140625 0.7734375 0.015625 0.021484375
0 0.662109375 0.78125 0.078125 0.0732421875
0 0.802734375 0.783203125 0.029296875 0.0419921875
0 0.7333984375 0.7890625 0.015625 0.029296875
0 0.7080078125 0.7919921875 0.03125 0.03125
0 0.689453125 0.802734375 0.0234375 0.0419921875
0 0.666015625 0.822265625 0.048828125 0.0625
0 0.7841796875 0.8154296875 0.0390625 0.03125
0 0.83984375 0.81640625 0.0361328125 0.037109375
0 0.802734375 0.8203125 0.0341796875 0.044921875
0 0.701171875 0.8359375 0.0439453125 0.0419921875
0 0.748046875 0.85546875 0.041015625 0.046875
0 0.779296875 0.8564453125 0.0439453125 0.044921875