0 0.212890625 0.0927734375 0.044921875 0.060546875
0 0.326171875 0.11328125 0.0361328125 0.064453125
0 0.23828125 0.228515625 0.0830078125 0.1357421875
0 0.099609375 0.2734375 0.056640625 0.0810546875
0 0.087890625 0.326171875 0.0263671875 0.0654296875
0 0.1103515625 0.34375 0.033203125 0.052734375
0 0.1123046875 0.37890625 0.033203125 0.056640625
0 0.158203125 0.447265625 0.033203125 0.048828125
0 0.0068359375 0.466796875 0.013671875 0.0986328125
0 0.390625 0.0048828125 0.0361328125 0.009765625
0 0.2470703125 0.01171875 0.0439453125 0.0234375
0 0.705078125 0.2099609375 0.271484375 0.228515625
0 0.9580078125 0.267578125 0.080078125 0.2861328125
0 0.9287109375 0.29296875 0.0751953125 0.056640625
0 0.7529296875 0.3154296875 0.0830078125 0.044921875
0 0.8994140625 0.3564453125 0.197265625 0.1591796875
0 0.654296875 0.337890625 0.1123046875 0.109375
0 0.94921875 0.400390625 0.052734375 0.060546875
0 0.6298828125 0.080078125 0.322265625 0.1591796875
0 0.7939453125 0.158203125 0.404296875 0.31640625
0 0.599609375 0.130859375 0.1220703125 0.1171875
0 0.03125 0.720703125 0.0625 0.3828125
0 0.125 0.740234375 0.25 0.423828125
0 0.310546875 0.7607421875 0.2548828125 0.4638671875
0 0.4169921875 0.763671875 0.0986328125 0.46875
0 0.486328125 0.533203125 0.021484375 0.009765625
0 0.7578125 0.642578125 0.0498046875 0.0546875
0 0.669921875 0.744140625 0.0185546875 0.0263671875