0 0.44140625 0.0517578125 0.0517578125 0.103515625
0 0.3017578125 0.1357421875 0.2392578125 0.271484375
0 0.4169921875 0.27734375 0.0986328125 0.166015625
0 0.1630859375 0.248046875 0.326171875 0.419921875
0 0.046875 0.373046875 0.09375 0.25
0 0.326171875 0.423828125 0.142578125 0.146484375
0 0.1005859375 0.4267578125 0.1689453125 0.142578125
0 0.203125 0.46875 0.0986328125 0.0576171875
0 0.08203125 0.4755859375 0.1201171875 0.0439453125
0 0.923828125 0.017578125 0.0439453125 0.0341796875
0 0.7265625 0.017578125 0.0546875 0.03515625
0 0.76171875 0.0224609375 0.052734375 0.044921875
0 0.80859375 0.103515625 0.0546875 0.078125
0 0.720703125 0.203125 0.0576171875 0.083984375
0 0.76953125 0.2626953125 0.0625 0.087890625
0 0.9892578125 0.2919921875 0.017578125 0.0751953125
0 0.951171875 0.2939453125 0.044921875 0.0732421875
0 0.8818359375 0.3525390625 0.0576171875 0.080078125
0 0.9892578125 0.376953125 0.017578125 0.072265625
0 0.966796875 0.375 0.060546875 0.0830078125
0 0.84375 0.462890625 0.0439453125 0.0703125
0 0.58984375 0.484375 0.0703125 0.0263671875
0 0.265625 0.748046875 0.4013671875 0.498046875
0 0.16015625 0.837890625 0.1279296875 0.1279296875
0 0.0986328125 0.859375 0.091796875 0.080078125
0 0.923828125 0.595703125 0.150390625 0.1923828125
0 0.732421875 0.748046875 0.529296875 0.498046875