0 0.228515625 0.11328125 0.1484375 0.115234375
0 0.0419921875 0.1943359375 0.083984375 0.1298828125
0 0.3779296875 0.017578125 0.103515625 0.03515625
0 0.07421875 0.0517578125 0.1484375 0.103515625
0 0.7666015625 0.3720703125 0.03125 0.033203125
0 0.8525390625 0.0068359375 0.0361328125 0.013671875
0 0.955078125 0.0283203125 0.078125 0.0283203125
0 0.8115234375 0.052734375 0.0283203125 0.0234375
0 0.7939453125 0.076171875 0.0439453125 0.0185546875
0 0.8408203125 0.1591796875 0.033203125 0.025390625
0 0.978515625 0.2236328125 0.0390625 0.0283203125
0 0.9462890625 0.228515625 0.046875 0.025390625
0 0.939453125 0.240234375 0.029296875 0.0185546875
0 0.984375 0.2451171875 0.0263671875 0.0234375
0 0.833984375 0.267578125 0.0341796875 0.025390625
0 0.9931640625 0.2705078125 0.009765625 0.03125
0 0.69140625 0.298828125 0.044921875 0.033203125
0 0.97265625 0.28515625 0.0517578125 0.0361328125
0 0.69140625 0.3076171875 0.0419921875 0.0341796875
0 0.685546875 0.326171875 0.0361328125 0.041015625
0 0.6357421875 0.529296875 0.03125 0.0595703125
0 0.3935546875 0.54296875 0.0283203125 0.046875
0 0.568359375 0.541015625 0.0361328125 0.044921875
0 0.5986328125 0.541015625 0.0283203125 0.0546875
0 0.4111328125 0.57421875 0.0390625 0.0625
0 0.0947265625 0.62109375 0.126953125 0.169921875
0 0.5576171875 0.6015625 0.0390625 0.0751953125
0 0.466796875 0.681640625 0.0830078125 0.130859375
0 0.517578125 0.8115234375 0.0703125 0.1376953125
0 0.64453125 0.8056640625 0.0439453125 0.1201171875
0 0.53515625 0.96875 0.041015625 0.0576171875
0 0.33984375 0.521484375 0.03125 0.0439453125
0 0.861328125 0.564453125 0.125 0.1279296875
0 0.888671875 0.6923828125 0.0888671875 0.1298828125
0 0.7919921875 0.7578125 0.15625 0.154296875
0 0.966796875 0.884765625 0.060546875 0.138671875
0 0.873046875 0.923828125 0.142578125 0.1279296875
0 0.947265625 0.9599609375 0.1015625 0.0751953125
0 0.765625 0.53515625 0.1279296875 0.0703125