0 0.451171875 0.177734375 0.0625 0.0908203125
0 0.439453125 0.2451171875 0.0673828125 0.072265625
0 0.3359375 0.2666015625 0.0625 0.0810546875
0 0.2392578125 0.353515625 0.044921875 0.0859375
0 0.2607421875 0.373046875 0.0654296875 0.044921875
0 0.291015625 0.373046875 0.0439453125 0.048828125
0 0.4150390625 0.3837890625 0.0546875 0.0263671875
0 0.7119140625 0.029296875 0.111328125 0.05859375
0 0.9736328125 0.0419921875 0.048828125 0.083984375
0 0.6611328125 0.154296875 0.095703125 0.107421875
0 0.939453125 0.1494140625 0.115234375 0.1591796875
0 0.9912109375 0.2099609375 0.0126953125 0.080078125
0 0.73046875 0.2509765625 0.076171875 0.091796875
0 0.74609375 0.314453125 0.2138671875 0.166015625
0 0.630859375 0.310546875 0.083984375 0.169921875
0 0.875 0.31640625 0.2451171875 0.1611328125
0 0.0888671875 0.7275390625 0.1640625 0.1513671875
0 0.025390625 0.8154296875 0.0498046875 0.166015625
0 0.384765625 0.8564453125 0.1845703125 0.1845703125
0 0.15625 0.8798828125 0.2314453125 0.236328125
0 0.5224609375 0.9111328125 0.1279296875 0.173828125
0 0.29296875 0.9736328125 0.1640625 0.048828125
0 0.1474609375 0.431640625 0.2236328125 0.064453125
0 0.0361328125 0.4912109375 0.072265625 0.185546875
0 0.416015625 0.470703125 0.1826171875 0.142578125
0 0.361328125 0.6162109375 0.193359375 0.21875
0 0.517578125 0.607421875 0.1376953125 0.2861328125
0 0.9248046875 0.6474609375 0.0673828125 0.083984375
0 0.8896484375 0.658203125 0.0390625 0.048828125
0 0.8017578125 0.673828125 0.068359375 0.087890625
0 0.87890625 0.705078125 0.0654296875 0.0576171875
0 0.935546875 0.7373046875 0.0498046875 0.0625
0 0.966796875 0.7705078125 0.0625 0.103515625
0 0.9619140625 0.939453125 0.072265625 0.072265625
0 0.83984375 0.982421875 0.083984375 0.03125