0 0.04296875 0.2587890625 0.0419921875 0.0654296875
0 0.310546875 0.255859375 0.015625 0.033203125
0 0.0244140625 0.275390625 0.048828125 0.0703125
0 0.2548828125 0.2705078125 0.0341796875 0.046875
0 0.091796875 0.2919921875 0.041015625 0.060546875
0 0.4736328125 0.296875 0.025390625 0.041015625
0 0.4833984375 0.294921875 0.029296875 0.0498046875
0 0.298828125 0.3115234375 0.03125 0.046875
0 0.0830078125 0.326171875 0.0361328125 0.041015625
0 0.2919921875 0.3291015625 0.0283203125 0.046875
0 0.419921875 0.3232421875 0.0439453125 0.076171875
0 0.4375 0.330078125 0.0341796875 0.048828125
0 0.0458984375 0.3623046875 0.048828125 0.052734375
0 0.0927734375 0.3623046875 0.0419921875 0.046875
0 0.2763671875 0.3701171875 0.029296875 0.046875
0 0.501953125 0.3642578125 0.0263671875 0.041015625
0 0.2275390625 0.3779296875 0.0263671875 0.0361328125
0 0.29296875 0.3916015625 0.0234375 0.0283203125
0 0.2412109375 0.3984375 0.037109375 0.046875
0 0.443359375 0.390625 0.037109375 0.0517578125
0 0.083984375 0.416015625 0.0439453125 0.0205078125
0 0.2158203125 0.0810546875 0.0283203125 0.048828125
0 0.037109375 0.119140625 0.021484375 0.041015625
0 0.25 0.123046875 0.0341796875 0.048828125
0 0.224609375 0.14453125 0.037109375 0.048828125
0 0.443359375 0.1357421875 0.025390625 0.0546875
0 0.052734375 0.1630859375 0.0234375 0.0283203125
0 0.416015625 0.154296875 0.029296875 0.044921875
0 0.248046875 0.1669921875 0.041015625 0.060546875
0 0.025390625 0.205078125 0.0439453125 0.068359375
0 0.470703125 0.197265625 0.0283203125 0.048828125
0 0.43359375 0.201171875 0.0498046875 0.0673828125
0 0.26953125 0.216796875 0.0361328125 0.0576171875
0 0.474609375 0.2177734375 0.037109375 0.046875
0 0.4208984375 0.224609375 0.0341796875 0.046875
0 0.712890625 0.1591796875 0.185546875 0.1357421875
0 0.8544921875 0.1650390625 0.171875 0.1748046875
0 0.77734375 0.2451171875 0.0595703125 0.0625
0 0.8330078125 0.2548828125 0.060546875 0.076171875
0 0.615234375 0.283203125 0.1923828125 0.21875
0 0.7099609375 0.345703125 0.3486328125 0.1611328125
0 0.5400390625 0.408203125 0.041015625 0.0341796875
0 0.35546875 0.4375 0.0576171875 0.0205078125
0 0.283203125 0.4462890625 0.044921875 0.0361328125
0 0.48828125 0.45703125 0.0439453125 0.0576171875
0 0.453125 0.458984375 0.046875 0.0517578125
0 0.310546875 0.478515625 0.0546875 0.09375
0 0.4873046875 0.4853515625 0.056640625 0.0576171875
0 0.421875 0.4921875 0.046875 0.0810546875
0 0.3310546875 0.5458984375 0.03125 0.0576171875
0 0.44921875 0.5517578125 0.048828125 0.068359375
0 0.5048828125 0.572265625 0.0234375 0.0673828125
0 0.3330078125 0.580078125 0.0546875 0.0751953125
0 0.373046875 0.5810546875 0.056640625 0.076171875
0 0.4091796875 0.591796875 0.0498046875 0.0732421875
0 0.498046875 0.59375 0.0361328125 0.072265625
0 0.4365234375 0.6630859375 0.0908203125 0.1015625
0 0.369140625 0.697265625 0.0517578125 0.0810546875
0 0.96484375 0.89453125 0.0654296875 0.173828125
0 0.6767578125 0.92578125 0.1513671875 0.1455078125
0 0.814453125 0.951171875 0.103515625 0.09375
0 0.55078125 0.966796875 0.0625 0.0625
0 0.9130859375 0.482421875 0.1689453125 0.107421875
0 0.8076171875 0.591796875 0.3798828125 0.326171875
0 0.556640625 0.583984375 0.0751953125 0.263671875
0 0.685546875 0.68359375 0.255859375 0.294921875
0 0.8251953125 0.708984375 0.1689453125 0.1689453125
0 0.544921875 0.7568359375 0.0517578125 0.1064453125
0 0.94140625 0.7607421875 0.099609375 0.1279296875
0 0.826171875 0.791015625 0.1220703125 0.126953125
0 0.5771484375 0.8671875 0.0439453125 0.060546875