0 0.03515625 0.017578125 0.0703125 0.03515625
0 0.1298828125 0.029296875 0.099609375 0.05859375
0 0.01171875 0.03125 0.0234375 0.0625
0 0.19140625 0.0517578125 0.103515625 0.103515625
0 0.091796875 0.052734375 0.072265625 0.0966796875
0 0.224609375 0.056640625 0.0595703125 0.083984375
0 0.134765625 0.083984375 0.068359375 0.0830078125
0 0.205078125 0.0966796875 0.0498046875 0.068359375
0 0.189453125 0.10546875 0.03125 0.048828125
0 0.013671875 0.1103515625 0.02734375 0.087890625
0 0.0546875 0.119140625 0.0859375 0.1142578125
0 0.203125 0.134765625 0.0517578125 0.064453125
0 0.1640625 0.15234375 0.0595703125 0.068359375
0 0.1201171875 0.169921875 0.0673828125 0.0888671875
0 0.298828125 0.2177734375 0.078125 0.119140625
0 0.130859375 0.244140625 0.0341796875 0.0654296875
0 0.107421875 0.2646484375 0.046875 0.078125
0 0.029296875 0.2880859375 0.0576171875 0.154296875
0 0.0771484375 0.306640625 0.087890625 0.119140625
0 0.2080078125 0.3037109375 0.0361328125 0.041015625
0 0.357421875 0.302734375 0.041015625 0.0625
0 0.1826171875 0.3203125 0.0439453125 0.064453125
0 0.142578125 0.3232421875 0.046875 0.060546875
0 0.224609375 0.3408203125 0.0498046875 0.076171875
0 0.0546875 0.359375 0.0419921875 0.0703125
0 0.107421875 0.3671875 0.046875 0.0654296875
0 0.1494140625 0.369140625 0.052734375 0.0595703125
0 0.080078125 0.380859375 0.044921875 0.0751953125
0 0.3427734375 0.3740234375 0.0703125 0.0986328125
0 0.2548828125 0.4130859375 0.0966796875 0.1435546875
0 0.046875 0.392578125 0.09375 0.228515625
0 0.1083984375 0.4287109375 0.0966796875 0.103515625
0 0.193359375 0.447265625 0.087890625 0.1123046875
0 0.154296875 0.455078125 0.087890625 0.1064453125
0 0.3525390625 0.4892578125 0.0517578125 0.0361328125
0 0.978515625 0.2763671875 0.0390625 0.0966796875
0 0.7109375 0.2900390625 0.134765625 0.1328125
0 0.9453125 0.3125 0.103515625 0.125
0 0.5048828125 0.357421875 0.1044921875 0.126953125
0 0.7734375 0.357421875 0.099609375 0.080078125
0 0.58984375 0.44140625 0.1904296875 0.1328125
0 0.4794921875 0.4443359375 0.2001953125 0.125
0 0.8173828125 0.4306640625 0.361328125 0.154296875
0 0.7412109375 0.0947265625 0.1171875 0.130859375
0 0.8701171875 0.126953125 0.115234375 0.1484375
0 0.68359375 0.1328125 0.0888671875 0.0888671875
0 0.623046875 0.1796875 0.111328125 0.1376953125
0 0.79296875 0.208984375 0.076171875 0.091796875
0 0.5634765625 0.236328125 0.1064453125 0.119140625
0 0.517578125 0.9619140625 0.0654296875 0.072265625