0 0.376953125 0.193359375 0.0673828125 0.083984375
0 0.3427734375 0.212890625 0.0673828125 0.080078125
0 0.45703125 0.26953125 0.0390625 0.091796875
0 0.3818359375 0.095703125 0.076171875 0.095703125
0 0.6259765625 0.021484375 0.041015625 0.04296875
0 0.9638671875 0.0947265625 0.0390625 0.0546875
0 0.517578125 0.037109375 0.0263671875 0.037109375
0 0.482421875 0.0361328125 0.009765625 0.052734375
0 0.607421875 0.05859375 0.0439453125 0.0546875
0 0.6357421875 0.06640625 0.0361328125 0.0419921875
0 0.939453125 0.1123046875 0.037109375 0.0625
0 0.498046875 0.0751953125 0.03125 0.0546875
0 0.984375 0.142578125 0.0263671875 0.060546875
0 0.912109375 0.171875 0.046875 0.0751953125
0 0.9931640625 0.19140625 0.009765625 0.0654296875
0 0.51171875 0.130859375 0.0341796875 0.048828125
0 0.8076171875 0.1884765625 0.0341796875 0.048828125
0 0.7294921875 0.1845703125 0.0361328125 0.060546875
0 0.7861328125 0.208984375 0.0341796875 0.046875
0 0.916015625 0.2529296875 0.0341796875 0.064453125
0 0.7275390625 0.2333984375 0.0361328125 0.064453125
0 0.81640625 0.267578125 0.046875 0.064453125
0 0.927734375 0.3017578125 0.0390625 0.0546875
0 0.642578125 0.2666015625 0.0517578125 0.0673828125
0 0.974609375 0.3154296875 0.037109375 0.064453125
0 0.4892578125 0.251953125 0.021484375 0.060546875
0 0.498046875 0.298828125 0.0390625 0.072265625
0 0.982421875 0.369140625 0.029296875 0.0517578125
0 0.787109375 0.341796875 0.0361328125 0.048828125
0 0.55078125 0.390625 0.0576171875 0.0703125
0 0.845703125 0.41796875 0.0439453125 0.013671875
0 0.66015625 0.416015625 0.0654296875 0.0205078125
0 0.9111328125 0.01953125 0.087890625 0.0390625
0 0.7822265625 0.009765625 0.0517578125 0.0185546875
0 0.984375 0.029296875 0.0263671875 0.0576171875
0 0.443359375 0.666015625 0.0654296875 0.1064453125
0 0.453125 0.810546875 0.044921875 0.123046875
0 0.4130859375 0.8369140625 0.064453125 0.0625
0 0.076171875 0.849609375 0.15234375 0.1875
0 0.4306640625 0.9091796875 0.087890625 0.078125
0 0.0888671875 0.9345703125 0.0966796875 0.099609375
0 0.404296875 0.96875 0.0986328125 0.0576171875
0 0.1435546875 0.96484375 0.044921875 0.068359375
0 0.0400390625 0.958984375 0.080078125 0.076171875
0 0.9462890625 0.955078125 0.0283203125 0.0205078125
0 0.65625 0.94921875 0.037109375 0.037109375
0 0.90625 0.5732421875 0.0810546875 0.0517578125
0 0.724609375 0.552734375 0.0888671875 0.0517578125
0 0.939453125 0.59375 0.0673828125 0.0390625
0 0.8173828125 0.587890625 0.0439453125 0.048828125
0 0.9052734375 0.646484375 0.0810546875 0.0361328125
0 0.7646484375 0.638671875 0.029296875 0.0283203125
0 0.7431640625 0.662109375 0.0439453125 0.0263671875
0 0.9765625 0.744140625 0.044921875 0.0361328125
0 0.9521484375 0.7490234375 0.041015625 0.0283203125
0 0.76953125 0.7529296875 0.0361328125 0.03125
0 0.9501953125 0.7822265625 0.041015625 0.0361328125
0 0.947265625 0.8076171875 0.0576171875 0.0341796875
0 0.98046875 0.8369140625 0.0341796875 0.0341796875
0 0.8916015625 0.8447265625 0.0419921875 0.0361328125
0 0.8564453125 0.8447265625 0.0498046875 0.03125
0 0.8525390625 0.853515625 0.033203125 0.0205078125
0 0.896484375 0.869140625 0.041015625 0.0263671875
0 0.7421875 0.8583984375 0.037109375 0.03125
0 0.9423828125 0.8916015625 0.046875 0.033203125
0 0.9833984375 0.9052734375 0.029296875 0.0283203125
0 0.912109375 0.8974609375 0.044921875 0.0361328125
0 0.59375 0.857421875 0.0576171875 0.0390625
0 0.875 0.904296875 0.0576171875 0.0439453125
0 0.6005859375 0.87109375 0.046875 0.041015625
0 0.5849609375 0.884765625 0.044921875 0.044921875
0 0.994140625 0.943359375 0.0078125 0.0263671875