0 0.423828125 0.0263671875 0.0673828125 0.052734375
0 0.2265625 0.029296875 0.06640625 0.05859375
0 0.103515625 0.025390625 0.0361328125 0.0498046875
0 0.255859375 0.052734375 0.0517578125 0.0576171875
0 0.076171875 0.1025390625 0.072265625 0.095703125
0 0.4052734375 0.130859375 0.056640625 0.09375
0 0.2470703125 0.1357421875 0.0654296875 0.09375
0 0.4306640625 0.1650390625 0.0341796875 0.041015625
0 0.3828125 0.181640625 0.0341796875 0.056640625
0 0.2177734375 0.17578125 0.0419921875 0.048828125
0 0.3974609375 0.201171875 0.0263671875 0.03125
0 0.240234375 0.208984375 0.0390625 0.0673828125
0 0.193359375 0.208984375 0.0517578125 0.0576171875
0 0.4140625 0.234375 0.029296875 0.041015625
0 0.048828125 0.220703125 0.0390625 0.064453125
0 0.208984375 0.232421875 0.0546875 0.0908203125
0 0.37890625 0.2509765625 0.0517578125 0.0732421875
0 0.4970703125 0.27734375 0.046875 0.078125
0 0.416015625 0.275390625 0.029296875 0.0361328125
0 0.2314453125 0.26953125 0.0390625 0.048828125
0 0.0615234375 0.2724609375 0.0361328125 0.046875
0 0.396484375 0.3232421875 0.041015625 0.080078125
0 0.3681640625 0.3408203125 0.0390625 0.0419921875
0 0.0224609375 0.3330078125 0.044921875 0.0654296875
0 0.3857421875 0.376953125 0.0419921875 0.0517578125
0 0.443359375 0.400390625 0.029296875 0.060546875
0 0.408203125 0.3974609375 0.03125 0.0361328125
0 0.0419921875 0.388671875 0.0517578125 0.0810546875
0 0.2109375 0.421875 0.037109375 0.060546875
0 0.404296875 0.4462890625 0.029296875 0.0263671875
0 0.37890625 0.453125 0.033203125 0.041015625
0 0.1826171875 0.44921875 0.0341796875 0.0673828125
0 0.0087890625 0.4482421875 0.017578125 0.044921875
0 0.400390625 0.4833984375 0.0419921875 0.0595703125
0 0.455078125 0.4912109375 0.037109375 0.056640625
0 0.0205078125 0.482421875 0.041015625 0.0703125
0 0.033203125 0.5107421875 0.048828125 0.0126953125
0 0.986328125 0.232421875 0.025390625 0.0830078125
0 0.9892578125 0.2744140625 0.017578125 0.0673828125
0 0.4326171875 0.546875 0.1201171875 0.056640625
0 0.162109375 0.595703125 0.2236328125 0.1533203125
0 0.072265625 0.5703125 0.1435546875 0.103515625
0 0.4296875 0.599609375 0.162109375 0.1513671875
0 0.09375 0.681640625 0.1875 0.2392578125
0 0.015625 0.716796875 0.03125 0.119140625
0 0.0205078125 0.861328125 0.041015625 0.119140625
0 0.107421875 0.873046875 0.0986328125 0.0732421875
0 0.978515625 0.607421875 0.0390625 0.0439453125
0 0.9736328125 0.658203125 0.048828125 0.0576171875
0 0.9248046875 0.705078125 0.099609375 0.1015625
0 0.904296875 0.8681640625 0.0966796875 0.072265625
0 0.8232421875 0.91015625 0.0751953125 0.060546875
0 0.984375 0.92578125 0.0263671875 0.091796875
0 0.97265625 0.541015625 0.0517578125 0.0439453125
0 0.751953125 0.966796875 0.0986328125 0.0625
0 0.9267578125 0.96484375 0.142578125 0.0654296875
0 0.919921875 0.548828125 0.076171875 0.0595703125