0 0.1142578125 0.0888671875 0.228515625 0.177734375
0 0.232421875 0.16796875 0.345703125 0.3359375
0 0.73828125 0.0087890625 0.115234375 0.017578125
0 0.626953125 0.013671875 0.0888671875 0.0263671875
0 0.96875 0.064453125 0.0576171875 0.0625
0 0.830078125 0.06640625 0.0908203125 0.0654296875
0 0.6171875 0.037109375 0.072265625 0.0595703125
0 0.986328125 0.1201171875 0.021484375 0.076171875
0 0.57421875 0.056640625 0.0830078125 0.0654296875
0 0.9931640625 0.1826171875 0.009765625 0.0673828125
0 0.484375 0.109375 0.064453125 0.056640625
0 0.599609375 0.138671875 0.126953125 0.0810546875
0 0.54296875 0.1728515625 0.091796875 0.0654296875
0 0.4921875 0.19921875 0.1142578125 0.076171875
0 0.599609375 0.224609375 0.09375 0.060546875
0 0.888671875 0.2685546875 0.095703125 0.076171875
0 0.791015625 0.271484375 0.0966796875 0.0732421875
0 0.609375 0.2802734375 0.0986328125 0.0654296875
0 0.8642578125 0.3291015625 0.123046875 0.095703125
0 0.6044921875 0.318359375 0.0830078125 0.060546875
0 0.873046875 0.365234375 0.09375 0.0234375
0 0.4267578125 0.32421875 0.0361328125 0.048828125
0 0.5888671875 0.357421875 0.0673828125 0.0390625
0 0.466796875 0.349609375 0.0751953125 0.0595703125
0 0.203125 0.6923828125 0.40625 0.611328125
0 0.572265625 0.392578125 0.0439453125 0.0263671875
0 0.857421875 0.435546875 0.083984375 0.1142578125
0 0.7177734375 0.4677734375 0.056640625 0.080078125
0 0.705078125 0.5205078125 0.0263671875 0.0654296875
0 0.728515625 0.5380859375 0.033203125 0.052734375
0 0.73046875 0.5732421875 0.033203125 0.0546875
0 0.775390625 0.642578125 0.033203125 0.048828125
0 0.4794921875 0.623046875 0.041015625 0.0576171875
0 0.6025390625 0.662109375 0.0595703125 0.095703125
0 0.982421875 0.892578125 0.03125 0.1455078125
0 0.900390625 0.970703125 0.0654296875 0.056640625