0 0.146484375 0.1025390625 0.1357421875 0.1533203125
0 0.0517578125 0.103515625 0.103515625 0.1533203125
0 0.111328125 0.2216796875 0.1982421875 0.1982421875
0 0.046875 0.32421875 0.09375 0.201171875
0 0.12890625 0.38671875 0.1611328125 0.076171875
0 0.822265625 0.03125 0.087890625 0.0625
0 0.626953125 0.0205078125 0.1376953125 0.041015625
0 0.755859375 0.0263671875 0.0703125 0.052734375
0 0.6728515625 0.048828125 0.115234375 0.09765625
0 0.818359375 0.0849609375 0.064453125 0.0654296875
0 0.505859375 0.0205078125 0.0517578125 0.041015625
0 0.58203125 0.060546875 0.1298828125 0.1201171875
0 0.7080078125 0.1015625 0.1328125 0.130859375
0 0.48828125 0.126953125 0.0390625 0.046875
0 0.7470703125 0.19140625 0.0908203125 0.0859375
0 0.595703125 0.1884765625 0.1767578125 0.166015625
0 0.7685546875 0.2333984375 0.0908203125 0.091796875
0 0.455078125 0.2294921875 0.0595703125 0.0654296875
0 0.65234375 0.302734375 0.1376953125 0.134765625
0 0.552734375 0.28515625 0.064453125 0.0703125
0 0.7470703125 0.333984375 0.0859375 0.087890625
0 0.580078125 0.369140625 0.115234375 0.1142578125
0 0.087890625 0.7236328125 0.1748046875 0.25
0 0.3193359375 0.814453125 0.154296875 0.3076171875
0 0.248046875 0.826171875 0.0732421875 0.060546875
0 0.068359375 0.833984375 0.0810546875 0.0517578125
0 0.2080078125 0.8876953125 0.1953125 0.173828125
0 0.01171875 0.845703125 0.0234375 0.1201171875
0 0.251953125 0.93359375 0.0517578125 0.0654296875
0 0.08203125 0.552734375 0.1640625 0.25
0 0.1982421875 0.6474609375 0.396484375 0.439453125
0 0.875 0.5556640625 0.2451171875 0.2548828125
0 0.673828125 0.455078125 0.087890625 0.052734375
0 0.6455078125 0.4580078125 0.0751953125 0.060546875
0 0.4912109375 0.45703125 0.080078125 0.0576171875
0 0.443359375 0.470703125 0.0888671875 0.087890625
0 0.6455078125 0.509765625 0.0595703125 0.087890625
0 0.4501953125 0.5126953125 0.09375 0.0986328125
0 0.43359375 0.5849609375 0.0703125 0.0986328125
0 0.818359375 0.708984375 0.0986328125 0.1142578125
0 0.935546875 0.7451171875 0.125 0.1923828125
0 0.9775390625 0.78125 0.041015625 0.087890625
0 0.5830078125 0.76953125 0.328125 0.3857421875
0 0.861328125 0.849609375 0.0986328125 0.1123046875
0 0.8955078125 0.9443359375 0.068359375 0.0830078125
0 0.833984375 0.9619140625 0.068359375 0.048828125
0 0.626953125 0.953125 0.0625 0.080078125
0 0.4892578125 0.94140625 0.1279296875 0.1142578125
0 0.5693359375 0.978515625 0.115234375 0.0390625