0 0.3388671875 0.6025390625 0.1640625 0.0517578125
0 0.111328125 0.1220703125 0.1220703125 0.119140625
0 0.3974609375 0.107421875 0.080078125 0.2138671875
0 0.306640625 0.232421875 0.2626953125 0.4638671875
0 0.0986328125 0.361328125 0.197265625 0.271484375
0 0.296875 0.412109375 0.2763671875 0.306640625
0 0.392578125 0.404296875 0.091796875 0.181640625
0 0.1435546875 0.525390625 0.119140625 0.107421875
0 0.033203125 0.5771484375 0.06640625 0.099609375
0 0.412109375 0.486328125 0.0517578125 0.134765625
0 0.228515625 0.6044921875 0.052734375 0.044921875
0 0.708984375 0.076171875 0.173828125 0.1513671875
0 0.8505859375 0.103515625 0.1328125 0.173828125
0 0.580078125 0.23046875 0.28125 0.4375
0 0.48046875 0.419921875 0.0830078125 0.283203125
0 0.8115234375 0.3603515625 0.2294921875 0.3154296875
0 0.67578125 0.427734375 0.275390625 0.259765625
0 0.94140625 0.482421875 0.1142578125 0.1923828125
0 0.681640625 0.556640625 0.2763671875 0.142578125
0 0.923828125 0.5693359375 0.146484375 0.115234375
0 0.912109375 0.607421875 0.169921875 0.0390625
0 0.373046875 0.75390625 0.1298828125 0.248046875
0 0.283203125 0.90234375 0.158203125 0.189453125
0 0.423828125 0.9580078125 0.0263671875 0.0703125
0 0.462890625 0.7705078125 0.044921875 0.0703125
0 0.5458984375 0.775390625 0.0498046875 0.0517578125
0 0.673828125 0.7373046875 0.0966796875 0.076171875
0 0.6142578125 0.7646484375 0.0751953125 0.0576171875
0 0.7548828125 0.7421875 0.0859375 0.0673828125
0 0.662109375 0.787109375 0.064453125 0.0498046875
0 0.5703125 0.828125 0.0732421875 0.0703125
0 0.6044921875 0.880859375 0.0703125 0.0654296875
0 0.455078125 0.935546875 0.029296875 0.056640625
0 0.5546875 0.904296875 0.060546875 0.048828125
0 0.666015625 0.912109375 0.0810546875 0.064453125
0 0.4892578125 0.96484375 0.083984375 0.0546875
0 0.5 0.98046875 0.052734375 0.0341796875
0 0.6240234375 0.9677734375 0.056640625 0.0419921875
0 0.5673828125 0.98046875 0.0625 0.0341796875
0 0.62890625 0.98828125 0.0654296875 0.0205078125