0 0.751953125 0.13671875 0.048828125 0.025390625
0 0.708984375 0.294921875 0.0498046875 0.060546875
0 0.5830078125 0.3017578125 0.0595703125 0.0751953125
0 0.529296875 0.3125 0.064453125 0.048828125
0 0.6064453125 0.390625 0.0439453125 0.044921875
0 0.6806640625 0.4345703125 0.0673828125 0.056640625
0 0.73828125 0.498046875 0.052734375 0.041015625
0 0.712890625 0.5048828125 0.060546875 0.076171875
0 0.669921875 0.5068359375 0.0390625 0.052734375
0 0.46875 0.51953125 0.029296875 0.0546875
0 0.66015625 0.5234375 0.041015625 0.0419921875
0 0.78515625 0.5712890625 0.056640625 0.0654296875
0 0.451171875 0.580078125 0.03125 0.072265625
0 0.4892578125 0.595703125 0.044921875 0.0673828125
0 0.75 0.5966796875 0.048828125 0.0498046875
0 0.427734375 0.6103515625 0.0361328125 0.056640625
0 0.7314453125 0.626953125 0.0390625 0.041015625
0 0.763671875 0.640625 0.041015625 0.0517578125
0 0.48828125 0.6435546875 0.0341796875 0.056640625
0 0.6220703125 0.689453125 0.046875 0.0830078125
0 0.4697265625 0.6943359375 0.0595703125 0.0439453125
0 0.541015625 0.71484375 0.056640625 0.0751953125
0 0.5986328125 0.7177734375 0.0341796875 0.0673828125
0 0.57421875 0.748046875 0.0673828125 0.0498046875
0 0.494140625 0.7587890625 0.0517578125 0.0654296875
0 0.552734375 0.8427734375 0.056640625 0.0673828125
0 0.65234375 0.8837890625 0.029296875 0.044921875
0 0.6162109375 0.884765625 0.041015625 0.0419921875
0 0.814453125 0.099609375 0.0263671875 0.056640625