0 0.3056640625 0.138671875 0.2548828125 0.2763671875
0 0.357421875 0.2685546875 0.283203125 0.2685546875
0 0.1669921875 0.2587890625 0.333984375 0.517578125
0 0.2763671875 0.419921875 0.4765625 0.1953125
0 0.099609375 0.8076171875 0.19921875 0.291015625
0 0.21875 0.9755859375 0.236328125 0.0439453125
0 0.779296875 0.580078125 0.1513671875 0.1201171875
0 0.59765625 0.654296875 0.056640625 0.1376953125
0 0.91015625 0.669921875 0.1767578125 0.2001953125
0 0.697265625 0.74609375 0.2548828125 0.232421875
0 0.8017578125 0.7880859375 0.1376953125 0.1201171875
0 0.623046875 0.9130859375 0.1064453125 0.125
0 0.9462890625 0.8369140625 0.103515625 0.25
0 0.861328125 0.9287109375 0.103515625 0.1044921875
0 0.69921875 0.9423828125 0.259765625 0.111328125
0 0.96484375 0.96875 0.0654296875 0.0576171875