0 0.4052734375 0.05859375 0.033203125 0.03125
0 0.18359375 0.125 0.041015625 0.0439453125
0 0.40625 0.279296875 0.1015625 0.119140625
0 0.2783203125 0.28515625 0.046875 0.0703125
0 0.162109375 0.34375 0.0419921875 0.029296875
0 0.201171875 0.3447265625 0.0546875 0.0498046875
0 0.1904296875 0.3740234375 0.0498046875 0.037109375
0 0.13671875 0.4384765625 0.052734375 0.0498046875
0 0.1376953125 0.490234375 0.025390625 0.0283203125
0 0.0869140625 0.560546875 0.052734375 0.0341796875
0 0.8642578125 0.0244140625 0.056640625 0.048828125
0 0.837890625 0.0205078125 0.0361328125 0.041015625
0 0.7119140625 0.0244140625 0.0576171875 0.048828125
0 0.7392578125 0.044921875 0.0654296875 0.0888671875
0 0.861328125 0.119140625 0.0498046875 0.0751953125
0 0.716796875 0.126953125 0.064453125 0.095703125
0 0.486328125 0.1298828125 0.03125 0.0439453125
0 0.849609375 0.150390625 0.0546875 0.0751953125
0 0.9443359375 0.1591796875 0.0341796875 0.044921875
0 0.78515625 0.1650390625 0.123046875 0.1767578125
0 0.873046875 0.1728515625 0.0341796875 0.048828125
0 0.708984375 0.17578125 0.0390625 0.072265625
0 0.681640625 0.2138671875 0.056640625 0.0732421875
0 0.8486328125 0.2236328125 0.0390625 0.0439453125
0 0.7216796875 0.2216796875 0.0595703125 0.087890625
0 0.7080078125 0.263671875 0.041015625 0.052734375
0 0.8173828125 0.279296875 0.0390625 0.0625
0 0.759765625 0.3095703125 0.0908203125 0.1376953125
0 0.8701171875 0.314453125 0.0341796875 0.046875
0 0.8232421875 0.33203125 0.041015625 0.052734375
0 0.7841796875 0.33984375 0.0595703125 0.0830078125
0 0.830078125 0.392578125 0.0439453125 0.056640625
0 0.74609375 0.400390625 0.0654296875 0.099609375
0 0.7685546875 0.431640625 0.0576171875 0.0859375
0 0.72265625 0.4599609375 0.041015625 0.0517578125
0 0.7490234375 0.4619140625 0.0419921875 0.0625
0 0.8203125 0.470703125 0.03125 0.033203125
0 0.7861328125 0.5205078125 0.0341796875 0.0546875
0 0.7138671875 0.546875 0.0390625 0.044921875
0 0.759765625 0.5576171875 0.0341796875 0.0390625
0 0.10546875 0.591796875 0.0966796875 0.0263671875
0 0.392578125 0.6162109375 0.1298828125 0.0751953125
0 0.43359375 0.626953125 0.044921875 0.087890625
0 0.1826171875 0.630859375 0.1064453125 0.103515625
0 0.126953125 0.6435546875 0.0654296875 0.0673828125
0 0.404296875 0.697265625 0.1064453125 0.1591796875
0 0.080078125 0.7021484375 0.0654296875 0.068359375
0 0.373046875 0.732421875 0.0732421875 0.0888671875
0 0.0947265625 0.7861328125 0.083984375 0.1015625
0 0.185546875 0.8037109375 0.078125 0.083984375
0 0.40625 0.8154296875 0.0576171875 0.0625
0 0.39453125 0.861328125 0.091796875 0.1220703125
0 0.1240234375 0.892578125 0.119140625 0.115234375
0 0.416015625 0.9072265625 0.056640625 0.087890625
0 0.365234375 0.927734375 0.1328125 0.130859375
0 0.1181640625 0.982421875 0.0625 0.029296875
0 0.3701171875 0.98046875 0.087890625 0.0341796875
0 0.880859375 0.8115234375 0.044921875 0.09375
0 0.6103515625 0.802734375 0.1328125 0.130859375
0 0.8388671875 0.8427734375 0.1015625 0.125
0 0.931640625 0.876953125 0.0888671875 0.095703125
0 0.662109375 0.8759765625 0.0986328125 0.078125
0 0.96875 0.923828125 0.0576171875 0.091796875
0 0.939453125 0.962890625 0.1064453125 0.0703125
0 0.5107421875 0.939453125 0.103515625 0.115234375
0 0.685546875 0.9375 0.357421875 0.1201171875
0 0.6611328125 0.62890625 0.1201171875 0.0986328125
0 0.783203125 0.654296875 0.115234375 0.1455078125
0 0.599609375 0.6494140625 0.0888671875 0.087890625
0 0.533203125 0.6884765625 0.109375 0.1376953125
0 0.69921875 0.73046875 0.076171875 0.091796875
0 0.4892578125 0.7431640625 0.060546875 0.1201171875