0 0.013671875 0.1416015625 0.02734375 0.052734375
0 0.03515625 0.185546875 0.0703125 0.0517578125
0 0.0048828125 0.19140625 0.009765625 0.03125
0 0.046875 0.24609375 0.09375 0.0751953125
0 0.013671875 0.2431640625 0.0263671875 0.0439453125
0 0.150390625 0.330078125 0.1357421875 0.0966796875
0 0.1181640625 0.48046875 0.048828125 0.0341796875
0 0.8955078125 0.03125 0.0986328125 0.0625
0 0.8134765625 0.037109375 0.103515625 0.07421875
0 0.517578125 0.0205078125 0.0751953125 0.041015625
0 0.8837890625 0.1025390625 0.1142578125 0.119140625
0 0.826171875 0.111328125 0.072265625 0.068359375
0 0.5703125 0.0859375 0.146484375 0.109375
0 0.7763671875 0.1611328125 0.072265625 0.072265625
0 0.4697265625 0.0986328125 0.0654296875 0.072265625
0 0.58203125 0.1259765625 0.0732421875 0.087890625
0 0.7822265625 0.2451171875 0.09375 0.1064453125
0 0.873046875 0.279296875 0.087890625 0.087890625
0 0.478515625 0.20703125 0.1123046875 0.1064453125
0 0.8017578125 0.3525390625 0.1279296875 0.1171875
0 0.98046875 0.431640625 0.0341796875 0.1328125
0 0.521484375 0.3193359375 0.091796875 0.0859375
0 0.787109375 0.4560546875 0.064453125 0.0576171875
0 0.4912109375 0.400390625 0.0751953125 0.072265625
0 0.259765625 0.8466796875 0.052734375 0.0732421875
0 0.302734375 0.880859375 0.0439453125 0.0517578125
0 0.2216796875 0.8759765625 0.0830078125 0.09375
0 0.32421875 0.9033203125 0.046875 0.056640625
0 0.310546875 0.931640625 0.0361328125 0.033203125
0 0.33984375 0.953125 0.03125 0.0517578125
0 0.3212890625 0.9794921875 0.0703125 0.0361328125
0 0.232421875 0.970703125 0.1015625 0.056640625
0 0.337890625 0.61328125 0.0361328125 0.0390625
0 0.341796875 0.638671875 0.029296875 0.0576171875
0 0.21875 0.6171875 0.0341796875 0.046875
0 0.3505859375 0.701171875 0.009765625 0.0517578125
0 0.28515625 0.7001953125 0.0654296875 0.0830078125
0 0.34765625 0.732421875 0.017578125 0.0703125
0 0.3017578125 0.744140625 0.0703125 0.0830078125
0 0.330078125 0.7744140625 0.052734375 0.091796875
0 0.2841796875 0.77734375 0.0703125 0.0732421875
0 0.265625 0.78515625 0.0498046875 0.0654296875
0 0.212890625 0.7919921875 0.109375 0.1171875
0 0.638671875 0.564453125 0.173828125 0.1279296875
0 0.8642578125 0.689453125 0.267578125 0.376953125
0 0.4912109375 0.7138671875 0.267578125 0.427734375
0 0.6728515625 0.833984375 0.15625 0.169921875
0 0.4560546875 0.8681640625 0.046875 0.0546875
0 0.515625 0.923828125 0.107421875 0.111328125
0 0.4609375 0.9501953125 0.046875 0.0546875
0 0.384765625 0.95703125 0.046875 0.068359375