0 0.345703125 0.2783203125 0.060546875 0.0654296875
0 0.509765625 0.251953125 0.240234375 0.1484375
0 0.283203125 0.2763671875 0.1982421875 0.1015625
0 0.845703125 0.1201171875 0.037109375 0.0576171875
0 0.962890625 0.16015625 0.0576171875 0.09375
0 0.5126953125 0.6533203125 0.044921875 0.0595703125
0 0.650390625 0.8173828125 0.03125 0.072265625
0 0.244140625 0.80078125 0.076171875 0.087890625
0 0.208984375 0.80078125 0.0439453125 0.048828125
0 0.119140625 0.7900390625 0.0751953125 0.0888671875
0 0.65625 0.904296875 0.0205078125 0.0654296875
0 0.1865234375 0.8427734375 0.072265625 0.060546875
0 0.6171875 0.9326171875 0.072265625 0.0830078125
0 0.2353515625 0.8896484375 0.056640625 0.0625
0 0.587890625 0.3857421875 0.078125 0.0751953125
0 0.271484375 0.9306640625 0.095703125 0.1015625
0 0.6474609375 0.404296875 0.0361328125 0.060546875
0 0.576171875 0.4169921875 0.0654296875 0.0517578125
0 0.634765625 0.439453125 0.0625 0.0654296875
0 0.611328125 0.35546875 0.0703125 0.052734375
0 0.7607421875 0.3349609375 0.0517578125 0.0126953125
0 0.7216796875 0.392578125 0.0546875 0.056640625
0 0.6875 0.427734375 0.0390625 0.1064453125
0 0.7021484375 0.484375 0.0625 0.056640625
0 0.869140625 0.509765625 0.076171875 0.064453125
0 0.6962890625 0.5361328125 0.0546875 0.076171875
0 0.763671875 0.5615234375 0.0859375 0.083984375
0 0.8466796875 0.62890625 0.0830078125 0.080078125
0 0.6923828125 0.611328125 0.048828125 0.107421875
0 0.7802734375 0.634765625 0.0654296875 0.0625
0 0.7119140625 0.6630859375 0.0859375 0.115234375
0 0.84765625 0.6962890625 0.060546875 0.0595703125
0 0.7392578125 0.7216796875 0.1279296875 0.1220703125
0 0.7822265625 0.8095703125 0.0888671875 0.080078125
0 0.6923828125 0.8193359375 0.048828125 0.1533203125
0 0.806640625 0.8486328125 0.0888671875 0.087890625
0 0.71484375 0.9306640625 0.09375 0.1298828125
0 0.7890625 0.953125 0.0830078125 0.080078125