0 0.044921875 0.486328125 0.0888671875 0.1201171875
0 0.349609375 0.576171875 0.0654296875 0.0517578125
0 0.140625 0.5224609375 0.166015625 0.185546875
0 0.48046875 0.59375 0.0966796875 0.0439453125
0 0.263671875 0.59375 0.208984375 0.0439453125
0 0.0693359375 0.595703125 0.138671875 0.0390625
0 0.5341796875 0.4443359375 0.078125 0.0625
0 0.458984375 0.5078125 0.099609375 0.0966796875
0 0.3359375 0.5263671875 0.0859375 0.078125
0 0.599609375 0.12109375 0.041015625 0.0703125
0 0.7265625 0.158203125 0.041015625 0.072265625
0 0.650390625 0.2255859375 0.046875 0.0625
0 0.6416015625 0.29296875 0.0419921875 0.060546875
0 0.591796875 0.2861328125 0.025390625 0.0673828125
0 0.7392578125 0.369140625 0.0546875 0.0810546875
0 0.658203125 0.4091796875 0.0576171875 0.083984375
0 0.9111328125 0.486328125 0.173828125 0.259765625
0 0.671875 0.55859375 0.037109375 0.041015625
0 0.69921875 0.6025390625 0.0439453125 0.0263671875
0 0.609375 0.0400390625 0.060546875 0.080078125
0 0.4755859375 0.693359375 0.201171875 0.1513671875
0 0.2451171875 0.6826171875 0.259765625 0.1298828125
0 0.322265625 0.720703125 0.134765625 0.1201171875
0 0.099609375 0.74609375 0.142578125 0.1220703125
0 0.4775390625 0.8642578125 0.2001953125 0.248046875
0 0.32421875 0.8828125 0.099609375 0.1015625
0 0.140625 0.87109375 0.28125 0.248046875
0 0.41796875 0.9736328125 0.1298828125 0.048828125
0 0.7880859375 0.830078125 0.4189453125 0.337890625
0 0.9892578125 0.826171875 0.017578125 0.091796875