0 0.203125 0.2451171875 0.40625 0.423828125
0 0.412109375 0.3681640625 0.2861328125 0.177734375
0 0.4375 0.080078125 0.236328125 0.1591796875
0 0.810546875 0.015625 0.060546875 0.03125
0 0.8642578125 0.005859375 0.041015625 0.01171875
0 0.564453125 0.0556640625 0.0126953125 0.0439453125
0 0.8701171875 0.017578125 0.052734375 0.03515625
0 0.7880859375 0.03125 0.052734375 0.0625
0 0.8779296875 0.0810546875 0.044921875 0.0576171875
0 0.8544921875 0.099609375 0.0419921875 0.044921875
0 0.7841796875 0.1298828125 0.0498046875 0.052734375
0 0.8056640625 0.138671875 0.041015625 0.048828125
0 0.564453125 0.203125 0.0126953125 0.044921875
0 0.892578125 0.150390625 0.0419921875 0.041015625
0 0.5732421875 0.220703125 0.03125 0.0390625
0 0.810546875 0.1923828125 0.0546875 0.052734375
0 0.857421875 0.25390625 0.056640625 0.0517578125
0 0.8515625 0.3369140625 0.0595703125 0.0576171875
0 0.810546875 0.3564453125 0.0361328125 0.0498046875
0 0.8251953125 0.37109375 0.0390625 0.044921875
0 0.85546875 0.419921875 0.033203125 0.046875
0 0.8798828125 0.431640625 0.048828125 0.0517578125
0 0.443359375 0.609375 0.166015625 0.3017578125
0 0.234375 0.6630859375 0.103515625 0.197265625
0 0.5 0.640625 0.111328125 0.232421875
0 0.3955078125 0.7099609375 0.1376953125 0.255859375
0 0.259765625 0.7724609375 0.138671875 0.2861328125
0 0.1162109375 0.84375 0.103515625 0.216796875
0 0.0361328125 0.9306640625 0.072265625 0.134765625
0 0.1044921875 0.9287109375 0.1513671875 0.1376953125
0 0.455078125 0.923828125 0.1220703125 0.146484375
0 0.357421875 0.935546875 0.146484375 0.123046875
0 0.16015625 0.966796875 0.142578125 0.060546875
0 0.4150390625 0.97265625 0.09375 0.0517578125
0 0.080078125 0.5400390625 0.1591796875 0.1611328125
0 0.318359375 0.501953125 0.1328125 0.087890625
0 0.77734375 0.728515625 0.4404296875 0.5390625