0 0.126953125 0.388671875 0.103515625 0.044921875
0 0.0869140625 0.029296875 0.064453125 0.0546875
0 0.0341796875 0.033203125 0.0546875 0.037109375
0 0.1376953125 0.0791015625 0.0732421875 0.048828125
0 0.0810546875 0.119140625 0.052734375 0.033203125
0 0.025390625 0.115234375 0.0498046875 0.041015625
0 0.076171875 0.1533203125 0.0576171875 0.037109375
0 0.076171875 0.228515625 0.0908203125 0.0625
0 0.0732421875 0.294921875 0.0859375 0.0595703125
0 0.013671875 0.310546875 0.0263671875 0.0546875
0 0.1005859375 0.3623046875 0.0576171875 0.037109375
0 0.677734375 0.041015625 0.111328125 0.0810546875
0 0.876953125 0.0771484375 0.0732421875 0.09375
0 0.85546875 0.1015625 0.0673828125 0.0732421875
0 0.703125 0.12109375 0.0703125 0.083984375
0 0.642578125 0.1357421875 0.109375 0.1279296875
0 0.8701171875 0.1640625 0.052734375 0.078125
0 0.681640625 0.19921875 0.083984375 0.0859375
0 0.677734375 0.275390625 0.072265625 0.083984375
0 0.859375 0.423828125 0.2763671875 0.326171875
0 0.578125 0.423828125 0.1376953125 0.123046875
0 0.5869140625 0.5224609375 0.125 0.1279296875
0 0.5458984375 0.5439453125 0.0625 0.0546875
0 0.951171875 0.576171875 0.0576171875 0.0205078125
0 0.578125 0.572265625 0.1142578125 0.0283203125
0 0.85546875 0.0244140625 0.1064453125 0.048828125
0 0.375 0.59765625 0.072265625 0.017578125
0 0.0732421875 0.6611328125 0.146484375 0.1455078125
0 0.39453125 0.626953125 0.076171875 0.0751953125
0 0.33203125 0.685546875 0.087890625 0.0859375
0 0.072265625 0.66796875 0.0732421875 0.0908203125
0 0.20703125 0.701171875 0.091796875 0.0986328125
0 0.013671875 0.7333984375 0.02734375 0.083984375
0 0.3525390625 0.767578125 0.107421875 0.080078125
0 0.099609375 0.77734375 0.1142578125 0.103515625
0 0.251953125 0.806640625 0.0751953125 0.0830078125
0 0.033203125 0.8076171875 0.0654296875 0.052734375
0 0.3388671875 0.861328125 0.1591796875 0.130859375
0 0.4892578125 0.900390625 0.0361328125 0.107421875
0 0.2099609375 0.8818359375 0.1279296875 0.130859375
0 0.013671875 0.87109375 0.0263671875 0.119140625
0 0.4599609375 0.9228515625 0.0888671875 0.111328125
0 0.416015625 0.9423828125 0.076171875 0.072265625
0 0.103515625 0.9072265625 0.2060546875 0.1796875
0 0.3388671875 0.9638671875 0.0830078125 0.0673828125
0 0.267578125 0.9638671875 0.1298828125 0.0673828125
0 0.75390625 0.8017578125 0.4892578125 0.392578125