0 0.4775390625 0.173828125 0.09375 0.0888671875
0 0.3818359375 0.1796875 0.052734375 0.0703125
0 0.3388671875 0.20703125 0.0439453125 0.0732421875
0 0.451171875 0.2294921875 0.0546875 0.076171875
0 0.1416015625 0.197265625 0.052734375 0.078125
0 0.1767578125 0.208984375 0.0517578125 0.0859375
0 0.2275390625 0.310546875 0.056640625 0.078125
0 0.603515625 0.380859375 0.025390625 0.1328125
0 0.4658203125 0.3740234375 0.0908203125 0.1044921875
0 0.142578125 0.4072265625 0.060546875 0.087890625
0 0.4736328125 0.47265625 0.0732421875 0.0908203125
0 0.193359375 0.46484375 0.0654296875 0.087890625
0 0.439453125 0.505859375 0.0673828125 0.0751953125
0 0.375 0.50390625 0.048828125 0.0751953125
0 0.3076171875 0.5634765625 0.0576171875 0.0830078125
0 0.43359375 0.591796875 0.0498046875 0.0732421875
0 0.3994140625 0.5869140625 0.0673828125 0.0830078125
0 0.5 0.6162109375 0.091796875 0.0595703125
0 0.2763671875 0.638671875 0.048828125 0.013671875
0 0.876953125 0.048828125 0.240234375 0.0966796875
0 0.96484375 0.154296875 0.0654296875 0.134765625
0 0.7490234375 0.146484375 0.181640625 0.123046875
0 0.873046875 0.29296875 0.248046875 0.216796875
0 0.947265625 0.373046875 0.1015625 0.1142578125
0 0.7421875 0.421875 0.1376953125 0.1142578125
0 0.9638671875 0.533203125 0.0673828125 0.1015625
0 0.787109375 0.5361328125 0.294921875 0.2216796875
0 0.4619140625 0.689453125 0.0341796875 0.033203125
0 0.30078125 0.6748046875 0.0498046875 0.03125
0 0.4072265625 0.689453125 0.0341796875 0.0341796875
0 0.353515625 0.6865234375 0.029296875 0.03125
0 0.5556640625 0.7490234375 0.0390625 0.0234375
0 0.302734375 0.806640625 0.046875 0.0419921875
0 0.51171875 0.8515625 0.0673828125 0.0498046875
0 0.3779296875 0.841796875 0.0546875 0.0341796875
0 0.267578125 0.8349609375 0.017578125 0.017578125
0 0.27734375 0.8740234375 0.0498046875 0.037109375
0 0.1845703125 0.908203125 0.021484375 0.025390625
0 0.2578125 0.927734375 0.0390625 0.025390625
0 0.4462890625 0.9814453125 0.033203125 0.029296875
0 0.486328125 0.986328125 0.048828125 0.021484375
0 0.353515625 0.9736328125 0.0234375 0.015625
0 0.6826171875 0.6650390625 0.1298828125 0.03125
0 0.814453125 0.6806640625 0.1328125 0.0625
0 0.859375 0.7373046875 0.0888671875 0.0810546875
0 0.708984375 0.748046875 0.173828125 0.154296875
0 0.8857421875 0.77734375 0.0888671875 0.0888671875
0 0.7783203125 0.859375 0.134765625 0.1279296875
0 0.6748046875 0.849609375 0.0625 0.0654296875
0 0.873046875 0.8798828125 0.083984375 0.0810546875
0 0.712890625 0.9384765625 0.109375 0.1171875