0 0.0908203125 0.009765625 0.087890625 0.0185546875
0 0.6025390625 0.044921875 0.095703125 0.08984375
0 0.630859375 0.236328125 0.1328125 0.267578125
0 0.3486328125 0.2236328125 0.697265625 0.447265625
0 0.046875 0.41796875 0.09375 0.0576171875
0 0.7431640625 0.013671875 0.048828125 0.02734375
0 0.931640625 0.0205078125 0.0654296875 0.041015625
0 0.982421875 0.025390625 0.029296875 0.0361328125
0 0.79296875 0.0205078125 0.0673828125 0.041015625
0 0.712890625 0.0537109375 0.0263671875 0.0751953125
0 0.884765625 0.080078125 0.0751953125 0.064453125
0 0.982421875 0.1337890625 0.03125 0.0732421875
0 0.962890625 0.173828125 0.0703125 0.060546875
0 0.826171875 0.1689453125 0.0673828125 0.068359375
0 0.8984375 0.212890625 0.046875 0.037109375
0 0.71875 0.216796875 0.0390625 0.0576171875
0 0.79296875 0.2314453125 0.0673828125 0.041015625
0 0.8447265625 0.2724609375 0.068359375 0.0498046875
0 0.7685546875 0.3134765625 0.0859375 0.0654296875
0 0.7236328125 0.341796875 0.048828125 0.0888671875
0 0.0419921875 0.798828125 0.017578125 0.025390625
0 0.154296875 0.8271484375 0.0546875 0.0595703125
0 0.11328125 0.828125 0.029296875 0.017578125
0 0.080078125 0.837890625 0.013671875 0.0263671875
0 0.0615234375 0.8408203125 0.0126953125 0.017578125
0 0.2607421875 0.8544921875 0.0283203125 0.0283203125
0 0.212890625 0.8681640625 0.041015625 0.029296875
0 0.0771484375 0.8671875 0.0439453125 0.0283203125
0 0.263671875 0.880859375 0.037109375 0.0205078125
0 0.19140625 0.8779296875 0.037109375 0.029296875
0 0.263671875 0.8857421875 0.0263671875 0.017578125
0 0.2275390625 0.900390625 0.0283203125 0.0283203125
0 0.2607421875 0.908203125 0.0283203125 0.025390625
0 0.1044921875 0.767578125 0.0263671875 0.017578125