0 0.501953125 0.1201171875 0.03125 0.076171875
0 0.4697265625 0.1435546875 0.0498046875 0.076171875
0 0.27734375 0.126953125 0.0595703125 0.0830078125
0 0.3095703125 0.1396484375 0.0576171875 0.087890625
0 0.3427734375 0.2451171875 0.0625 0.0830078125
0 0.2470703125 0.3369140625 0.0673828125 0.091796875
0 0.2880859375 0.3994140625 0.0703125 0.091796875
0 0.501953125 0.44921875 0.0283203125 0.0830078125
0 0.462890625 0.443359375 0.0546875 0.080078125
0 0.3876953125 0.5 0.064453125 0.087890625
0 0.498046875 0.533203125 0.0390625 0.076171875
0 0.4736328125 0.529296875 0.072265625 0.087890625
0 0.337890625 0.607421875 0.0517578125 0.076171875
0 0.080078125 0.638671875 0.080078125 0.0966796875
0 0.1875 0.6611328125 0.0576171875 0.052734375
0 0.310546875 0.650390625 0.146484375 0.0751953125
0 0.6748046875 0.154296875 0.0703125 0.091796875
0 0.8857421875 0.203125 0.046875 0.0751953125
0 0.78125 0.1953125 0.0439453125 0.0595703125
0 0.72265625 0.1884765625 0.095703125 0.130859375
0 0.80859375 0.208984375 0.0419921875 0.0576171875
0 0.6865234375 0.1904296875 0.046875 0.0654296875
0 0.75390625 0.232421875 0.041015625 0.0498046875
0 0.6201171875 0.216796875 0.048828125 0.0625
0 0.7763671875 0.248046875 0.0439453125 0.0595703125
0 0.654296875 0.23046875 0.0595703125 0.078125
0 0.6279296875 0.251953125 0.0673828125 0.0703125
0 0.736328125 0.29296875 0.0439453125 0.0625
0 0.6650390625 0.3095703125 0.083984375 0.109375
0 0.7802734375 0.3369140625 0.046875 0.072265625
0 0.736328125 0.3505859375 0.060546875 0.068359375
0 0.6953125 0.349609375 0.080078125 0.0966796875
0 0.603515625 0.3623046875 0.048828125 0.0625
0 0.626953125 0.3798828125 0.033203125 0.0419921875
0 0.7275390625 0.40234375 0.046875 0.0595703125
0 0.642578125 0.4013671875 0.0732421875 0.0830078125
0 0.677734375 0.416015625 0.0341796875 0.046875
0 0.650390625 0.4375 0.0517578125 0.0625
0 0.6572265625 0.45703125 0.03125 0.041015625
0 0.70703125 0.48046875 0.0439453125 0.0576171875
0 0.6318359375 0.4697265625 0.0439453125 0.0546875
0 0.6005859375 0.4736328125 0.048828125 0.0625
0 0.66015625 0.5205078125 0.041015625 0.0498046875
0 0.580078125 0.53125 0.041015625 0.0439453125
0 0.6162109375 0.564453125 0.0361328125 0.033203125
0 0.60546875 0.603515625 0.0390625 0.0419921875
0 0.59375 0.6279296875 0.0439453125 0.044921875
0 0.837890625 0.06640625 0.0595703125 0.083984375
0 0.6875 0.044921875 0.0546875 0.0703125
0 0.814453125 0.0654296875 0.029296875 0.0498046875
0 0.8154296875 0.0908203125 0.0361328125 0.046875
0 0.701171875 0.0712890625 0.0625 0.083984375
0 0.75 0.103515625 0.095703125 0.0908203125
0 0.62109375 0.080078125 0.03125 0.0546875
0 0.80859375 0.158203125 0.0703125 0.0966796875
0 0.494140625 0.69921875 0.044921875 0.0205078125
0 0.501953125 0.728515625 0.0283203125 0.076171875
0 0.451171875 0.7255859375 0.0673828125 0.072265625
0 0.5068359375 0.7587890625 0.0205078125 0.0546875
0 0.5 0.8017578125 0.0341796875 0.0703125
0 0.4033203125 0.79296875 0.0517578125 0.0673828125
0 0.490234375 0.830078125 0.0439453125 0.041015625
0 0.431640625 0.8203125 0.041015625 0.0546875
0 0.37890625 0.822265625 0.0419921875 0.0595703125
0 0.5 0.861328125 0.0341796875 0.0654296875
0 0.2158203125 0.8095703125 0.033203125 0.037109375
0 0.384765625 0.8671875 0.0390625 0.048828125
0 0.466796875 0.8857421875 0.048828125 0.0546875
0 0.4228515625 0.8857421875 0.0703125 0.0751953125
0 0.4609375 0.91796875 0.037109375 0.037109375
0 0.4365234375 0.9482421875 0.046875 0.0595703125
0 0.375 0.943359375 0.0439453125 0.0498046875
0 0.3935546875 0.951171875 0.033203125 0.0419921875
0 0.404296875 0.974609375 0.03125 0.03125
0 0.4130859375 0.986328125 0.029296875 0.021484375
0 0.359375 0.978515625 0.0517578125 0.0390625
0 0.4375 0.9892578125 0.0439453125 0.017578125
0 0.298828125 0.982421875 0.0390625 0.029296875
0 0.314453125 0.98828125 0.0517578125 0.0205078125
0 0.703125 0.7236328125 0.248046875 0.0673828125
0 0.974609375 0.966796875 0.044921875 0.060546875
0 0.95703125 0.966796875 0.0830078125 0.0625