0 0.3779296875 0.271484375 0.275390625 0.54296875
0 0.12890625 0.3974609375 0.2578125 0.2529296875
0 0.3193359375 0.5419921875 0.2109375 0.185546875
0 0.587890625 0.603515625 0.1376953125 0.0673828125
0 0.751953125 0.6044921875 0.232421875 0.0654296875
0 0.318359375 0.732421875 0.1611328125 0.1845703125
0 0.1474609375 0.8046875 0.1357421875 0.171875
0 0.375 0.8515625 0.072265625 0.09375
0 0.2646484375 0.908203125 0.03125 0.0654296875
0 0.0107421875 0.892578125 0.021484375 0.0703125
0 0.3408203125 0.931640625 0.052734375 0.072265625
0 0.0732421875 0.966796875 0.056640625 0.0625
0 0.095703125 0.9775390625 0.044921875 0.041015625
0 0.8193359375 0.818359375 0.3564453125 0.357421875
0 0.5517578125 0.80859375 0.0654296875 0.0986328125
0 0.5400390625 0.8330078125 0.041015625 0.080078125
0 0.5400390625 0.8955078125 0.041015625 0.083984375
0 0.552734375 0.72265625 0.0673828125 0.119140625