0 0.2255859375 0.2158203125 0.134765625 0.119140625
0 0.06640625 0.287109375 0.1328125 0.205078125
0 0.3623046875 0.38671875 0.0908203125 0.1201171875
0 0.21484375 0.4287109375 0.064453125 0.0986328125
0 0.1806640625 0.458984375 0.0595703125 0.0908203125
0 0.3466796875 0.486328125 0.1064453125 0.0703125
0 0.205078125 0.486328125 0.0703125 0.0830078125
0 0.0537109375 0.4580078125 0.107421875 0.1376953125
0 0.138671875 0.486328125 0.076171875 0.080078125
0 0.404296875 0.0556640625 0.0654296875 0.111328125
0 0.3134765625 0.068359375 0.166015625 0.130859375
0 0.1845703125 0.119140625 0.083984375 0.0888671875
0 0.375 0.138671875 0.125 0.107421875
0 0.970703125 0.380859375 0.033203125 0.0390625
0 0.94140625 0.37890625 0.0283203125 0.0517578125
0 0.8798828125 0.376953125 0.025390625 0.0390625
0 0.9677734375 0.404296875 0.0126953125 0.0234375
0 0.970703125 0.4130859375 0.015625 0.0205078125
0 0.857421875 0.408203125 0.0703125 0.0673828125
0 0.9912109375 0.4267578125 0.0126953125 0.041015625
0 0.9287109375 0.423828125 0.0126953125 0.029296875
0 0.900390625 0.423828125 0.0263671875 0.029296875
0 0.8828125 0.4306640625 0.0205078125 0.0390625
0 0.853515625 0.447265625 0.0439453125 0.0595703125
0 0.97265625 0.458984375 0.037109375 0.0283203125
0 0.986328125 0.46484375 0.025390625 0.044921875
0 0.8876953125 0.466796875 0.0390625 0.0390625
0 0.9296875 0.4931640625 0.037109375 0.0439453125
0 0.958984375 0.494140625 0.0390625 0.0419921875
0 0.392578125 0.556640625 0.0888671875 0.056640625
0 0.251953125 0.55859375 0.1064453125 0.060546875
0 0.330078125 0.568359375 0.076171875 0.080078125
0 0.279296875 0.599609375 0.087890625 0.1123046875
0 0.193359375 0.603515625 0.0517578125 0.0751953125
0 0.36328125 0.6328125 0.0341796875 0.064453125
0 0.302734375 0.71484375 0.048828125 0.091796875
0 0.408203125 0.9189453125 0.0439453125 0.0546875
0 0.306640625 0.9150390625 0.03125 0.046875
0 0.251953125 0.962890625 0.0703125 0.0703125
0 0.755859375 0.615234375 0.15625 0.173828125
0 0.541015625 0.7666015625 0.064453125 0.0810546875
0 0.7724609375 0.7841796875 0.09375 0.1123046875
0 0.982421875 0.830078125 0.03125 0.1201171875
0 0.869140625 0.826171875 0.103515625 0.134765625
0 0.947265625 0.8505859375 0.076171875 0.125
0 0.8974609375 0.904296875 0.087890625 0.1123046875
0 0.8115234375 0.908203125 0.0517578125 0.076171875
0 0.9814453125 0.9384765625 0.0341796875 0.064453125
0 0.921875 0.984375 0.0517578125 0.0263671875