0 0.451171875 0.0205078125 0.056640625 0.041015625
0 0.505859375 0.029296875 0.05859375 0.05859375
0 0.24609375 0.0673828125 0.2626953125 0.134765625
0 0.37109375 0.158203125 0.333984375 0.2451171875
0 0.1708984375 0.173828125 0.087890625 0.0654296875
0 0.048828125 0.1923828125 0.09765625 0.166015625
0 0.1875 0.2001953125 0.1201171875 0.1015625
0 0.36328125 0.3291015625 0.1171875 0.125
0 0.0537109375 0.3525390625 0.107421875 0.181640625
0 0.2705078125 0.3798828125 0.169921875 0.173828125
0 0.3701171875 0.4111328125 0.1015625 0.111328125
0 0.96484375 0.123046875 0.0654296875 0.09375
0 0.94921875 0.1884765625 0.072265625 0.0751953125
0 0.845703125 0.1953125 0.0673828125 0.083984375
0 0.7431640625 0.279296875 0.048828125 0.0966796875
0 0.7626953125 0.2998046875 0.0625 0.0576171875
0 0.7939453125 0.302734375 0.0439453125 0.0576171875
0 0.708984375 0.3408203125 0.0439453125 0.0546875
0 0.9140625 0.3447265625 0.0595703125 0.068359375
0 0.685546875 0.34765625 0.0361328125 0.0888671875
0 0.685546875 0.384765625 0.0341796875 0.158203125
0 0.970703125 0.484375 0.052734375 0.03125
0 0.693359375 0.4931640625 0.0517578125 0.048828125
0 0.9169921875 0.51953125 0.119140625 0.1015625
0 0.685546875 0.505859375 0.0341796875 0.0654296875
0 0.96484375 0.5888671875 0.0654296875 0.1591796875
0 0.6982421875 0.62109375 0.0595703125 0.0751953125
0 0.71875 0.67578125 0.0810546875 0.1298828125
0 0.8662109375 0.8837890625 0.0751953125 0.103515625
0 0.697265625 0.9111328125 0.0576171875 0.1064453125
0 0.98046875 0.923828125 0.0341796875 0.072265625
0 0.7646484375 0.9208984375 0.0595703125 0.0732421875
0 0.8896484375 0.9365234375 0.0546875 0.0654296875
0 0.671875 0.966796875 0.0078125 0.0625