0 0.263671875 0.029296875 0.0419921875 0.0390625
0 0.181640625 0.0400390625 0.046875 0.0361328125
0 0.3310546875 0.087890625 0.0576171875 0.0517578125
0 0.2216796875 0.0771484375 0.041015625 0.052734375
0 0.3466796875 0.140625 0.0390625 0.0419921875
0 0.2421875 0.126953125 0.033203125 0.03125
0 0.3251953125 0.19140625 0.0361328125 0.0517578125
0 0.234375 0.248046875 0.0546875 0.0625
0 0.22265625 0.3017578125 0.0419921875 0.0419921875
0 0.201171875 0.3232421875 0.046875 0.0361328125
0 0.0908203125 0.330078125 0.037109375 0.0361328125
0 0.185546875 0.349609375 0.044921875 0.0517578125
0 0.0966796875 0.376953125 0.044921875 0.052734375
0 0.1435546875 0.4052734375 0.0419921875 0.0361328125
0 0.044921875 0.41015625 0.037109375 0.03125
0 0.111328125 0.435546875 0.041015625 0.048828125
0 0.0595703125 0.4375 0.037109375 0.0390625
0 0.9775390625 0.16796875 0.041015625 0.0625
0 0.890625 0.361328125 0.041015625 0.0576171875
0 0.859375 0.416015625 0.044921875 0.078125
0 0.892578125 0.44140625 0.060546875 0.0751953125
0 0.8310546875 0.4423828125 0.048828125 0.0625
0 0.8798828125 0.4755859375 0.048828125 0.0439453125
0 0.400390625 0.517578125 0.1171875 0.0341796875
0 0.31640625 0.52734375 0.0654296875 0.056640625
0 0.244140625 0.51953125 0.0703125 0.0390625
0 0.17578125 0.548828125 0.1298828125 0.0966796875
0 0.353515625 0.56640625 0.076171875 0.0751953125
0 0.509765625 0.619140625 0.091796875 0.1953125
0 0.3955078125 0.6083984375 0.064453125 0.0625
0 0.431640625 0.634765625 0.1171875 0.126953125
0 0.23046875 0.623046875 0.125 0.1591796875
0 0.4541015625 0.7265625 0.0908203125 0.115234375
0 0.4013671875 0.927734375 0.0625 0.078125
0 0.048828125 0.890625 0.0830078125 0.1044921875
0 0.1630859375 0.953125 0.0625 0.0703125
0 0.060546875 0.947265625 0.0595703125 0.068359375
0 0.1923828125 0.9794921875 0.111328125 0.0361328125
0 0.98046875 0.546875 0.0341796875 0.0751953125
0 0.5869140625 0.505859375 0.0390625 0.0126953125
0 0.884765625 0.5576171875 0.033203125 0.048828125
0 0.806640625 0.5517578125 0.0361328125 0.0595703125
0 0.8623046875 0.5771484375 0.033203125 0.048828125
0 0.986328125 0.630859375 0.025390625 0.0654296875
0 0.8037109375 0.6005859375 0.0361328125 0.0625
0 0.8916015625 0.6396484375 0.048828125 0.0625
0 0.9912109375 0.6787109375 0.0126953125 0.0546875
0 0.7197265625 0.62890625 0.0498046875 0.0654296875
0 0.56640625 0.603515625 0.017578125 0.0576171875
0 0.576171875 0.65234375 0.0361328125 0.0703125
0 0.8642578125 0.7119140625 0.0361328125 0.048828125
0 0.625 0.751953125 0.052734375 0.078125
0 0.921875 0.8193359375 0.041015625 0.0673828125
0 0.984375 0.83984375 0.0263671875 0.0986328125
0 0.736328125 0.818359375 0.0625 0.09375
0 0.6533203125 0.8251953125 0.0419921875 0.0576171875
0 0.80859375 0.87890625 0.0361328125 0.046875
0 0.578125 0.83984375 0.041015625 0.0986328125
0 0.6748046875 0.8740234375 0.0234375 0.03125
0 0.5693359375 0.861328125 0.0234375 0.0517578125
0 0.896484375 0.939453125 0.0390625 0.0654296875
0 0.6708984375 0.9150390625 0.03125 0.046875
0 0.6943359375 0.931640625 0.0283203125 0.046875
0 0.919921875 0.970703125 0.0439453125 0.052734375
0 0.7646484375 0.9638671875 0.0361328125 0.052734375
0 0.697265625 0.96875 0.048828125 0.0576171875
0 0.591796875 0.9599609375 0.048828125 0.0751953125
0 0.5732421875 0.9736328125 0.03125 0.048828125