0 0.4677734375 0.267578125 0.046875 0.064453125
0 0.576171875 0.298828125 0.0361328125 0.064453125
0 0.232421875 0.279296875 0.0419921875 0.0576171875
0 0.185546875 0.298828125 0.0498046875 0.083984375
0 0.193359375 0.33203125 0.041015625 0.0576171875
0 0.466796875 0.40625 0.0830078125 0.138671875
0 0.32421875 0.4345703125 0.0576171875 0.0859375
0 0.302734375 0.4853515625 0.0283203125 0.0673828125
0 0.3193359375 0.505859375 0.0341796875 0.0546875
0 0.314453125 0.541015625 0.0341796875 0.0576171875
0 0.056640625 0.56640625 0.0419921875 0.060546875
0 0.171875 0.58203125 0.0654296875 0.029296875
0 0.3955078125 0.140625 0.0419921875 0.056640625
0 0.517578125 0.17578125 0.0419921875 0.0576171875
0 0.9775390625 0.232421875 0.041015625 0.1640625
0 0.8447265625 0.2939453125 0.0703125 0.09375
0 0.7578125 0.31640625 0.0595703125 0.0859375
0 0.982421875 0.4169921875 0.03125 0.107421875
0 0.697265625 0.3486328125 0.1142578125 0.134765625
0 0.6474609375 0.35546875 0.0595703125 0.138671875
0 0.640625 0.447265625 0.044921875 0.072265625
0 0.8173828125 0.5625 0.076171875 0.0673828125
0 0.2294921875 0.6298828125 0.2529296875 0.0625
0 0.125 0.6630859375 0.25 0.1298828125
0 0.14453125 0.8154296875 0.1455078125 0.1689453125
0 0.048828125 0.7861328125 0.0966796875 0.1591796875
0 0.458984375 0.9248046875 0.125 0.134765625
0 0.015625 0.888671875 0.03125 0.09375
0 0.0224609375 0.927734375 0.044921875 0.0830078125
0 0.306640625 0.908203125 0.3251953125 0.177734375
0 0.0087890625 0.9423828125 0.017578125 0.0966796875