0 0.4130859375 0.134765625 0.0576171875 0.0908203125
0 0.44921875 0.15625 0.0341796875 0.052734375
0 0.4501953125 0.193359375 0.0498046875 0.0361328125
0 0.15234375 0.2919921875 0.064453125 0.083984375
0 0.306640625 0.275390625 0.041015625 0.0654296875
0 0.171875 0.369140625 0.03125 0.0517578125
0 0.322265625 0.3515625 0.0390625 0.068359375
0 0.0556640625 0.3857421875 0.0390625 0.0654296875
0 0.1318359375 0.3857421875 0.029296875 0.0546875
0 0.208984375 0.009765625 0.0576171875 0.0185546875
0 0.2900390625 0.0361328125 0.0546875 0.072265625
0 0.119140625 0.044921875 0.044921875 0.0859375
0 0.2529296875 0.048828125 0.0595703125 0.0830078125
0 0.37890625 0.0673828125 0.0703125 0.1064453125
0 0.31640625 0.091796875 0.046875 0.0732421875
0 0.259765625 0.1025390625 0.0390625 0.060546875
0 0.2900390625 0.099609375 0.046875 0.064453125
0 0.7578125 0.212890625 0.478515625 0.4248046875
0 0.2392578125 0.611328125 0.0263671875 0.0361328125
0 0.32421875 0.6123046875 0.0283203125 0.0439453125
0 0.357421875 0.6552734375 0.033203125 0.041015625
0 0.3251953125 0.673828125 0.0205078125 0.03125
0 0.31640625 0.677734375 0.0185546875 0.0185546875
0 0.3759765625 0.6708984375 0.0205078125 0.03125
0 0.41015625 0.68359375 0.0185546875 0.0263671875
0 0.33984375 0.6923828125 0.0263671875 0.0341796875
0 0.3876953125 0.689453125 0.015625 0.0283203125
0 0.314453125 0.697265625 0.013671875 0.025390625
0 0.169921875 0.716796875 0.041015625 0.048828125
0 0.349609375 0.7041015625 0.017578125 0.0234375
0 0.3310546875 0.70703125 0.0185546875 0.0263671875
0 0.51171875 0.685546875 0.009765625 0.0341796875
0 0.4921875 0.6943359375 0.033203125 0.0439453125
0 0.248046875 0.7294921875 0.03125 0.0361328125
0 0.064453125 0.7509765625 0.0517578125 0.0546875
0 0.18359375 0.7451171875 0.03125 0.0439453125
0 0.2734375 0.73828125 0.033203125 0.0439453125
0 0.115234375 0.763671875 0.033203125 0.0361328125
0 0.353515625 0.75 0.0283203125 0.0341796875
0 0.203125 0.7744140625 0.03125 0.0390625
0 0.0810546875 0.7919921875 0.033203125 0.0361328125
0 0.35546875 0.78125 0.0341796875 0.048828125
0 0.470703125 0.771484375 0.0341796875 0.052734375
0 0.404296875 0.78515625 0.033203125 0.046875
0 0.2822265625 0.814453125 0.03125 0.044921875
0 0.427734375 0.7998046875 0.0283203125 0.0439453125
0 0.3408203125 0.818359375 0.0234375 0.0263671875
0 0.24609375 0.8369140625 0.0888671875 0.0908203125
0 0.1845703125 0.8447265625 0.0810546875 0.09375
0 0.3876953125 0.82421875 0.048828125 0.0625
0 0.35546875 0.8291015625 0.0234375 0.0283203125
0 0.095703125 0.8701171875 0.0361328125 0.0576171875
0 0.51171875 0.830078125 0.009765625 0.044921875
0 0.3642578125 0.853515625 0.0263671875 0.0341796875
0 0.3251953125 0.86328125 0.03125 0.0390625
0 0.2490234375 0.880859375 0.0517578125 0.0595703125
0 0.4248046875 0.859375 0.0341796875 0.046875
0 0.513671875 0.859375 0.0078125 0.0263671875
0 0.1787109375 0.8994140625 0.044921875 0.0498046875
0 0.205078125 0.8974609375 0.052734375 0.0546875
0 0.37109375 0.8818359375 0.0263671875 0.0439453125
0 0.4091796875 0.876953125 0.0361328125 0.0390625
0 0.3134765625 0.9169921875 0.0263671875 0.041015625
0 0.4375 0.9013671875 0.0439453125 0.0498046875
0 0.2216796875 0.935546875 0.041015625 0.048828125
0 0.337890625 0.921875 0.041015625 0.0517578125
0 0.3876953125 0.91796875 0.021484375 0.037109375
0 0.4052734375 0.92578125 0.033203125 0.0341796875
0 0.19921875 0.95703125 0.0390625 0.0439453125
0 0.509765625 0.9326171875 0.013671875 0.0439453125
0 0.474609375 0.9443359375 0.0361328125 0.048828125
0 0.31640625 0.966796875 0.0361328125 0.060546875
0 0.203125 0.9775390625 0.056640625 0.041015625
0 0.23828125 0.9794921875 0.0439453125 0.0361328125
0 0.40234375 0.9736328125 0.04296875 0.052734375
0 0.470703125 0.970703125 0.041015625 0.056640625
0 0.4443359375 0.982421875 0.0234375 0.03125
0 0.5 0.9736328125 0.0341796875 0.048828125
0 0.3798828125 0.986328125 0.048828125 0.025390625
0 0.455078125 0.9912109375 0.0263671875 0.0126953125
0 0.751953125 0.5087890625 0.1044921875 0.119140625
0 0.546875 0.546875 0.056640625 0.083984375
0 0.6689453125 0.583984375 0.09375 0.0908203125
0 0.544921875 0.701171875 0.0517578125 0.1904296875
0 0.609375 0.73828125 0.0751953125 0.064453125
0 0.7685546875 0.7373046875 0.1953125 0.2060546875
0 0.580078125 0.814453125 0.0908203125 0.072265625
0 0.6005859375 0.47265625 0.0625 0.0654296875
0 0.7255859375 0.4794921875 0.1640625 0.103515625