0 0.2236328125 0.048828125 0.216796875 0.0966796875
0 0.533203125 0.095703125 0.1044921875 0.126953125
0 0.380859375 0.130859375 0.0751953125 0.103515625
0 0.341796875 0.1630859375 0.0703125 0.095703125
0 0.50390625 0.1962890625 0.1142578125 0.080078125
0 0.3623046875 0.1943359375 0.076171875 0.0966796875
0 0.1953125 0.181640625 0.1611328125 0.2001953125
0 0.2978515625 0.193359375 0.0859375 0.09375
0 0.689453125 0.255859375 0.052734375 0.1513671875
0 0.1259765625 0.24609375 0.1748046875 0.2001953125
0 0.529296875 0.2958984375 0.21875 0.1611328125
0 0.37890625 0.2958984375 0.1435546875 0.130859375
0 0.029296875 0.373046875 0.0576171875 0.15625
0 0.111328125 0.388671875 0.1455078125 0.125
0 0.498046875 0.43359375 0.0595703125 0.044921875
0 0.267578125 0.421875 0.123046875 0.0703125
0 0.18359375 0.412109375 0.107421875 0.0888671875
0 0.095703125 0.419921875 0.1591796875 0.0751953125
0 0.951171875 0.0439453125 0.0517578125 0.087890625
0 0.98046875 0.072265625 0.029296875 0.0498046875
0 0.970703125 0.1064453125 0.046875 0.03125
0 0.806640625 0.158203125 0.037109375 0.060546875
0 0.796875 0.2373046875 0.037109375 0.0654296875
0 0.939453125 0.01171875 0.0673828125 0.0234375
0 0.873046875 0.009765625 0.048828125 0.0185546875
0 0.84375 0.0068359375 0.0439453125 0.013671875
0 0.384765625 0.73828125 0.044921875 0.041015625
0 0.3876953125 0.7734375 0.044921875 0.037109375
0 0.3349609375 0.8349609375 0.0546875 0.0595703125
0 0.0302734375 0.806640625 0.056640625 0.0673828125
0 0.19140625 0.8486328125 0.0517578125 0.0673828125
0 0.033203125 0.83984375 0.0654296875 0.0888671875
0 0.4267578125 0.8974609375 0.0517578125 0.064453125
0 0.5283203125 0.9130859375 0.146484375 0.1669921875
0 0.697265625 0.931640625 0.0390625 0.0888671875
0 0.2568359375 0.931640625 0.0576171875 0.044921875
0 0.42578125 0.9521484375 0.052734375 0.0498046875
0 0.435546875 0.962890625 0.052734375 0.0517578125
0 0.310546875 0.955078125 0.072265625 0.0703125
0 0.462890625 0.982421875 0.080078125 0.03125
0 0.857421875 0.607421875 0.279296875 0.294921875
0 0.859375 0.697265625 0.2763671875 0.4765625