0 0.50390625 0.51953125 0.044921875 0.029296875
0 0.77734375 0.521484375 0.041015625 0.033203125
0 0.8798828125 0.52734375 0.0390625 0.0361328125
0 0.935546875 0.537109375 0.044921875 0.041015625
0 0.419921875 0.541015625 0.0419921875 0.0498046875
0 0.6064453125 0.544921875 0.0595703125 0.0419921875
0 0.6669921875 0.55078125 0.041015625 0.029296875
0 0.4697265625 0.552734375 0.064453125 0.046875
0 0.7841796875 0.564453125 0.0439453125 0.0390625
0 0.7255859375 0.5712890625 0.0390625 0.041015625
0 0.9189453125 0.578125 0.044921875 0.0263671875
0 0.982421875 0.587890625 0.033203125 0.0361328125
0 0.7734375 0.5966796875 0.0517578125 0.0390625
0 0.345703125 0.59765625 0.107421875 0.0654296875
0 0.5615234375 0.611328125 0.0703125 0.0595703125
0 0.8193359375 0.61328125 0.0390625 0.0361328125
0 0.9072265625 0.65234375 0.064453125 0.044921875
0 0.26171875 0.6533203125 0.0625 0.046875
0 0.681640625 0.658203125 0.0703125 0.0703125
0 0.9833984375 0.66796875 0.029296875 0.0283203125
0 0.103515625 0.6767578125 0.056640625 0.041015625
0 0.318359375 0.6845703125 0.078125 0.060546875
0 0.802734375 0.6904296875 0.078125 0.078125
0 0.1728515625 0.6904296875 0.072265625 0.0595703125
0 0.0576171875 0.69921875 0.0625 0.033203125
0 0.6435546875 0.69921875 0.0703125 0.052734375
0 0.5029296875 0.705078125 0.064453125 0.0654296875
0 0.173828125 0.740234375 0.0595703125 0.037109375
0 0.5751953125 0.7451171875 0.0439453125 0.0341796875
0 0.0810546875 0.7529296875 0.0419921875 0.0439453125
0 0.3720703125 0.7578125 0.0810546875 0.0498046875
0 0.4697265625 0.7666015625 0.064453125 0.037109375
0 0.2666015625 0.775390625 0.056640625 0.041015625
0 0.2119140625 0.7841796875 0.052734375 0.0546875
0 0.5234375 0.806640625 0.0673828125 0.044921875
0 0.33203125 0.818359375 0.0390625 0.0498046875
0 0.224609375 0.8291015625 0.0810546875 0.056640625
0 0.447265625 0.8525390625 0.0830078125 0.060546875
0 0.361328125 0.88671875 0.125 0.0810546875
0 0.7978515625 0.3330078125 0.099609375 0.083984375
0 0.90234375 0.333984375 0.044921875 0.0361328125
0 0.9892578125 0.37109375 0.021484375 0.060546875
0 0.90234375 0.384765625 0.044921875 0.037109375
0 0.576171875 0.392578125 0.0390625 0.0439453125
0 0.8154296875 0.412109375 0.0439453125 0.046875
0 0.9150390625 0.4150390625 0.03125 0.0263671875
0 0.681640625 0.419921875 0.056640625 0.0390625
0 0.8828125 0.431640625 0.0361328125 0.0361328125
0 0.583984375 0.439453125 0.0498046875 0.0419921875
0 0.7568359375 0.439453125 0.0625 0.048828125
0 0.919921875 0.451171875 0.0283203125 0.0185546875
0 0.986328125 0.474609375 0.025390625 0.056640625
0 0.466796875 0.4755859375 0.0390625 0.0341796875
0 0.7080078125 0.482421875 0.03125 0.037109375
0 0.9306640625 0.4833984375 0.0390625 0.029296875
0 0.599609375 0.5 0.0595703125 0.0439453125
0 0.814453125 0.505859375 0.0205078125 0.037109375
0 0.728515625 0.5068359375 0.048828125 0.0390625