0 0.962890625 0.2744140625 0.0703125 0.0966796875
0 0.9150390625 0.27734375 0.0751953125 0.068359375
0 0.970703125 0.3662109375 0.056640625 0.060546875
0 0.986328125 0.494140625 0.025390625 0.0654296875
0 0.802734375 0.474609375 0.0419921875 0.064453125
0 0.978515625 0.509765625 0.0390625 0.0576171875
0 0.76953125 0.5302734375 0.0498046875 0.0810546875
0 0.802734375 0.5517578125 0.060546875 0.080078125
0 0.740234375 0.556640625 0.048828125 0.0673828125
0 0.787109375 0.6005859375 0.046875 0.0673828125
0 0.908203125 0.6357421875 0.0673828125 0.041015625
0 0.7607421875 0.6357421875 0.0703125 0.041015625
0 0.822265625 0.64453125 0.076171875 0.025390625
0 0.5888671875 0.673828125 0.0625 0.03125
0 0.603515625 0.77734375 0.087890625 0.1279296875
0 0.2822265625 0.759765625 0.1123046875 0.1533203125
0 0.0537109375 0.7412109375 0.107421875 0.166015625
0 0.455078125 0.8310546875 0.1064453125 0.1435546875
0 0.22265625 0.935546875 0.142578125 0.125
0 0.908203125 0.6875 0.0654296875 0.0576171875
0 0.765625 0.740234375 0.1904296875 0.1640625
0 0.87890625 0.728515625 0.072265625 0.1015625
0 0.9453125 0.7607421875 0.064453125 0.083984375
0 0.7099609375 0.826171875 0.1220703125 0.232421875
0 0.982421875 0.95703125 0.03125 0.072265625
0 0.705078125 0.9267578125 0.1142578125 0.142578125
0 0.83984375 0.974609375 0.056640625 0.044921875