0 0.439453125 0.416015625 0.013671875 0.052734375
0 0.0625 0.357421875 0.048828125 0.064453125
0 0.3984375 0.41796875 0.0625 0.0576171875
0 0.076171875 0.376953125 0.033203125 0.056640625
0 0.0947265625 0.41796875 0.0361328125 0.0625
0 0.115234375 0.4287109375 0.064453125 0.0888671875
0 0.1591796875 0.458984375 0.083984375 0.119140625
0 0.2451171875 0.4716796875 0.048828125 0.080078125
0 0.1201171875 0.4619140625 0.052734375 0.0673828125
0 0.208984375 0.4794921875 0.064453125 0.083984375
0 0.087890625 0.470703125 0.0439453125 0.052734375
0 0.2353515625 0.509765625 0.033203125 0.0498046875
0 0.1064453125 0.513671875 0.0595703125 0.09375
0 0.03125 0.5078125 0.048828125 0.080078125
0 0.1875 0.552734375 0.052734375 0.072265625
0 0.140625 0.5556640625 0.060546875 0.0830078125
0 0.1005859375 0.5546875 0.0810546875 0.109375
0 0.0703125 0.583984375 0.068359375 0.1015625
0 0.923828125 0.232421875 0.150390625 0.4638671875
0 0.5869140625 0.16796875 0.1201171875 0.134765625
0 0.76953125 0.23828125 0.0830078125 0.1015625
0 0.744140625 0.259765625 0.0751953125 0.0830078125
0 0.5869140625 0.267578125 0.078125 0.091796875
0 0.5244140625 0.27734375 0.1201171875 0.142578125
0 0.7421875 0.3232421875 0.060546875 0.083984375
0 0.548828125 0.3427734375 0.091796875 0.095703125
0 0.5234375 0.4189453125 0.080078125 0.091796875
0 0.9140625 0.5048828125 0.0986328125 0.1142578125
0 0.6806640625 0.58203125 0.3330078125 0.3701171875
0 0.953125 0.638671875 0.0888671875 0.115234375
0 0.4599609375 0.556640625 0.021484375 0.146484375
0 0.9775390625 0.728515625 0.041015625 0.076171875
0 0.931640625 0.748046875 0.0703125 0.0390625
0 0.72265625 0.7451171875 0.0654296875 0.0439453125
0 0.5849609375 0.740234375 0.1279296875 0.052734375
0 0.6044921875 0.072265625 0.224609375 0.1435546875
0 0.587890625 0.064453125 0.1376953125 0.1279296875
0 0.7685546875 0.1513671875 0.1142578125 0.125
0 0.171875 0.78125 0.080078125 0.025390625
0 0.2900390625 0.79296875 0.0751953125 0.048828125
0 0.123046875 0.8017578125 0.080078125 0.0654296875
0 0.2978515625 0.8291015625 0.1435546875 0.1044921875
0 0.060546875 0.91015625 0.0830078125 0.095703125
0 0.044921875 0.986328125 0.0888671875 0.025390625
0 0.408203125 0.78125 0.0673828125 0.025390625
0 0.759765625 0.953125 0.0439453125 0.068359375
0 0.626953125 0.943359375 0.046875 0.0751953125
0 0.6650390625 0.9560546875 0.044921875 0.0625
0 0.533203125 0.951171875 0.0517578125 0.0595703125
0 0.5869140625 0.9609375 0.0390625 0.0625
0 0.650390625 0.970703125 0.0517578125 0.052734375
0 0.673828125 0.9794921875 0.056640625 0.0361328125