0 0.158203125 0.23828125 0.314453125 0.4765625
0 0.310546875 0.4169921875 0.3876953125 0.119140625
0 0.384765625 0.154296875 0.2470703125 0.2265625
0 0.935546875 0.1005859375 0.123046875 0.201171875
0 0.7060546875 0.1259765625 0.158203125 0.2373046875
0 0.931640625 0.2734375 0.080078125 0.111328125
0 0.876953125 0.330078125 0.056640625 0.0830078125
0 0.90234375 0.3955078125 0.083984375 0.123046875
0 0.9619140625 0.419921875 0.072265625 0.1142578125
0 0.4111328125 0.9443359375 0.212890625 0.1064453125
0 0.072265625 0.9296875 0.1435546875 0.134765625
0 0.2294921875 0.935546875 0.248046875 0.125
0 0.544921875 0.51171875 0.0419921875 0.0517578125
0 0.6640625 0.5458984375 0.0439453125 0.0498046875
0 0.78515625 0.564453125 0.037109375 0.046875
0 0.7578125 0.56640625 0.029296875 0.0361328125
0 0.73828125 0.583984375 0.0341796875 0.0390625
0 0.5927734375 0.58203125 0.03125 0.0390625
0 0.78125 0.6337890625 0.0341796875 0.0361328125
0 0.818359375 0.6669921875 0.056640625 0.0654296875
0 0.7763671875 0.693359375 0.0390625 0.0439453125
0 0.6640625 0.693359375 0.029296875 0.03125
0 0.552734375 0.689453125 0.056640625 0.044921875
0 0.615234375 0.701171875 0.025390625 0.0283203125
0 0.708984375 0.724609375 0.0595703125 0.056640625
0 0.8203125 0.818359375 0.0390625 0.0439453125
0 0.673828125 0.814453125 0.0439453125 0.0419921875
0 0.6376953125 0.818359375 0.0390625 0.0390625
0 0.794921875 0.845703125 0.046875 0.046875
0 0.8779296875 0.87109375 0.0498046875 0.0498046875
0 0.9296875 0.8818359375 0.0517578125 0.0673828125
0 0.853515625 0.900390625 0.0498046875 0.052734375
0 0.6513671875 0.888671875 0.0439453125 0.0419921875
0 0.951171875 0.970703125 0.048828125 0.056640625
0 0.5712890625 0.931640625 0.060546875 0.0654296875
0 0.89453125 0.9755859375 0.052734375 0.0439453125
0 0.62890625 0.974609375 0.046875 0.0498046875
0 0.595703125 0.978515625 0.0390625 0.0390625