0 0.4482421875 0.021484375 0.048828125 0.04296875
0 0.4228515625 0.033203125 0.052734375 0.06640625
0 0.39453125 0.0732421875 0.125 0.146484375
0 0.337890625 0.083984375 0.0498046875 0.107421875
0 0.306640625 0.126953125 0.072265625 0.111328125
0 0.23046875 0.1787109375 0.0859375 0.1171875
0 0.2900390625 0.3134765625 0.046875 0.0595703125
0 0.6298828125 0.017578125 0.0439453125 0.0341796875
0 0.630859375 0.06640625 0.033203125 0.0517578125
0 0.396484375 0.453125 0.0341796875 0.0517578125
0 0.5712890625 0.447265625 0.0419921875 0.048828125
0 0.59375 0.4482421875 0.025390625 0.060546875
0 0.4189453125 0.482421875 0.044921875 0.0654296875
0 0.115234375 0.5322265625 0.142578125 0.1875
0 0.5703125 0.5078125 0.044921875 0.078125
0 0.49609375 0.58984375 0.0986328125 0.142578125
0 0.5673828125 0.720703125 0.076171875 0.1513671875
0 0.6005859375 0.880859375 0.009765625 0.0751953125
0 0.16015625 0.943359375 0.0419921875 0.0703125
0 0.6025390625 0.962890625 0.0078125 0.056640625
0 0.33203125 0.373046875 0.048828125 0.029296875
0 0.46875 0.38671875 0.0390625 0.0576171875
0 0.3369140625 0.4208984375 0.0341796875 0.0625
0 0.720703125 0.4306640625 0.1767578125 0.1455078125
0 0.826171875 0.4169921875 0.125 0.119140625
0 0.6455078125 0.435546875 0.0751953125 0.1513671875
0 0.7080078125 0.591796875 0.2001953125 0.2548828125
0 0.8818359375 0.7099609375 0.0576171875 0.0986328125
0 0.8486328125 0.376953125 0.111328125 0.0361328125
0 0.759765625 0.7763671875 0.1748046875 0.2265625
0 0.880859375 0.77734375 0.064453125 0.0986328125
0 0.9560546875 0.791015625 0.056640625 0.0810546875
0 0.7255859375 0.904296875 0.177734375 0.1875
0 0.791015625 0.970703125 0.138671875 0.052734375
0 0.939453125 0.392578125 0.119140625 0.0703125