0 0.2158203125 0.037109375 0.142578125 0.07421875
0 0.041015625 0.0546875 0.0810546875 0.099609375
0 0.1357421875 0.078125 0.1953125 0.15625
0 0.0205078125 0.064453125 0.03125 0.0263671875
0 0.060546875 0.1357421875 0.1064453125 0.107421875
0 0.2626953125 0.208984375 0.052734375 0.048828125
0 0.169921875 0.25 0.041015625 0.0439453125
0 0.166015625 0.318359375 0.0576171875 0.044921875
0 0.013671875 0.3310546875 0.02734375 0.044921875
0 0.951171875 0.0205078125 0.048828125 0.041015625
0 0.564453125 0.0068359375 0.052734375 0.013671875
0 0.630859375 0.02734375 0.060546875 0.0546875
0 0.783203125 0.0419921875 0.052734375 0.0654296875
0 0.6005859375 0.03515625 0.0390625 0.044921875
0 0.763671875 0.083984375 0.0419921875 0.0576171875
0 0.830078125 0.099609375 0.0439453125 0.068359375
0 0.75 0.1162109375 0.0390625 0.0654296875
0 0.7861328125 0.1650390625 0.0576171875 0.080078125
0 0.7158203125 0.1669921875 0.0546875 0.0751953125
0 0.7880859375 0.201171875 0.0390625 0.0517578125
0 0.78515625 0.2451171875 0.046875 0.0625
0 0.6767578125 0.2431640625 0.0419921875 0.0625
0 0.7705078125 0.2724609375 0.0361328125 0.0361328125
0 0.708984375 0.267578125 0.0341796875 0.0517578125
0 0.65625 0.2724609375 0.0341796875 0.0546875
0 0.7900390625 0.302734375 0.037109375 0.0576171875
0 0.490234375 0.26953125 0.0283203125 0.0341796875
0 0.6689453125 0.3173828125 0.0341796875 0.0439453125
0 0.75390625 0.330078125 0.0419921875 0.0517578125
0 0.7080078125 0.33203125 0.0595703125 0.0673828125
0 0.751953125 0.36328125 0.03125 0.0341796875
0 0.732421875 0.376953125 0.0439453125 0.021484375
0 0.669921875 0.37890625 0.041015625 0.017578125
0 0.689453125 0.3818359375 0.03125 0.009765625
0 0.33203125 0.7451171875 0.0439453125 0.1015625
0 0.205078125 0.740234375 0.046875 0.072265625
0 0.375 0.876953125 0.025390625 0.076171875
0 0.09375 0.9443359375 0.0595703125 0.1064453125
0 0.375 0.96875 0.025390625 0.0576171875
0 0.3388671875 0.982421875 0.0439453125 0.029296875
0 0.3798828125 0.63671875 0.013671875 0.087890625
0 0.115234375 0.61328125 0.0341796875 0.052734375
0 0.1337890625 0.619140625 0.021484375 0.044921875
0 0.0673828125 0.63671875 0.025390625 0.0576171875
0 0.140625 0.662109375 0.0263671875 0.0517578125
0 0.123046875 0.6630859375 0.025390625 0.0390625
0 0.0830078125 0.662109375 0.021484375 0.0361328125
0 0.0556640625 0.662109375 0.052734375 0.107421875
0 0.263671875 0.689453125 0.037109375 0.0654296875
0 0.208984375 0.6962890625 0.0439453125 0.041015625
0 0.716796875 0.58984375 0.5625 0.4013671875
0 0.4169921875 0.6318359375 0.056640625 0.25
0 0.958984375 0.8017578125 0.076171875 0.2626953125
0 0.501953125 0.78515625 0.2109375 0.185546875
0 0.833984375 0.892578125 0.126953125 0.181640625
0 0.498046875 0.94140625 0.197265625 0.1142578125