0 0.2861328125 0.0244140625 0.111328125 0.048828125
0 0.1142578125 0.0517578125 0.228515625 0.103515625
0 0.533203125 0.09765625 0.087890625 0.142578125
0 0.42578125 0.181640625 0.3017578125 0.3623046875
0 0.2021484375 0.1591796875 0.138671875 0.130859375
0 0.01953125 0.16015625 0.0390625 0.123046875
0 0.326171875 0.302734375 0.208984375 0.1689453125
0 0.103515625 0.2900390625 0.2060546875 0.1923828125
0 0.45703125 0.376953125 0.0625 0.021484375
0 0.169921875 0.35546875 0.134765625 0.0625
0 0.810546875 0.263671875 0.1064453125 0.1640625
0 0.787109375 0.193359375 0.41796875 0.38671875
0 0.763671875 0.341796875 0.0966796875 0.091796875
0 0.388671875 0.630859375 0.375 0.482421875
0 0.115234375 0.71484375 0.23046875 0.2578125
0 0.2880859375 0.8642578125 0.216796875 0.1904296875
0 0.294921875 0.9794921875 0.205078125 0.0361328125