0 0.083984375 0.1767578125 0.16796875 0.294921875
0 0.21875 0.361328125 0.2451171875 0.091796875
0 0.919921875 0.0048828125 0.0439453125 0.009765625
0 0.93359375 0.0185546875 0.041015625 0.033203125
0 0.8203125 0.0859375 0.0390625 0.0419921875
0 0.9541015625 0.060546875 0.048828125 0.052734375
0 0.880859375 0.1005859375 0.046875 0.037109375
0 0.83984375 0.12890625 0.0361328125 0.033203125
0 0.0400390625 0.474609375 0.080078125 0.1328125
0 0.1943359375 0.439453125 0.138671875 0.0625
0 0.068359375 0.5869140625 0.13671875 0.205078125
0 0.1875 0.564453125 0.1201171875 0.1201171875
0 0.419921875 0.509765625 0.0751953125 0.177734375
0 0.2763671875 0.64453125 0.0966796875 0.103515625
0 0.3115234375 0.708984375 0.25 0.201171875
0 0.1357421875 0.76171875 0.271484375 0.259765625
0 0.0380859375 0.859375 0.076171875 0.1953125
0 0.376953125 0.759765625 0.1591796875 0.3564453125
0 0.1025390625 0.9482421875 0.142578125 0.0986328125
0 0.322265625 0.966796875 0.263671875 0.0625