0 0.4443359375 0.388671875 0.138671875 0.1044921875
0 0.302734375 0.4326171875 0.171875 0.138671875
0 0.087890625 0.4375 0.0595703125 0.0595703125
0 0.01953125 0.466796875 0.0390625 0.076171875
0 0.486328125 0.0224609375 0.111328125 0.044921875
0 0.0869140625 0.017578125 0.087890625 0.0341796875
0 0.21484375 0.142578125 0.373046875 0.283203125
0 0.564453125 0.1328125 0.087890625 0.1015625
0 0.26953125 0.134765625 0.0966796875 0.0966796875
0 0.02734375 0.216796875 0.0546875 0.0546875
0 0.3935546875 0.228515625 0.060546875 0.0546875
0 0.3447265625 0.2294921875 0.0498046875 0.060546875
0 0.029296875 0.294921875 0.0576171875 0.1064453125
0 0.5068359375 0.34765625 0.091796875 0.095703125
0 0.208984375 0.36328125 0.076171875 0.0732421875
0 0.80859375 0.126953125 0.083984375 0.0751953125
0 0.71484375 0.146484375 0.044921875 0.064453125
0 0.6767578125 0.177734375 0.03125 0.0673828125
0 0.791015625 0.1875 0.044921875 0.068359375
0 0.9794921875 0.3037109375 0.0361328125 0.1171875
0 0.826171875 0.326171875 0.0751953125 0.09375
0 0.849609375 0.423828125 0.0595703125 0.0830078125
0 0.822265625 0.4619140625 0.0576171875 0.068359375
0 0.755859375 0.4677734375 0.0361328125 0.0703125
0 0.2626953125 0.89453125 0.0595703125 0.0390625
0 0.0576171875 0.9013671875 0.115234375 0.173828125
0 0.4013671875 0.9189453125 0.0732421875 0.1123046875
0 0.337890625 0.97265625 0.0546875 0.0517578125
0 0.201171875 0.9619140625 0.177734375 0.072265625
0 0.48046875 0.529296875 0.091796875 0.041015625
0 0.625 0.6142578125 0.025390625 0.0654296875
0 0.482421875 0.6689453125 0.0908203125 0.0546875
0 0.408203125 0.7197265625 0.0703125 0.0498046875
0 0.599609375 0.71875 0.0751953125 0.072265625
0 0.3486328125 0.798828125 0.0859375 0.078125
0 0.5517578125 0.818359375 0.169921875 0.142578125
0 0.236328125 0.84765625 0.0732421875 0.060546875
0 0.6474609375 0.5830078125 0.017578125 0.041015625
0 0.896484375 0.603515625 0.0498046875 0.0439453125
0 0.89453125 0.646484375 0.0498046875 0.048828125
0 0.771484375 0.689453125 0.029296875 0.0263671875
0 0.794921875 0.9091796875 0.0966796875 0.103515625
0 0.662109375 0.921875 0.041015625 0.0654296875