0 0.3837890625 0.263671875 0.34375 0.5263671875
0 0.1611328125 0.453125 0.2939453125 0.146484375
0 0.3447265625 0.033203125 0.201171875 0.06640625
0 0.16015625 0.076171875 0.3203125 0.1513671875
0 0.6533203125 0.056640625 0.037109375 0.0576171875
0 0.9931640625 0.048828125 0.009765625 0.056640625
0 0.56640625 0.11328125 0.017578125 0.0390625
0 0.6533203125 0.107421875 0.0419921875 0.0546875
0 0.685546875 0.107421875 0.0361328125 0.0419921875
0 0.984375 0.072265625 0.0263671875 0.0625
0 0.56640625 0.150390625 0.017578125 0.056640625
0 0.982421875 0.1337890625 0.03125 0.0732421875
0 0.5927734375 0.2021484375 0.033203125 0.0498046875
0 0.8984375 0.1767578125 0.033203125 0.048828125
0 0.822265625 0.1943359375 0.0361328125 0.0625
0 0.88671875 0.201171875 0.033203125 0.046875
0 0.841796875 0.2412109375 0.0361328125 0.064453125
0 0.935546875 0.2509765625 0.044921875 0.0654296875
0 0.568359375 0.318359375 0.021484375 0.044921875
0 0.7724609375 0.29296875 0.0498046875 0.0673828125
0 0.611328125 0.322265625 0.041015625 0.056640625
0 0.6435546875 0.361328125 0.046875 0.0703125
0 0.576171875 0.376953125 0.0390625 0.044921875
0 0.9404296875 0.3271484375 0.0361328125 0.0498046875
0 0.7373046875 0.439453125 0.0517578125 0.076171875
0 0.62890625 0.46875 0.060546875 0.087890625
0 0.8662109375 0.466796875 0.060546875 0.0966796875
0 0.794921875 0.498046875 0.0419921875 0.0595703125
0 0.9599609375 0.4990234375 0.0361328125 0.046875
0 0.712890625 0.509765625 0.080078125 0.0341796875
0 0.6708984375 0.01171875 0.0361328125 0.0234375
0 0.7900390625 0.013671875 0.0517578125 0.0263671875
0 0.6103515625 0.02734375 0.048828125 0.0546875
0 0.091796875 0.552734375 0.0888671875 0.048828125
0 0.330078125 0.548828125 0.076171875 0.0390625
0 0.22265625 0.556640625 0.080078125 0.056640625
0 0.39453125 0.556640625 0.091796875 0.056640625
0 0.158203125 0.5625 0.0517578125 0.0673828125
0 0.115234375 0.576171875 0.072265625 0.0654296875
0 0.3056640625 0.5673828125 0.076171875 0.076171875
0 0.53515625 0.544921875 0.041015625 0.03125
0 0.505859375 0.5556640625 0.0595703125 0.052734375
0 0.271484375 0.5859375 0.078125 0.095703125
0 0.466796875 0.5712890625 0.072265625 0.083984375
0 0.138671875 0.673828125 0.060546875 0.080078125
0 0.4853515625 0.6416015625 0.0390625 0.0673828125
0 0.466796875 0.6650390625 0.0498046875 0.078125
0 0.361328125 0.6962890625 0.1220703125 0.15625
0 0.443359375 0.7099609375 0.091796875 0.1220703125
0 0.1611328125 0.7568359375 0.0810546875 0.0751953125
0 0.541015625 0.7119140625 0.0283203125 0.0673828125
0 0.51171875 0.71875 0.048828125 0.0625
0 0.4287109375 0.763671875 0.044921875 0.072265625
0 0.484375 0.763671875 0.0498046875 0.0673828125
0 0.525390625 0.763671875 0.0546875 0.0595703125
0 0.458984375 0.78125 0.048828125 0.076171875
0 0.37890625 0.8310546875 0.2060546875 0.2890625
0 0.494140625 0.8291015625 0.0986328125 0.1064453125
0 0.54296875 0.8349609375 0.025390625 0.1171875
0 0.5263671875 0.85546875 0.0576171875 0.1201171875
0 0.2744140625 0.8974609375 0.150390625 0.2001953125
0 0.017578125 0.9482421875 0.0341796875 0.0703125
0 0.0322265625 0.955078125 0.0361328125 0.0546875
0 0.107421875 0.9482421875 0.0830078125 0.0986328125
0 0.208984375 0.943359375 0.0908203125 0.107421875
0 0.0693359375 0.970703125 0.0390625 0.052734375
0 0.1650390625 0.974609375 0.0517578125 0.044921875
0 0.55078125 0.9580078125 0.009765625 0.0703125
0 0.5263671875 0.962890625 0.0576171875 0.0703125
0 0.73828125 0.759765625 0.041015625 0.0439453125
0 0.576171875 0.80078125 0.0361328125 0.0439453125
0 0.861328125 0.775390625 0.0341796875 0.0361328125
0 0.853515625 0.77734375 0.025390625 0.025390625
0 0.876953125 0.7744140625 0.0234375 0.029296875
0 0.8515625 0.787109375 0.0341796875 0.0361328125
0 0.763671875 0.8017578125 0.046875 0.0361328125
0 0.6728515625 0.818359375 0.0419921875 0.041015625
0 0.57421875 0.83203125 0.0341796875 0.048828125
0 0.693359375 0.828125 0.046875 0.0361328125
0 0.732421875 0.828125 0.0419921875 0.0361328125
0 0.580078125 0.85546875 0.0439453125 0.0390625
0 0.8427734375 0.82421875 0.037109375 0.037109375
0 0.8203125 0.8349609375 0.0390625 0.0361328125
0 0.9453125 0.822265625 0.0439453125 0.0234375
0 0.8291015625 0.87109375 0.0517578125 0.0361328125
0 0.978515625 0.87890625 0.0390625 0.060546875
0 0.6171875 0.939453125 0.060546875 0.0439453125
0 0.576171875 0.96484375 0.0390625 0.0361328125
0 0.623046875 0.9931640625 0.0595703125 0.009765625
0 0.86328125 0.98046875 0.052734375 0.0341796875
0 0.8017578125 0.98828125 0.044921875 0.0205078125
0 0.8662109375 0.9931640625 0.0654296875 0.009765625