0 0.404296875 0.314453125 0.0703125 0.083984375
0 0.3017578125 0.3544921875 0.0546875 0.044921875
0 0.9775390625 0.01171875 0.0390625 0.0234375
0 0.701171875 0.0263671875 0.041015625 0.0439453125
0 0.4912109375 0.013671875 0.044921875 0.02734375
0 0.96875 0.0859375 0.0439453125 0.037109375
0 0.9326171875 0.087890625 0.0390625 0.0361328125
0 0.5859375 0.0380859375 0.052734375 0.037109375
0 0.5224609375 0.044921875 0.0263671875 0.0283203125
0 0.958984375 0.158203125 0.0439453125 0.037109375
0 0.580078125 0.138671875 0.0419921875 0.0517578125
0 0.884765625 0.197265625 0.0595703125 0.0576171875
0 0.529296875 0.142578125 0.0390625 0.046875
0 0.94921875 0.2431640625 0.0439453125 0.044921875
0 0.78125 0.2275390625 0.037109375 0.033203125
0 0.91796875 0.251953125 0.0341796875 0.0439453125
0 0.9599609375 0.287109375 0.041015625 0.037109375
0 0.9052734375 0.291015625 0.0419921875 0.048828125
0 0.8251953125 0.3115234375 0.0439453125 0.0517578125
0 0.8017578125 0.314453125 0.03125 0.044921875
0 0.751953125 0.345703125 0.048828125 0.0517578125
0 0.017578125 0.708984375 0.03515625 0.05078125
0 0.115234375 0.771484375 0.0703125 0.064453125
0 0.13671875 0.8212890625 0.1044921875 0.076171875
0 0.2568359375 0.875 0.1455078125 0.099609375
0 0.169921875 0.8720703125 0.1123046875 0.0859375
0 0.029296875 0.8642578125 0.05859375 0.083984375
0 0.15234375 0.9111328125 0.0595703125 0.072265625
0 0.0244140625 0.90625 0.048828125 0.0625
0 0.06640625 0.927734375 0.056640625 0.0576171875
0 0.2587890625 0.966796875 0.0859375 0.0625
0 0.3544921875 0.9794921875 0.0703125 0.0361328125
0 0.185546875 0.392578125 0.111328125 0.0234375
0 0.392578125 0.431640625 0.056640625 0.0498046875
0 0.072265625 0.396484375 0.0625 0.0341796875
0 0.0400390625 0.404296875 0.060546875 0.048828125
0 0.3056640625 0.466796875 0.0439453125 0.044921875
0 0.025390625 0.435546875 0.0498046875 0.0673828125
0 0.30859375 0.5361328125 0.060546875 0.046875
0 0.0244140625 0.505859375 0.048828125 0.083984375
0 0.1474609375 0.54296875 0.056640625 0.048828125
0 0.0712890625 0.5791015625 0.076171875 0.0654296875
0 0.2919921875 0.6298828125 0.083984375 0.0517578125
0 0.1240234375 0.619140625 0.0703125 0.0703125
0 0.3125 0.6669921875 0.0595703125 0.0546875
0 0.0693359375 0.66015625 0.138671875 0.166015625
0 0.123046875 0.6767578125 0.064453125 0.0595703125
0 0.455078125 0.779296875 0.025390625 0.0673828125
0 0.595703125 0.6923828125 0.2529296875 0.275390625
0 0.974609375 0.41796875 0.044921875 0.076171875
0 0.6962890625 0.953125 0.2236328125 0.0888671875
0 0.88671875 0.470703125 0.2216796875 0.1796875