0 0.33984375 0.0244140625 0.181640625 0.048828125
0 0.095703125 0.0712890625 0.138671875 0.142578125
0 0.361328125 0.134765625 0.0703125 0.0966796875
0 0.328125 0.201171875 0.0517578125 0.0703125
0 0.3740234375 0.2587890625 0.076171875 0.109375
0 0.478515625 0.3115234375 0.1044921875 0.181640625
0 0.470703125 0.47265625 0.0751953125 0.0517578125
0 0.8935546875 0.396484375 0.1015625 0.0595703125
0 0.849609375 0.435546875 0.267578125 0.123046875
0 0.7236328125 0.0712890625 0.1298828125 0.142578125
0 0.9501953125 0.0419921875 0.078125 0.0751953125
0 0.9267578125 0.076171875 0.103515625 0.095703125
0 0.97265625 0.1494140625 0.0517578125 0.0966796875
0 0.904296875 0.197265625 0.103515625 0.0830078125
0 0.6826171875 0.236328125 0.048828125 0.0966796875
0 0.818359375 0.248046875 0.1533203125 0.107421875
0 0.892578125 0.2763671875 0.091796875 0.078125
0 0.716796875 0.318359375 0.0732421875 0.078125
0 0.6767578125 0.34765625 0.0361328125 0.0703125
0 0.9501953125 0.3583984375 0.0830078125 0.0732421875
0 0.685546875 0.3955078125 0.052734375 0.0751953125
0 0.5673828125 0.525390625 0.1064453125 0.0517578125
0 0.46484375 0.560546875 0.1279296875 0.1201171875
0 0.3349609375 0.591796875 0.1279296875 0.1845703125
0 0.1982421875 0.60546875 0.09375 0.212890625
0 0.109375 0.7314453125 0.09375 0.2216796875
0 0.2021484375 0.7568359375 0.1357421875 0.2578125
0 0.056640625 0.7978515625 0.1123046875 0.279296875
0 0.5546875 0.787109375 0.109375 0.2705078125
0 0.458984375 0.81640625 0.1298828125 0.3017578125
0 0.263671875 0.853515625 0.125 0.2861328125
0 0.51953125 0.8388671875 0.0830078125 0.1982421875
0 0.138671875 0.966796875 0.0576171875 0.0625
0 0.8134765625 0.5302734375 0.0498046875 0.046875
0 0.845703125 0.5400390625 0.052734375 0.060546875
0 0.833984375 0.5703125 0.0498046875 0.048828125
0 0.8818359375 0.568359375 0.0576171875 0.052734375
0 0.8232421875 0.595703125 0.0595703125 0.0654296875
0 0.7978515625 0.6064453125 0.056640625 0.048828125
0 0.912109375 0.6025390625 0.025390625 0.017578125
0 0.91015625 0.625 0.037109375 0.0390625
0 0.8671875 0.650390625 0.046875 0.0419921875
0 0.8427734375 0.6552734375 0.046875 0.0419921875
0 0.908203125 0.6650390625 0.046875 0.046875
0 0.80859375 0.6767578125 0.044921875 0.046875
0 0.865234375 0.6845703125 0.0419921875 0.0517578125
0 0.962890625 0.689453125 0.037109375 0.0439453125
0 0.822265625 0.7470703125 0.0498046875 0.046875
0 0.8720703125 0.7744140625 0.0419921875 0.052734375
0 0.841796875 0.7890625 0.052734375 0.0595703125
0 0.8291015625 0.7958984375 0.052734375 0.052734375
0 0.9755859375 0.814453125 0.0439453125 0.056640625
0 0.8720703125 0.83203125 0.037109375 0.0390625
0 0.8154296875 0.8564453125 0.0498046875 0.052734375
0 0.8466796875 0.8955078125 0.044921875 0.060546875
0 0.9052734375 0.89453125 0.0517578125 0.048828125
0 0.8759765625 0.9306640625 0.0390625 0.0439453125
0 0.8212890625 0.9365234375 0.037109375 0.046875
0 0.912109375 0.9375 0.029296875 0.0439453125
0 0.7919921875 0.978515625 0.0361328125 0.0390625
0 0.943359375 0.9775390625 0.037109375 0.037109375
0 0.873046875 0.984375 0.0517578125 0.0263671875