0 0.51171875 0.244140625 0.0908203125 0.0595703125
0 0.029296875 0.3642578125 0.05859375 0.076171875
0 0.13671875 0.4140625 0.134765625 0.0986328125
0 0.5537109375 0.404296875 0.0263671875 0.0625
0 0.021484375 0.51953125 0.04296875 0.09375
0 0.3974609375 0.505859375 0.107421875 0.0654296875
0 0.16796875 0.580078125 0.046875 0.0517578125
0 0.8447265625 0.013671875 0.095703125 0.02734375
0 0.60546875 0.0263671875 0.072265625 0.052734375
0 0.9013671875 0.033203125 0.076171875 0.0654296875
0 0.8837890625 0.0791015625 0.109375 0.1064453125
0 0.7109375 0.193359375 0.28515625 0.38671875
0 0.908203125 0.2177734375 0.0908203125 0.0810546875
0 0.953125 0.263671875 0.0888671875 0.138671875
0 0.9306640625 0.3505859375 0.134765625 0.1875
0 0.59375 0.3974609375 0.048828125 0.0703125
0 0.654296875 0.4169921875 0.1220703125 0.119140625
0 0.916015625 0.4794921875 0.076171875 0.09375
0 0.7568359375 0.5087890625 0.2314453125 0.1953125
0 0.4619140625 0.9794921875 0.162109375 0.0361328125
0 0.416015625 0.650390625 0.134765625 0.083984375
0 0.041015625 0.666015625 0.0810546875 0.0888671875
0 0.201171875 0.794921875 0.4013671875 0.373046875
0 0.51953125 0.763671875 0.0966796875 0.1220703125
0 0.236328125 0.7900390625 0.1171875 0.119140625
0 0.0263671875 0.888671875 0.052734375 0.0673828125
0 0.3798828125 0.873046875 0.072265625 0.0654296875
0 0.330078125 0.8798828125 0.060546875 0.072265625
0 0.037109375 0.951171875 0.07421875 0.09375
0 0.51171875 0.962890625 0.111328125 0.0703125
0 0.224609375 0.986328125 0.09375 0.021484375
0 0.783203125 0.791015625 0.427734375 0.365234375