0 0.216796875 0.181640625 0.1015625 0.119140625
0 0.3740234375 0.193359375 0.123046875 0.1220703125
0 0.322265625 0.3740234375 0.240234375 0.2919921875
0 0.23828125 0.3232421875 0.4765625 0.583984375
0 0.3134765625 0.041015625 0.0595703125 0.0751953125
0 0.994140625 0.1337890625 0.0078125 0.0517578125
0 0.9072265625 0.2099609375 0.0595703125 0.068359375
0 0.98828125 0.212890625 0.0205078125 0.0703125
0 0.9658203125 0.2275390625 0.046875 0.0703125
0 0.658203125 0.2685546875 0.0234375 0.0419921875
0 0.904296875 0.271484375 0.068359375 0.0673828125
0 0.759765625 0.2880859375 0.052734375 0.0576171875
0 0.6875 0.2919921875 0.0419921875 0.080078125
0 0.970703125 0.314453125 0.056640625 0.244140625
0 0.892578125 0.3251953125 0.0390625 0.0576171875
0 0.859375 0.3291015625 0.046875 0.0517578125
0 0.7197265625 0.3466796875 0.0498046875 0.091796875
0 0.943359375 0.3388671875 0.060546875 0.0625
0 0.8955078125 0.353515625 0.056640625 0.0546875
0 0.830078125 0.3623046875 0.044921875 0.080078125
0 0.9794921875 0.3857421875 0.0361328125 0.060546875
0 0.7490234375 0.4130859375 0.03125 0.0576171875
0 0.86328125 0.4189453125 0.044921875 0.068359375
0 0.9326171875 0.443359375 0.048828125 0.064453125
0 0.751953125 0.451171875 0.0517578125 0.072265625
0 0.791015625 0.451171875 0.0546875 0.076171875
0 0.986328125 0.451171875 0.021484375 0.0751953125
0 0.8291015625 0.4619140625 0.046875 0.0732421875
0 0.923828125 0.4658203125 0.044921875 0.0703125
0 0.9697265625 0.490234375 0.041015625 0.0673828125
0 0.98828125 0.515625 0.0205078125 0.0703125
0 0.86328125 0.533203125 0.087890625 0.099609375
0 0.798828125 0.56640625 0.0498046875 0.0810546875
0 0.0693359375 0.6357421875 0.0439453125 0.0361328125
0 0.330078125 0.7666015625 0.111328125 0.119140625
0 0.2001953125 0.7822265625 0.048828125 0.0732421875
0 0.1005859375 0.8515625 0.0419921875 0.029296875
0 0.138671875 0.849609375 0.056640625 0.0498046875
0 0.134765625 0.87890625 0.0498046875 0.037109375
0 0.095703125 0.947265625 0.052734375 0.0498046875
0 0.107421875 0.990234375 0.0283203125 0.013671875
0 0.873046875 0.642578125 0.056640625 0.048828125
0 0.8525390625 0.640625 0.0361328125 0.044921875
0 0.7275390625 0.650390625 0.0595703125 0.0654296875
0 0.759765625 0.66796875 0.0625 0.1015625
0 0.896484375 0.7373046875 0.0517578125 0.0751953125
0 0.759765625 0.7568359375 0.0673828125 0.0966796875
0 0.5341796875 0.78125 0.03125 0.0439453125
0 0.892578125 0.771484375 0.0546875 0.0751953125
0 0.984375 0.771484375 0.0263671875 0.048828125
0 0.8349609375 0.7890625 0.126953125 0.1796875
0 0.921875 0.7880859375 0.0361328125 0.048828125
0 0.7626953125 0.8076171875 0.0390625 0.0732421875
0 0.744140625 0.8486328125 0.0576171875 0.076171875
0 0.908203125 0.841796875 0.0390625 0.0439453125
0 0.7861328125 0.8505859375 0.0625 0.0908203125
0 0.78125 0.896484375 0.0439453125 0.0546875
0 0.5087890625 0.9169921875 0.03125 0.044921875
0 0.890625 0.9013671875 0.0419921875 0.064453125
0 0.841796875 0.9306640625 0.0966796875 0.134765625
0 0.953125 0.9326171875 0.0361328125 0.048828125
0 0.91015625 0.9521484375 0.0419921875 0.052734375
0 0.873046875 0.9580078125 0.0625 0.080078125
0 0.9287109375 0.990234375 0.044921875 0.013671875
0 0.8505859375 0.986328125 0.072265625 0.025390625