0 0.775390625 0.8896484375 0.111328125 0.173828125
0 0.7314453125 0.955078125 0.0263671875 0.0419921875
0 0.69921875 0.990234375 0.0517578125 0.0185546875
0 0.4833984375 0.03515625 0.0419921875 0.0703125
0 0.4462890625 0.275390625 0.0546875 0.115234375
0 0.3076171875 0.349609375 0.0439453125 0.080078125
0 0.357421875 0.185546875 0.181640625 0.3515625
0 0.1982421875 0.35546875 0.060546875 0.1015625
0 0.216796875 0.4140625 0.0234375 0.044921875
0 0.2587890625 0.421875 0.0234375 0.048828125
0 0.20703125 0.630859375 0.0126953125 0.0263671875
0 0.203125 0.787109375 0.0419921875 0.0751953125
0 0.1669921875 0.55859375 0.056640625 0.0966796875
0 0.1318359375 0.5888671875 0.0361328125 0.0673828125
0 0.017578125 0.28125 0.0263671875 0.107421875
0 0.0517578125 0.435546875 0.103515625 0.2578125
0 0.0380859375 0.689453125 0.0234375 0.0498046875
0 0.109375 0.8046875 0.146484375 0.21875
0 0.8330078125 0.1962890625 0.021484375 0.044921875
0 0.7255859375 0.185546875 0.216796875 0.3466796875
0 0.955078125 0.939453125 0.0185546875 0.029296875