0 0.927734375 0.341796875 0.138671875 0.212890625
0 0.783203125 0.361328125 0.427734375 0.5703125
0 0.9189453125 0.111328125 0.1015625 0.0751953125
0 0.8271484375 0.189453125 0.078125 0.087890625
0 0.9580078125 0.21875 0.080078125 0.125
0 0.3525390625 0.689453125 0.3203125 0.080078125
0 0.498046875 0.861328125 0.138671875 0.1904296875
0 0.169921875 0.9169921875 0.171875 0.142578125
0 0.962890625 0.689453125 0.0703125 0.080078125
0 0.84765625 0.697265625 0.0986328125 0.0966796875
0 0.61328125 0.708984375 0.0732421875 0.0908203125
0 0.7236328125 0.794921875 0.109375 0.1328125
0 0.9521484375 0.7998046875 0.0830078125 0.1142578125
0 0.837890625 0.8154296875 0.0830078125 0.1064453125
0 0.8388671875 0.9619140625 0.1064453125 0.072265625