0 0.572265625 0.251953125 0.060546875 0.083984375
0 0.583984375 0.251953125 0.236328125 0.259765625
0 0.2802734375 0.3759765625 0.076171875 0.130859375
0 0.37890625 0.4072265625 0.1142578125 0.107421875
0 0.7890625 0.44921875 0.1123046875 0.134765625
0 0.42578125 0.4892578125 0.130859375 0.1328125
0 0.513671875 0.494140625 0.177734375 0.203125
0 0.4384765625 0.6318359375 0.193359375 0.1591796875
0 0.6689453125 0.6376953125 0.1015625 0.078125
0 0.3486328125 0.662109375 0.1064453125 0.109375
0 0.30859375 0.7119140625 0.083984375 0.1015625
0 0.3974609375 0.802734375 0.107421875 0.115234375
0 0.521484375 0.81640625 0.109375 0.056640625