0 0.2861328125 0.017578125 0.111328125 0.03515625
0 0.154296875 0.0087890625 0.103515625 0.017578125
0 0.1982421875 0.060546875 0.162109375 0.12109375
0 0.0263671875 0.0693359375 0.052734375 0.138671875
0 0.115234375 0.1044921875 0.125 0.1142578125
0 0.1640625 0.181640625 0.15625 0.146484375
0 0.146484375 0.2646484375 0.140625 0.1220703125
0 0.0625 0.28515625 0.125 0.169921875
0 0.048828125 0.365234375 0.09765625 0.0234375
0 0.625 0.015625 0.0439453125 0.03125
0 0.69921875 0.06640625 0.052734375 0.044921875
0 0.5888671875 0.064453125 0.0341796875 0.0517578125
0 0.7216796875 0.115234375 0.0361328125 0.037109375
0 0.6162109375 0.1083984375 0.03125 0.029296875
0 0.70703125 0.1689453125 0.029296875 0.048828125
0 0.62109375 0.23046875 0.0517578125 0.0576171875
0 0.6162109375 0.2880859375 0.0390625 0.037109375
0 0.5966796875 0.310546875 0.0439453125 0.03125
0 0.5888671875 0.337890625 0.0390625 0.0517578125
0 0.4150390625 0.4951171875 0.306640625 0.2314453125
0 0.49609375 0.7880859375 0.142578125 0.1689453125
0 0.154296875 0.7783203125 0.1689453125 0.123046875
0 0.0224609375 0.947265625 0.044921875 0.1015625
0 0.7880859375 0.794921875 0.076171875 0.0419921875
0 0.609375 0.779296875 0.080078125 0.0439453125
0 0.8251953125 0.814453125 0.064453125 0.033203125
0 0.701171875 0.8125 0.0390625 0.0419921875
0 0.798828125 0.869140625 0.078125 0.029296875
0 0.6552734375 0.865234375 0.0283203125 0.025390625
0 0.6376953125 0.888671875 0.0439453125 0.021484375
0 0.87890625 0.9599609375 0.0419921875 0.03125
0 0.857421875 0.96875 0.037109375 0.0234375
0 0.6748046875 0.978515625 0.03125 0.0263671875
0 0.857421875 0.990234375 0.041015625 0.013671875