0 0.1650390625 0.1767578125 0.107421875 0.1220703125
0 0.08984375 0.279296875 0.1796875 0.291015625
0 0.21484375 0.361328125 0.09375 0.111328125
0 0.4814453125 0.337890625 0.0439453125 0.0703125
0 0.4619140625 0.34375 0.025390625 0.087890625
0 0.5068359375 0.390625 0.0283203125 0.03125
0 0.7939453125 0.376953125 0.0546875 0.076171875
0 0.9521484375 0.35546875 0.0341796875 0.0625
0 0.95703125 0.4130859375 0.0341796875 0.025390625
0 0.583984375 0.064453125 0.033203125 0.0673828125
0 0.89453125 0.060546875 0.044921875 0.078125
0 0.986328125 0.060546875 0.021484375 0.0625
0 0.4638671875 0.158203125 0.029296875 0.0517578125
0 0.9697265625 0.10546875 0.041015625 0.091796875
0 0.7939453125 0.130859375 0.0361328125 0.0830078125
0 0.9306640625 0.130859375 0.0498046875 0.078125
0 0.583984375 0.1767578125 0.0419921875 0.0703125
0 0.599609375 0.2080078125 0.0390625 0.0751953125
0 0.982421875 0.173828125 0.03125 0.0703125
0 0.9267578125 0.185546875 0.03125 0.0576171875
0 0.958984375 0.1806640625 0.0390625 0.0576171875
0 0.1533203125 0.5 0.138671875 0.138671875
0 0.01953125 0.529296875 0.0390625 0.076171875
0 0.330078125 0.517578125 0.107421875 0.0966796875
0 0.197265625 0.5380859375 0.1015625 0.072265625
0 0.013671875 0.6103515625 0.02734375 0.126953125
0 0.248046875 0.5947265625 0.1611328125 0.150390625
0 0.052734375 0.654296875 0.10546875 0.1640625
0 0.1708984375 0.6689453125 0.125 0.1171875
0 0.2265625 0.7333984375 0.15625 0.150390625
0 0.21875 0.8193359375 0.140625 0.125
0 0.109375 0.8642578125 0.181640625 0.171875
0 0.1318359375 0.9619140625 0.1064453125 0.072265625
0 0.02734375 0.466796875 0.0546875 0.080078125
0 0.720703125 0.46484375 0.1455078125 0.0751953125
0 0.5478515625 0.5791015625 0.1064453125 0.1064453125
0 0.908203125 0.580078125 0.181640625 0.2763671875
0 0.7822265625 0.7294921875 0.357421875 0.4248046875
0 0.498046875 0.810546875 0.0966796875 0.244140625
0 0.640625 0.876953125 0.232421875 0.240234375
0 0.966796875 0.8642578125 0.0625 0.166015625
0 0.77734375 0.912109375 0.15625 0.154296875
0 0.482421875 0.96484375 0.0673828125 0.0654296875
0 0.890625 0.9462890625 0.0888671875 0.103515625
0 0.7724609375 0.966796875 0.1142578125 0.0625