0 0.345703125 0.0380859375 0.1923828125 0.076171875
0 0.158203125 0.01953125 0.1513671875 0.0390625
0 0.25390625 0.0966796875 0.1904296875 0.189453125
0 0.408203125 0.19140625 0.150390625 0.1533203125
0 0.330078125 0.251953125 0.1689453125 0.1298828125
0 0.453125 0.294921875 0.1328125 0.044921875
0 0.744140625 0.0341796875 0.0517578125 0.0546875
0 0.8173828125 0.091796875 0.076171875 0.0673828125
0 0.873046875 0.1640625 0.0595703125 0.0498046875
0 0.849609375 0.166015625 0.0732421875 0.087890625
0 0.8046875 0.162109375 0.046875 0.0595703125
0 0.794921875 0.177734375 0.046875 0.048828125
0 0.9208984375 0.244140625 0.0673828125 0.0751953125
0 0.6455078125 0.220703125 0.0126953125 0.0751953125
0 0.884765625 0.263671875 0.056640625 0.056640625
0 0.8671875 0.287109375 0.046875 0.046875
0 0.8974609375 0.298828125 0.0517578125 0.0390625
0 0.755859375 0.3017578125 0.0595703125 0.03125
0 0.5673828125 0.431640625 0.0625 0.044921875
0 0.55078125 0.4560546875 0.048828125 0.0419921875
0 0.552734375 0.5107421875 0.0810546875 0.0654296875
0 0.47265625 0.5166015625 0.095703125 0.0908203125
0 0.37890625 0.521484375 0.0703125 0.078125
0 0.458984375 0.548828125 0.0361328125 0.052734375
0 0.5546875 0.56640625 0.076171875 0.0654296875
0 0.5830078125 0.326171875 0.0517578125 0.0126953125
0 0.4150390625 0.560546875 0.0703125 0.072265625
0 0.4404296875 0.603515625 0.0546875 0.0595703125
0 0.6142578125 0.6396484375 0.041015625 0.0390625
0 0.556640625 0.6357421875 0.072265625 0.0595703125
0 0.474609375 0.6435546875 0.0498046875 0.0517578125
0 0.357421875 0.626953125 0.080078125 0.0751953125
0 0.47265625 0.6728515625 0.0654296875 0.072265625
0 0.6162109375 0.337890625 0.041015625 0.0361328125
0 0.4208984375 0.6796875 0.025390625 0.048828125
0 0.4541015625 0.689453125 0.0341796875 0.0341796875
0 0.4892578125 0.705078125 0.03125 0.0263671875
0 0.427734375 0.701171875 0.0341796875 0.0390625
0 0.3974609375 0.7021484375 0.0546875 0.0595703125
0 0.5283203125 0.7255859375 0.099609375 0.0908203125
0 0.4482421875 0.720703125 0.0361328125 0.0361328125
0 0.6181640625 0.7587890625 0.0390625 0.0703125
0 0.4287109375 0.7333984375 0.041015625 0.0234375
0 0.5244140625 0.7548828125 0.0390625 0.0390625
0 0.34375 0.7265625 0.052734375 0.064453125
0 0.396484375 0.7451171875 0.0439453125 0.0439453125
0 0.5888671875 0.78515625 0.048828125 0.046875
0 0.45703125 0.765625 0.0390625 0.037109375
0 0.486328125 0.7734375 0.0517578125 0.037109375
0 0.4267578125 0.7685546875 0.03125 0.0390625
0 0.548828125 0.791015625 0.0283203125 0.0390625
0 0.580078125 0.802734375 0.0263671875 0.037109375
0 0.404296875 0.779296875 0.0595703125 0.0595703125
0 0.625 0.830078125 0.025390625 0.03125
0 0.435546875 0.8857421875 0.029296875 0.044921875
0 0.4013671875 0.8837890625 0.048828125 0.0419921875
0 0.546875 0.92578125 0.0361328125 0.0390625
0 0.435546875 0.908203125 0.0341796875 0.03125
0 0.595703125 0.9384765625 0.0234375 0.03125
0 0.330078125 0.8984375 0.048828125 0.046875
0 0.400390625 0.9208984375 0.044921875 0.0341796875
0 0.482421875 0.9365234375 0.041015625 0.037109375
0 0.435546875 0.9345703125 0.041015625 0.033203125
0 0.41015625 0.9462890625 0.0283203125 0.021484375
0 0.357421875 0.943359375 0.0126953125 0.046875
0 0.4541015625 0.9697265625 0.060546875 0.0546875
0 0.36328125 0.9638671875 0.0390625 0.0439453125
0 0.392578125 0.986328125 0.029296875 0.025390625
0 0.4150390625 0.990234375 0.0361328125 0.013671875
0 0.5087890625 0.353515625 0.0546875 0.044921875
0 0.5966796875 0.400390625 0.0546875 0.064453125
0 0.5205078125 0.3955078125 0.060546875 0.068359375
0 0.7939453125 0.51171875 0.1064453125 0.154296875
0 0.671875 0.498046875 0.0654296875 0.083984375
0 0.71875 0.5615234375 0.0576171875 0.099609375
0 0.6611328125 0.564453125 0.0439453125 0.0673828125
0 0.7705078125 0.623046875 0.0751953125 0.0732421875
0 0.9443359375 0.671875 0.1064453125 0.1953125
0 0.8193359375 0.6630859375 0.0625 0.0625
0 0.8583984375 0.69140625 0.1123046875 0.123046875
0 0.6787109375 0.68359375 0.080078125 0.1611328125
0 0.900390625 0.7841796875 0.083984375 0.1171875
0 0.888671875 0.97265625 0.060546875 0.0517578125
0 0.666015625 0.98828125 0.052734375 0.0205078125
0 0.951171875 0.34765625 0.056640625 0.056640625
0 0.970703125 0.3525390625 0.052734375 0.0654296875
0 0.984375 0.376953125 0.0263671875 0.0673828125
0 0.837890625 0.3916015625 0.083984375 0.109375