0 0.232421875 0.90625 0.1123046875 0.1796875
0 0.2783203125 0.970703125 0.0283203125 0.0439453125
0 0.505859375 0.03515625 0.0439453125 0.0703125
0 0.5498046875 0.2724609375 0.0576171875 0.1201171875
0 0.689453125 0.337890625 0.0439453125 0.0830078125
0 0.634765625 0.177734375 0.1875 0.3544921875
0 0.798828125 0.3369140625 0.0625 0.103515625
0 0.7822265625 0.396484375 0.0234375 0.048828125
0 0.740234375 0.4072265625 0.025390625 0.0498046875
0 0.794921875 0.611328125 0.0126953125 0.0263671875
0 0.802734375 0.7685546875 0.044921875 0.078125
0 0.833984375 0.5380859375 0.0576171875 0.1015625
0 0.869140625 0.56640625 0.037109375 0.0703125
0 0.9775390625 0.2509765625 0.029296875 0.109375
0 0.9462890625 0.4072265625 0.107421875 0.263671875
0 0.96484375 0.6611328125 0.025390625 0.0517578125
0 0.896484375 0.78125 0.1513671875 0.228515625
0 0.1611328125 0.216796875 0.0234375 0.048828125
0 0.2685546875 0.19921875 0.224609375 0.359375
0 0.0537109375 0.9677734375 0.0185546875 0.03125