0 0.365234375 0.1376953125 0.0625 0.0830078125
0 0.103515625 0.1435546875 0.078125 0.095703125
0 0.1171875 0.23828125 0.072265625 0.0986328125
0 0.15625 0.03125 0.048828125 0.0625
0 0.93359375 0.01953125 0.103515625 0.0390625
0 0.6962890625 0.0107421875 0.1142578125 0.021484375
0 0.8232421875 0.060546875 0.166015625 0.12109375
0 0.9794921875 0.10546875 0.0361328125 0.134765625
0 0.603515625 0.0712890625 0.1123046875 0.0859375
0 0.87890625 0.126953125 0.076171875 0.0859375
0 0.6650390625 0.185546875 0.1904296875 0.1923828125
0 0.5673828125 0.212890625 0.197265625 0.228515625
0 0.84765625 0.236328125 0.3017578125 0.2578125
0 0.5869140625 0.326171875 0.2314453125 0.076171875
0 0.169921875 0.4345703125 0.103515625 0.109375
0 0.0732421875 0.48046875 0.146484375 0.1875
0 0.044921875 0.607421875 0.0888671875 0.09375
0 0.0361328125 0.685546875 0.072265625 0.115234375
0 0.197265625 0.76171875 0.072265625 0.095703125
0 0.1064453125 0.763671875 0.068359375 0.095703125
0 0.1416015625 0.806640625 0.0810546875 0.103515625
0 0.42578125 0.8515625 0.0830078125 0.09375
0 0.017578125 0.794921875 0.03515625 0.1328125
0 0.140625 0.83984375 0.28125 0.3154296875
0 0.345703125 0.923828125 0.240234375 0.150390625
0 0.8408203125 0.48046875 0.048828125 0.0439453125
0 0.953125 0.505859375 0.0498046875 0.046875
0 0.734375 0.4951171875 0.0595703125 0.0439453125
0 0.828125 0.51171875 0.0498046875 0.048828125
0 0.705078125 0.50390625 0.0498046875 0.041015625
0 0.671875 0.5048828125 0.044921875 0.046875
0 0.916015625 0.5556640625 0.041015625 0.0390625
0 0.494140625 0.5 0.0517578125 0.0439453125
0 0.833984375 0.58203125 0.0498046875 0.029296875
0 0.896484375 0.611328125 0.037109375 0.0361328125
0 0.853515625 0.6181640625 0.041015625 0.0341796875
0 0.5341796875 0.5830078125 0.0498046875 0.0361328125
0 0.9638671875 0.671875 0.0341796875 0.0263671875
0 0.8759765625 0.671875 0.044921875 0.03125
0 0.669921875 0.6474609375 0.0517578125 0.0361328125
0 0.791015625 0.6728515625 0.041015625 0.0341796875
0 0.65234375 0.654296875 0.029296875 0.03125
0 0.82421875 0.6865234375 0.0576171875 0.0419921875
0 0.9365234375 0.7041015625 0.037109375 0.033203125
0 0.89453125 0.701171875 0.0341796875 0.0263671875
0 0.6376953125 0.666015625 0.029296875 0.0263671875
0 0.5703125 0.66015625 0.044921875 0.03125
0 0.986328125 0.720703125 0.025390625 0.0283203125
0 0.5966796875 0.681640625 0.0341796875 0.0263671875
0 0.8984375 0.73046875 0.0419921875 0.0341796875
0 0.6025390625 0.697265625 0.03125 0.0205078125
0 0.8828125 0.7431640625 0.0205078125 0.0205078125
0 0.7734375 0.7421875 0.0576171875 0.046875
0 0.6650390625 0.7294921875 0.0361328125 0.0263671875
0 0.478515625 0.740234375 0.0205078125 0.0625
0 0.771484375 0.904296875 0.046875 0.03125
0 0.8154296875 0.9130859375 0.03125 0.0419921875
0 0.767578125 0.91796875 0.041015625 0.0341796875
0 0.7861328125 0.9375 0.0419921875 0.0390625
0 0.8359375 0.96484375 0.037109375 0.0361328125