0 0.154296875 0.2490234375 0.044921875 0.0673828125
0 0.484375 0.2841796875 0.083984375 0.140625
0 0.361328125 0.29296875 0.0576171875 0.072265625
0 0.412109375 0.34765625 0.0419921875 0.09375
0 0.1357421875 0.037109375 0.056640625 0.060546875
0 0.341796875 0.361328125 0.0595703125 0.0546875
0 0.0458984375 0.3662109375 0.0546875 0.080078125
0 0.279296875 0.3876953125 0.0986328125 0.1357421875
0 0.806640625 0.3896484375 0.0673828125 0.0361328125
0 0.041015625 0.3984375 0.037109375 0.056640625
0 0.46484375 0.4013671875 0.0654296875 0.0625
0 0.654296875 0.41796875 0.1064453125 0.173828125
0 0.513671875 0.43359375 0.052734375 0.0546875
0 0.5546875 0.455078125 0.095703125 0.107421875
0 0.35546875 0.48046875 0.095703125 0.1435546875
0 0.056640625 0.513671875 0.0654296875 0.0625
0 0.5966796875 0.541015625 0.068359375 0.1044921875
0 0.083984375 0.568359375 0.0673828125 0.1220703125
0 0.072265625 0.068359375 0.0361328125 0.0517578125
0 0.587890625 0.74609375 0.046875 0.068359375
0 0.2333984375 0.775390625 0.064453125 0.09375
0 0.05859375 0.802734375 0.064453125 0.0966796875
0 0.361328125 0.814453125 0.048828125 0.0625
0 0.134765625 0.814453125 0.0517578125 0.0673828125
0 0.259765625 0.8271484375 0.046875 0.0595703125
0 0.728515625 0.833984375 0.0390625 0.0673828125
0 0.775390625 0.841796875 0.029296875 0.0830078125
0 0.6396484375 0.0888671875 0.0439453125 0.052734375
0 0.666015625 0.087890625 0.0498046875 0.0673828125
0 0.0224609375 0.86328125 0.0361328125 0.0625
0 0.404296875 0.873046875 0.087890625 0.0986328125
0 0.7412109375 0.8974609375 0.041015625 0.056640625
0 0.052734375 0.9140625 0.060546875 0.0595703125
0 0.7099609375 0.935546875 0.041015625 0.0361328125
0 0.6064453125 0.9365234375 0.0986328125 0.0859375
0 0.6904296875 0.115234375 0.0498046875 0.056640625
0 0.1298828125 0.1298828125 0.0439453125 0.0673828125
0 0.52734375 0.1572265625 0.0703125 0.0986328125
0 0.2470703125 0.1884765625 0.0908203125 0.115234375
0 0.9814453125 0.185546875 0.037109375 0.08984375
0 0.904296875 0.201171875 0.041015625 0.046875
0 0.0654296875 0.2373046875 0.0732421875 0.0908203125