0 0.0830078125 0.587890625 0.0654296875 0.017578125
0 0.06640625 0.1416015625 0.0751953125 0.0283203125
0 0.189453125 0.1455078125 0.0654296875 0.060546875
0 0.7607421875 0.0419921875 0.1279296875 0.083984375
0 0.783203125 0.1435546875 0.0908203125 0.134765625
0 0.6875 0.20703125 0.158203125 0.1640625
0 0.88671875 0.341796875 0.115234375 0.140625
0 0.763671875 0.3759765625 0.1435546875 0.1357421875
0 0.873046875 0.4677734375 0.1748046875 0.181640625
0 0.681640625 0.48828125 0.1376953125 0.1357421875
0 0.77734375 0.5517578125 0.1767578125 0.0888671875
0 0.3388671875 0.607421875 0.0576171875 0.0205078125
0 0.01953125 0.6142578125 0.0390625 0.03125
0 0.21484375 0.609375 0.03125 0.021484375
0 0.37109375 0.6162109375 0.0517578125 0.0361328125
0 0.193359375 0.673828125 0.064453125 0.0888671875
0 0.3681640625 0.693359375 0.0595703125 0.0888671875
0 0.0107421875 0.7080078125 0.021484375 0.0595703125
0 0.3408203125 0.734375 0.037109375 0.046875
0 0.3681640625 0.767578125 0.0341796875 0.0654296875
0 0.3212890625 0.76953125 0.046875 0.0546875
0 0.17578125 0.794921875 0.0341796875 0.0595703125
0 0.3388671875 0.79296875 0.0498046875 0.0859375
0 0.361328125 0.828125 0.0341796875 0.046875
0 0.017578125 0.8388671875 0.0341796875 0.0908203125
0 0.1953125 0.84375 0.0341796875 0.0439453125
0 0.154296875 0.908203125 0.052734375 0.0576171875
0 0.0107421875 0.939453125 0.021484375 0.060546875
0 0.185546875 0.958984375 0.0439453125 0.078125
0 0.35546875 0.9736328125 0.0341796875 0.048828125
0 0.330078125 0.986328125 0.03125 0.025390625
0 0.4287109375 0.609375 0.0263671875 0.021484375
0 0.93359375 0.638671875 0.056640625 0.0830078125
0 0.783203125 0.6923828125 0.0283203125 0.0390625
0 0.6650390625 0.7490234375 0.0361328125 0.0595703125
0 0.982421875 0.806640625 0.029296875 0.0986328125
0 0.916015625 0.83203125 0.0390625 0.068359375
0 0.8564453125 0.849609375 0.107421875 0.1484375