0 0.123046875 0.21484375 0.060546875 0.09375
0 0.01171875 0.3310546875 0.0234375 0.0966796875
0 0.0107421875 0.453125 0.021484375 0.056640625
0 0.595703125 0.115234375 0.03125 0.0673828125
0 0.8515625 0.1484375 0.017578125 0.033203125
0 0.79296875 0.15234375 0.0341796875 0.044921875
0 0.630859375 0.15234375 0.0390625 0.060546875
0 0.8330078125 0.1982421875 0.03125 0.044921875
0 0.6162109375 0.189453125 0.0361328125 0.041015625
0 0.8212890625 0.212890625 0.0263671875 0.048828125
0 0.951171875 0.224609375 0.0419921875 0.0751953125
0 0.96875 0.232421875 0.0341796875 0.048828125
0 0.5888671875 0.21875 0.0205078125 0.052734375
0 0.62109375 0.224609375 0.041015625 0.046875
0 0.80078125 0.251953125 0.029296875 0.048828125
0 0.748046875 0.2578125 0.0263671875 0.0361328125
0 0.814453125 0.2783203125 0.0234375 0.0283203125
0 0.7607421875 0.27734375 0.0361328125 0.044921875
0 0.962890625 0.294921875 0.0361328125 0.0517578125
0 0.6025390625 0.2880859375 0.041015625 0.0439453125
0 0.9794921875 0.3681640625 0.0361328125 0.052734375
0 0.751953125 0.353515625 0.0263671875 0.046875
0 0.583984375 0.36328125 0.009765625 0.0390625
0 0.748046875 0.400390625 0.0263671875 0.0361328125
0 0.7626953125 0.41796875 0.0263671875 0.033203125
0 0.6064453125 0.4091796875 0.029296875 0.064453125
0 0.947265625 0.43359375 0.0341796875 0.0546875
0 0.974609375 0.455078125 0.046875 0.068359375
0 0.7177734375 0.451171875 0.0419921875 0.060546875
0 0.94921875 0.484375 0.0283203125 0.041015625
0 0.767578125 0.4736328125 0.03125 0.0390625
0 0.9677734375 0.4921875 0.0185546875 0.0234375
0 0.591796875 0.466796875 0.025390625 0.041015625
0 0.7705078125 0.50390625 0.015625 0.033203125
0 0.5830078125 0.49609375 0.0078125 0.0361328125
0 0.9638671875 0.51953125 0.0341796875 0.0341796875
0 0.5869140625 0.5205078125 0.013671875 0.03125
0 0.787109375 0.529296875 0.03125 0.0126953125
0 0.814453125 0.015625 0.0361328125 0.03125
0 0.78515625 0.0263671875 0.0361328125 0.048828125
0 0.994140625 0.041015625 0.0078125 0.0576171875
0 0.6123046875 0.0234375 0.0234375 0.0283203125
0 0.970703125 0.05859375 0.029296875 0.044921875
0 0.802734375 0.0517578125 0.0390625 0.060546875
0 0.58984375 0.060546875 0.021484375 0.0703125
0 0.9775390625 0.107421875 0.041015625 0.0703125
0 0.8173828125 0.1005859375 0.0341796875 0.0576171875
0 0.966796875 0.1279296875 0.0341796875 0.044921875
0 0.080078125 0.619140625 0.1328125 0.095703125
0 0.5283203125 0.6806640625 0.080078125 0.0595703125
0 0.5400390625 0.73046875 0.0751953125 0.0439453125
0 0.5126953125 0.7607421875 0.078125 0.0546875
0 0.3125 0.75 0.1064453125 0.0625
0 0.0576171875 0.7890625 0.0439453125 0.048828125
0 0.537109375 0.923828125 0.080078125 0.087890625
0 0.029296875 0.9072265625 0.05859375 0.099609375
0 0.546875 0.96875 0.060546875 0.0576171875
0 0.2080078125 0.97265625 0.080078125 0.0517578125
0 0.67578125 0.712890625 0.1923828125 0.2001953125
0 0.62890625 0.77734375 0.0986328125 0.3876953125
0 0.794921875 0.91796875 0.0986328125 0.099609375
0 0.7880859375 0.806640625 0.4189453125 0.3828125
0 0.845703125 0.6103515625 0.0859375 0.0751953125
0 0.923828125 0.666015625 0.150390625 0.2548828125