0 0.111328125 0.0107421875 0.0888671875 0.021484375
0 0.2431640625 0.283203125 0.486328125 0.56640625
0 0.0712890625 0.4423828125 0.1279296875 0.115234375
0 0.15625 0.52734375 0.1455078125 0.080078125
0 0.0625 0.552734375 0.052734375 0.0283203125
0 0.9580078125 0.123046875 0.080078125 0.1376953125
0 0.49609375 0.0732421875 0.017578125 0.0654296875
0 0.6201171875 0.0966796875 0.0576171875 0.068359375
0 0.560546875 0.150390625 0.048828125 0.0419921875
0 0.9453125 0.2001953125 0.0595703125 0.087890625
0 0.5673828125 0.197265625 0.0419921875 0.052734375
0 0.9091796875 0.314453125 0.1171875 0.158203125
0 0.974609375 0.4375 0.044921875 0.052734375
0 0.77734375 0.4765625 0.0546875 0.0830078125
0 0.7060546875 0.501953125 0.0419921875 0.083984375
0 0.515625 0.521484375 0.0361328125 0.0576171875
0 0.67578125 0.55859375 0.0576171875 0.017578125
0 0.1982421875 0.701171875 0.037109375 0.041015625
0 0.2373046875 0.705078125 0.0185546875 0.025390625
0 0.0625 0.7578125 0.0439453125 0.0439453125
0 0.0810546875 0.7998046875 0.0185546875 0.0185546875
0 0.0478515625 0.794921875 0.0234375 0.0234375
0 0.3583984375 0.900390625 0.044921875 0.0517578125
0 0.013671875 0.6220703125 0.02734375 0.037109375
0 0.193359375 0.6552734375 0.0419921875 0.0517578125
0 0.017578125 0.658203125 0.0341796875 0.0390625
0 0.916015625 0.677734375 0.1640625 0.2158203125
0 0.57421875 0.732421875 0.173828125 0.326171875
0 0.7841796875 0.78515625 0.1357421875 0.15625
0 0.58203125 0.845703125 0.041015625 0.048828125
0 0.650390625 0.8955078125 0.09375 0.103515625
0 0.6015625 0.9267578125 0.041015625 0.0517578125
0 0.529296875 0.943359375 0.0361328125 0.0654296875