0 0.32421875 0.1259765625 0.0908203125 0.064453125
0 0.4013671875 0.28125 0.0810546875 0.0625
0 0.4345703125 0.326171875 0.0859375 0.046875
0 0.4091796875 0.3642578125 0.080078125 0.060546875
0 0.216796875 0.3955078125 0.1064453125 0.068359375
0 0.005859375 0.4853515625 0.01171875 0.052734375
0 0.4599609375 0.5107421875 0.03125 0.0888671875
0 0.82421875 0.3095703125 0.0517578125 0.0419921875
0 0.751953125 0.3427734375 0.0517578125 0.060546875
0 0.93359375 0.322265625 0.0703125 0.056640625
0 0.982421875 0.31640625 0.03125 0.041015625
0 0.8017578125 0.3466796875 0.0751953125 0.0654296875
0 0.689453125 0.41015625 0.123046875 0.095703125
0 0.9052734375 0.390625 0.083984375 0.080078125
0 0.625 0.478515625 0.072265625 0.0625
0 0.494140625 0.5244140625 0.03125 0.0576171875
0 0.685546875 0.5009765625 0.0908203125 0.0830078125
0 0.544921875 0.529296875 0.083984375 0.078125
0 0.98046875 0.470703125 0.0341796875 0.0751953125
0 0.8720703125 0.4951171875 0.080078125 0.0830078125
0 0.5576171875 0.5673828125 0.0673828125 0.0390625
0 0.94921875 0.5234375 0.052734375 0.046875
0 0.755859375 0.5576171875 0.09375 0.0576171875
0 0.853515625 0.560546875 0.072265625 0.0546875
0 0.658203125 0.578125 0.0673828125 0.017578125
0 0.9130859375 0.572265625 0.076171875 0.0283203125
0 0.8671875 0.173828125 0.048828125 0.052734375
0 0.96875 0.185546875 0.0576171875 0.056640625
0 0.884765625 0.2197265625 0.0595703125 0.052734375
0 0.7783203125 0.271484375 0.046875 0.0439453125
0 0.9140625 0.275390625 0.0703125 0.0595703125
0 0.388671875 0.7880859375 0.1767578125 0.2216796875
0 0.23828125 0.79296875 0.4765625 0.4091796875
0 0.2607421875 0.646484375 0.083984375 0.0908203125
0 0.4130859375 0.6650390625 0.1201171875 0.1279296875
0 0.72265625 0.7861328125 0.4892578125 0.3955078125
0 0.919921875 0.8037109375 0.154296875 0.3876953125