0 0.0537109375 0.21484375 0.107421875 0.1611328125
0 0.6044921875 0.0556640625 0.1953125 0.111328125
0 0.837890625 0.0517578125 0.1142578125 0.103515625
0 0.6064453125 0.1865234375 0.1982421875 0.162109375
0 0.7705078125 0.2001953125 0.0986328125 0.103515625
0 0.826171875 0.275390625 0.0830078125 0.041015625
0 0.294921875 0.669921875 0.0546875 0.0810546875
0 0.05078125 0.6884765625 0.025390625 0.0546875
0 0.408203125 0.685546875 0.03125 0.0546875
0 0.349609375 0.693359375 0.0703125 0.119140625
0 0.439453125 0.693359375 0.033203125 0.0517578125
0 0.39453125 0.3212890625 0.0390625 0.044921875
0 0.3115234375 0.7021484375 0.037109375 0.0595703125
0 0.388671875 0.7265625 0.03125 0.044921875
0 0.251953125 0.744140625 0.037109375 0.0546875
0 0.4150390625 0.73828125 0.03125 0.0546875
0 0.2880859375 0.748046875 0.046875 0.068359375
0 0.2666015625 0.775390625 0.056640625 0.0595703125
0 0.380859375 0.7890625 0.03125 0.0546875
0 0.3154296875 0.8212890625 0.064453125 0.0986328125
0 0.435546875 0.822265625 0.033203125 0.0673828125
0 0.3984375 0.8447265625 0.0517578125 0.0595703125
0 0.3564453125 0.853515625 0.0625 0.087890625
0 0.2666015625 0.884765625 0.037109375 0.0546875
0 0.2919921875 0.896484375 0.0263671875 0.0390625
0 0.3984375 0.89453125 0.037109375 0.0546875
0 0.3125 0.9150390625 0.0625 0.0703125
0 0.3525390625 0.919921875 0.0263671875 0.0419921875
0 0.3291015625 0.947265625 0.0419921875 0.0546875
0 0.3388671875 0.9638671875 0.0234375 0.0341796875
0 0.482421875 0.33984375 0.03125 0.083984375
0 0.392578125 0.9736328125 0.033203125 0.048828125
0 0.3173828125 0.9775390625 0.0390625 0.041015625
0 0.2861328125 0.98046875 0.0390625 0.0341796875
0 0.412109375 0.3876953125 0.0283203125 0.0546875
0 0.376953125 0.408203125 0.03125 0.0517578125
0 0.2607421875 0.416015625 0.0419921875 0.046875
0 0.31640625 0.4296875 0.037109375 0.046875
0 0.369140625 0.435546875 0.0498046875 0.0703125
0 0.4609375 0.4345703125 0.0419921875 0.052734375
0 0.3515625 0.46484375 0.041015625 0.068359375
0 0.0107421875 0.50390625 0.021484375 0.056640625
0 0.4375 0.552734375 0.0439453125 0.0751953125
0 0.283203125 0.5634765625 0.0419921875 0.064453125
0 0.4150390625 0.5576171875 0.021484375 0.0439453125
0 0.419921875 0.580078125 0.0263671875 0.0439453125
0 0.302734375 0.587890625 0.046875 0.0751953125
0 0.35546875 0.6064453125 0.0810546875 0.0732421875
0 0.224609375 0.611328125 0.0234375 0.0498046875
0 0.427734375 0.6474609375 0.0546875 0.0888671875
0 0.634765625 0.330078125 0.072265625 0.0654296875
0 0.564453125 0.365234375 0.0654296875 0.115234375
0 0.7060546875 0.36328125 0.037109375 0.064453125
0 0.56640625 0.3720703125 0.0419921875 0.046875
0 0.736328125 0.451171875 0.0654296875 0.0751953125
0 0.580078125 0.4638671875 0.0595703125 0.111328125
0 0.5244140625 0.5546875 0.0498046875 0.052734375
0 0.5107421875 0.615234375 0.021484375 0.048828125
0 0.521484375 0.6826171875 0.0439453125 0.0576171875
0 0.5693359375 0.7197265625 0.0419921875 0.064453125
0 0.619140625 0.71875 0.0498046875 0.111328125
0 0.544921875 0.748046875 0.0576171875 0.0654296875
0 0.658203125 0.30859375 0.0576171875 0.021484375
0 0.76171875 0.98046875 0.0625 0.0341796875
0 0.5380859375 0.982421875 0.076171875 0.029296875