0 0.0966796875 0.029296875 0.056640625 0.05859375
0 0.2861328125 0.017578125 0.0390625 0.0341796875
0 0.0830078125 0.0517578125 0.029296875 0.046875
0 0.2529296875 0.0771484375 0.0546875 0.052734375
0 0.111328125 0.115234375 0.03125 0.0576171875
0 0.2939453125 0.125 0.048828125 0.078125
0 0.087890625 0.15625 0.029296875 0.029296875
0 0.466796875 0.1376953125 0.0341796875 0.0576171875
0 0.126953125 0.1923828125 0.0390625 0.052734375
0 0.4462890625 0.1650390625 0.03125 0.0654296875
0 0.2666015625 0.189453125 0.033203125 0.0390625
0 0.287109375 0.2265625 0.0517578125 0.068359375
0 0.11328125 0.25390625 0.0439453125 0.0654296875
0 0.318359375 0.26953125 0.044921875 0.048828125
0 0.291015625 0.2861328125 0.0390625 0.0625
0 0.1318359375 0.326171875 0.033203125 0.037109375
0 0.1240234375 0.3583984375 0.0283203125 0.0341796875
0 0.818359375 0.36328125 0.0517578125 0.029296875
0 0.763671875 0.0087890625 0.041015625 0.017578125
0 0.9150390625 0.01953125 0.044921875 0.0390625
0 0.94140625 0.126953125 0.037109375 0.080078125
0 0.3896484375 0.5390625 0.068359375 0.078125
0 0.4892578125 0.541015625 0.09375 0.1064453125
0 0.3525390625 0.572265625 0.060546875 0.0673828125
0 0.5380859375 0.58203125 0.076171875 0.111328125
0 0.4521484375 0.595703125 0.068359375 0.0908203125
0 0.56640625 0.591796875 0.021484375 0.080078125
0 0.115234375 0.6533203125 0.078125 0.0859375
0 0.4990234375 0.623046875 0.0654296875 0.078125
0 0.560546875 0.6337890625 0.03125 0.0654296875
0 0.552734375 0.640625 0.0283203125 0.046875
0 0.353515625 0.66015625 0.068359375 0.0810546875
0 0.244140625 0.6708984375 0.0703125 0.078125
0 0.419921875 0.6640625 0.0810546875 0.107421875
0 0.1787109375 0.685546875 0.041015625 0.0673828125
0 0.134765625 0.7001953125 0.0673828125 0.0595703125
0 0.3291015625 0.6904296875 0.0673828125 0.087890625
0 0.560546875 0.671875 0.0341796875 0.060546875
0 0.5302734375 0.689453125 0.0546875 0.0654296875
0 0.2900390625 0.7177734375 0.0703125 0.0859375
0 0.48828125 0.7109375 0.064453125 0.0859375
0 0.150390625 0.798828125 0.056640625 0.0751953125
0 0.501953125 0.783203125 0.03125 0.0625
0 0.482421875 0.806640625 0.046875 0.0751953125
0 0.3720703125 0.833984375 0.109375 0.1435546875
0 0.453125 0.849609375 0.083984375 0.1123046875
0 0.5693359375 0.837890625 0.013671875 0.041015625
0 0.166015625 0.8837890625 0.078125 0.0654296875
0 0.556640625 0.857421875 0.041015625 0.0654296875
0 0.51953125 0.86328125 0.0439453125 0.0576171875
0 0.4326171875 0.9013671875 0.0390625 0.068359375
0 0.486328125 0.90625 0.0439453125 0.064453125
0 0.52734375 0.908203125 0.0498046875 0.056640625
0 0.4609375 0.921875 0.0419921875 0.0703125
0 0.376953125 0.916015625 0.185546875 0.1640625
0 0.4912109375 0.958984375 0.09375 0.076171875
0 0.5556640625 0.962890625 0.0439453125 0.0703125
0 0.537109375 0.970703125 0.080078125 0.056640625
0 0.263671875 0.966796875 0.134765625 0.0625
0 0.982421875 0.611328125 0.029296875 0.09375
0 0.9775390625 0.677734375 0.041015625 0.072265625
0 0.888671875 0.693359375 0.0654296875 0.080078125
0 0.7978515625 0.787109375 0.046875 0.095703125
0 0.822265625 0.8056640625 0.0625 0.0546875
0 0.853515625 0.806640625 0.0439453125 0.056640625
0 0.7744140625 0.853515625 0.0439453125 0.052734375
0 0.9736328125 0.837890625 0.048828125 0.0703125
0 0.7470703125 0.859375 0.0419921875 0.083984375
0 0.712890625 0.90234375 0.1142578125 0.150390625
0 0.6572265625 0.923828125 0.044921875 0.1015625
0 0.623046875 0.955078125 0.0703125 0.083984375