0 0.0693359375 0.271484375 0.138671875 0.25
0 0.140625 0.498046875 0.2138671875 0.0576171875
0 0.3125 0.0263671875 0.236328125 0.052734375
0 0.90625 0.0556640625 0.1826171875 0.111328125
0 0.64453125 0.1328125 0.125 0.126953125
0 0.705078125 0.1416015625 0.0830078125 0.083984375
0 0.8720703125 0.2236328125 0.2060546875 0.216796875
0 0.7734375 0.23828125 0.1484375 0.1171875
0 0.544921875 0.2607421875 0.115234375 0.09375
0 0.794921875 0.3623046875 0.2236328125 0.2109375
0 0.701171875 0.4130859375 0.119140625 0.099609375
0 0.6591796875 0.470703125 0.1064453125 0.0966796875
0 0.724609375 0.513671875 0.1328125 0.0263671875
0 0.8642578125 0.5205078125 0.0986328125 0.0126953125
0 0.40234375 0.580078125 0.1328125 0.103515625
0 0.1962890625 0.572265625 0.083984375 0.087890625
0 0.451171875 0.5830078125 0.0673828125 0.107421875
0 0.3544921875 0.6181640625 0.107421875 0.177734375
0 0.21875 0.6494140625 0.1064453125 0.240234375
0 0.076171875 0.6875 0.0751953125 0.212890625
0 0.0087890625 0.8125 0.017578125 0.2265625
0 0.0625 0.8408203125 0.1171875 0.2626953125
0 0.4130859375 0.865234375 0.091796875 0.263671875
0 0.3125 0.873046875 0.111328125 0.25
0 0.1162109375 0.8955078125 0.107421875 0.205078125
0 0.37109375 0.9111328125 0.0703125 0.173828125
0 0.7529296875 0.7587890625 0.1748046875 0.1767578125
0 0.6162109375 0.833984375 0.2578125 0.326171875
0 0.896484375 0.9443359375 0.0908203125 0.0908203125
0 0.748046875 0.841796875 0.498046875 0.310546875
0 0.5712890625 0.615234375 0.09375 0.1142578125
0 0.9130859375 0.6328125 0.078125 0.068359375
0 0.96484375 0.671875 0.0654296875 0.232421875