0 0.189453125 0.20703125 0.046875 0.0732421875
0 0.1533203125 0.208984375 0.056640625 0.0859375
0 0.2236328125 0.26171875 0.029296875 0.0341796875
0 0.115234375 0.3037109375 0.048828125 0.0498046875
0 0.1767578125 0.3232421875 0.037109375 0.0419921875
0 0.216796875 0.326171875 0.0341796875 0.0703125
0 0.3271484375 0.34765625 0.0390625 0.0654296875
0 0.40625 0.359375 0.0341796875 0.0654296875
0 0.169921875 0.3857421875 0.0263671875 0.0361328125
0 0.0087890625 0.4150390625 0.017578125 0.044921875
0 0.1494140625 0.0244140625 0.048828125 0.048828125
0 0.2802734375 0.052734375 0.0419921875 0.0732421875
0 0.0439453125 0.076171875 0.0595703125 0.087890625
0 0.2978515625 0.0869140625 0.0419921875 0.078125
0 0.9296875 0.099609375 0.0419921875 0.09375
0 0.6611328125 0.1123046875 0.1298828125 0.1328125
0 0.892578125 0.134765625 0.0986328125 0.126953125
0 0.97265625 0.162109375 0.0517578125 0.0986328125
0 0.478515625 0.177734375 0.0576171875 0.1298828125
0 0.7265625 0.1796875 0.0966796875 0.080078125
0 0.98046875 0.267578125 0.0341796875 0.1064453125
0 0.546875 0.3017578125 0.181640625 0.208984375
0 0.4912109375 0.32421875 0.083984375 0.2451171875
0 0.7763671875 0.310546875 0.3466796875 0.271484375
0 0.986328125 0.404296875 0.021484375 0.080078125
0 0.5673828125 0.03515625 0.1064453125 0.0703125
0 0.73828125 0.0400390625 0.076171875 0.080078125
0 0.5087890625 0.05859375 0.1044921875 0.1171875
0 0.044921875 0.4609375 0.08984375 0.02734375
0 0.337890625 0.466796875 0.080078125 0.0341796875
0 0.4150390625 0.46484375 0.0654296875 0.03125
0 0.09765625 0.484375 0.0888671875 0.0703125
0 0.41796875 0.490234375 0.0576171875 0.0625
0 0.3837890625 0.517578125 0.0751953125 0.068359375
0 0.3046875 0.5849609375 0.060546875 0.0595703125
0 0.404296875 0.595703125 0.0859375 0.087890625
0 0.015625 0.60546875 0.03125 0.0673828125
0 0.373046875 0.638671875 0.087890625 0.0703125
0 0.037109375 0.6689453125 0.07421875 0.091796875
0 0.3271484375 0.673828125 0.1064453125 0.078125
0 0.419921875 0.6826171875 0.0546875 0.0673828125
0 0.1220703125 0.705078125 0.0908203125 0.0654296875
0 0.427734375 0.736328125 0.0390625 0.072265625
0 0.041015625 0.755859375 0.0810546875 0.0986328125
0 0.431640625 0.775390625 0.03125 0.0654296875
0 0.1708984375 0.7861328125 0.0830078125 0.0576171875
0 0.208984375 0.810546875 0.0673828125 0.0546875
0 0.267578125 0.814453125 0.064453125 0.048828125
0 0.1025390625 0.822265625 0.056640625 0.0517578125
0 0.431640625 0.822265625 0.03125 0.048828125
0 0.3251953125 0.828125 0.068359375 0.060546875
0 0.0361328125 0.8515625 0.052734375 0.0361328125
0 0.408203125 0.8603515625 0.046875 0.0419921875
0 0.439453125 0.865234375 0.013671875 0.0439453125
0 0.2099609375 0.9892578125 0.130859375 0.017578125
0 0.619140625 0.767578125 0.0361328125 0.0595703125
0 0.544921875 0.779296875 0.0517578125 0.0751953125
0 0.59375 0.791015625 0.0341796875 0.0576171875
0 0.580078125 0.8017578125 0.0283203125 0.0361328125
0 0.6220703125 0.8505859375 0.046875 0.072265625
0 0.5283203125 0.859375 0.03125 0.0517578125
0 0.5546875 0.8935546875 0.0419921875 0.0517578125
0 0.46875 0.939453125 0.0390625 0.076171875
0 0.5693359375 0.96484375 0.072265625 0.0654296875
0 0.466796875 0.9755859375 0.0341796875 0.0439453125