0 0.216796875 0.0244140625 0.03125 0.048828125
0 0.1904296875 0.03515625 0.029296875 0.0419921875
0 0.365234375 0.072265625 0.0205078125 0.0439453125
0 0.0283203125 0.0625 0.0185546875 0.0390625
0 0.037109375 0.0615234375 0.025390625 0.046875
0 0.193359375 0.083984375 0.0205078125 0.029296875
0 0.216796875 0.099609375 0.025390625 0.0361328125
0 0.0458984375 0.1337890625 0.0205078125 0.037109375
0 0.1591796875 0.150390625 0.0205078125 0.046875
0 0.3525390625 0.173828125 0.0126953125 0.029296875
0 0.181640625 0.1826171875 0.0283203125 0.0498046875
0 0.2041015625 0.201171875 0.0283203125 0.060546875
0 0.3212890625 0.208984375 0.021484375 0.025390625
0 0.173828125 0.2265625 0.025390625 0.0439453125
0 0.01171875 0.2255859375 0.0234375 0.048828125
0 0.34765625 0.2509765625 0.0283203125 0.0390625
0 0.36328125 0.28515625 0.0107421875 0.017578125
0 0.3681640625 0.2880859375 0.0205078125 0.048828125
0 0.3720703125 0.2919921875 0.0126953125 0.017578125
0 0.17578125 0.2998046875 0.025390625 0.037109375
0 0.0107421875 0.3125 0.021484375 0.0673828125
0 0.1591796875 0.326171875 0.0341796875 0.0419921875
0 0.185546875 0.3427734375 0.025390625 0.037109375
0 0.373046875 0.3701171875 0.0078125 0.048828125
0 0.001953125 0.34765625 0.00390625 0.0234375
0 0.1591796875 0.369140625 0.0361328125 0.0595703125
0 0.0048828125 0.384765625 0.009765625 0.048828125
0 0.17578125 0.3994140625 0.029296875 0.0341796875
0 0.01171875 0.40234375 0.0234375 0.0263671875
0 0.361328125 0.0048828125 0.0205078125 0.009765625
0 0.0380859375 0.0048828125 0.0341796875 0.009765625
0 0.173828125 0.013671875 0.0263671875 0.0263671875
0 0.3681640625 0.017578125 0.017578125 0.03515625
0 0.818359375 0.083984375 0.068359375 0.0673828125
0 0.7470703125 0.111328125 0.0654296875 0.1171875
0 0.892578125 0.126953125 0.0361328125 0.0673828125
0 0.7509765625 0.1162109375 0.0390625 0.0498046875
0 0.6474609375 0.181640625 0.0439453125 0.0673828125
0 0.921875 0.216796875 0.064453125 0.076171875
0 0.765625 0.212890625 0.060546875 0.1123046875
0 0.849609375 0.0087890625 0.080078125 0.017578125
0 0.650390625 0.2236328125 0.0419921875 0.072265625
0 0.6171875 0.228515625 0.0517578125 0.0576171875
0 0.708984375 0.296875 0.0498046875 0.0546875
0 0.6259765625 0.3212890625 0.0595703125 0.0986328125
0 0.677734375 0.3544921875 0.056640625 0.044921875
0 0.5849609375 0.349609375 0.0595703125 0.0751953125
0 0.705078125 0.404296875 0.044921875 0.021484375
0 0.591796875 0.40625 0.072265625 0.0205078125
0 0.8837890625 0.033203125 0.068359375 0.06640625
0 0.9453125 0.0390625 0.0498046875 0.0732421875
0 0.841796875 0.0380859375 0.0576171875 0.076171875
0 0.6533203125 0.0546875 0.033203125 0.072265625
0 0.6123046875 0.05859375 0.033203125 0.078125
0 0.134765625 0.521484375 0.025390625 0.046875
0 0.162109375 0.546875 0.0546875 0.080078125
0 0.0888671875 0.5537109375 0.046875 0.0830078125
0 0.2041015625 0.595703125 0.048828125 0.072265625
0 0.083984375 0.6123046875 0.052734375 0.0908203125
0 0.060546875 0.6318359375 0.041015625 0.0703125
0 0.1767578125 0.6630859375 0.044921875 0.0625
0 0.02734375 0.6728515625 0.0546875 0.1298828125
0 0.263671875 0.6904296875 0.0283203125 0.0390625
0 0.146484375 0.68359375 0.046875 0.0498046875
0 0.1181640625 0.740234375 0.041015625 0.046875
0 0.0537109375 0.744140625 0.0546875 0.0810546875
0 0.1298828125 0.7734375 0.052734375 0.072265625
0 0.158203125 0.791015625 0.033203125 0.044921875
0 0.2060546875 0.818359375 0.0283203125 0.0419921875
0 0.025390625 0.8251953125 0.041015625 0.064453125
0 0.1435546875 0.8349609375 0.046875 0.0546875
0 0.060546875 0.853515625 0.080078125 0.0966796875
0 0.099609375 0.8662109375 0.0517578125 0.0546875
0 0.0634765625 0.91796875 0.044921875 0.0625
0 0.1142578125 0.9453125 0.0546875 0.080078125
0 0.103515625 0.431640625 0.0341796875 0.0263671875
0 0.1103515625 0.4482421875 0.0234375 0.056640625
0 0.2060546875 0.4677734375 0.0283203125 0.0517578125
0 0.068359375 0.4794921875 0.0263671875 0.0654296875
0 0.70703125 0.4638671875 0.1689453125 0.091796875
0 0.4462890625 0.4931640625 0.1279296875 0.150390625
0 0.689453125 0.5947265625 0.0625 0.0986328125
0 0.6455078125 0.6552734375 0.0439453125 0.0703125
0 0.677734375 0.716796875 0.0673828125 0.111328125
0 0.7724609375 0.7841796875 0.09375 0.1845703125
0 0.73046875 0.95703125 0.072265625 0.0830078125