0 0.375 0.05078125 0.0625 0.072265625
0 0.3818359375 0.076171875 0.048828125 0.1201171875
0 0.3203125 0.0888671875 0.044921875 0.044921875
0 0.3388671875 0.1357421875 0.0673828125 0.060546875
0 0.302734375 0.1953125 0.109375 0.1123046875
0 0.337890625 0.353515625 0.103515625 0.0830078125
0 0.2744140625 0.416015625 0.0810546875 0.068359375
0 0.2890625 0.0302734375 0.0732421875 0.0419921875
0 0.236328125 0.04296875 0.083984375 0.076171875
0 0.357421875 0.744140625 0.041015625 0.0751953125
0 0.26953125 0.759765625 0.052734375 0.0888671875
0 0.2705078125 0.794921875 0.044921875 0.0703125
0 0.3544921875 0.814453125 0.0517578125 0.0810546875
0 0.013671875 0.8837890625 0.02734375 0.052734375
0 0.263671875 0.84765625 0.0517578125 0.0810546875
0 0.1240234375 0.880859375 0.046875 0.0830078125
0 0.376953125 0.837890625 0.0576171875 0.083984375
0 0.068359375 0.908203125 0.041015625 0.068359375
0 0.3798828125 0.884765625 0.048828125 0.0732421875
0 0.263671875 0.9248046875 0.048828125 0.0654296875
0 0.138671875 0.9521484375 0.0439453125 0.068359375
0 0.03515625 0.9736328125 0.0517578125 0.048828125
0 0.173828125 0.9580078125 0.0517578125 0.080078125
0 0.380859375 0.927734375 0.0517578125 0.091796875
0 0.1005859375 0.9892578125 0.0439453125 0.017578125
0 0.3837890625 0.9794921875 0.044921875 0.0361328125
0 0.689453125 0.7724609375 0.037109375 0.0361328125
0 0.5341796875 0.8095703125 0.0498046875 0.037109375
0 0.638671875 0.791015625 0.037109375 0.0390625
0 0.5859375 0.8037109375 0.033203125 0.0361328125
0 0.7998046875 0.802734375 0.0419921875 0.0283203125
0 0.5830078125 0.9384765625 0.0498046875 0.0498046875
0 0.791015625 0.9130859375 0.0703125 0.0576171875
0 0.6640625 0.9443359375 0.0546875 0.0419921875
0 0.560546875 0.9765625 0.0205078125 0.0205078125
0 0.580078125 0.9912109375 0.056640625 0.0126953125