0 0.318359375 0.107421875 0.109375 0.0888671875
0 0.130859375 0.1005859375 0.26171875 0.201171875
0 0.376953125 0.2705078125 0.1591796875 0.419921875
0 0.228515625 0.2587890625 0.140625 0.1328125
0 0.033203125 0.251953125 0.0654296875 0.126953125
0 0.3427734375 0.412109375 0.208984375 0.1845703125
0 0.11328125 0.3974609375 0.2265625 0.21875
0 0.4482421875 0.4951171875 0.017578125 0.0439453125
0 0.1875 0.46875 0.134765625 0.0966796875
0 0.4267578125 0.048828125 0.060546875 0.0966796875
0 0.943359375 0.142578125 0.107421875 0.2578125
0 0.7236328125 0.2392578125 0.529296875 0.478515625
0 0.8173828125 0.341796875 0.361328125 0.3515625
0 0.244140625 0.7509765625 0.064453125 0.0498046875
0 0.056640625 0.7255859375 0.1123046875 0.1923828125
0 0.37890625 0.794921875 0.0908203125 0.1201171875
0 0.306640625 0.841796875 0.0625 0.064453125
0 0.166015625 0.8603515625 0.203125 0.201171875
0 0.0205078125 0.857421875 0.041015625 0.150390625
0 0.416015625 0.599609375 0.080078125 0.0595703125
0 0.345703125 0.669921875 0.0986328125 0.09375
0 0.224609375 0.701171875 0.083984375 0.072265625
0 0.97265625 0.5556640625 0.0517578125 0.072265625
0 0.544921875 0.5361328125 0.115234375 0.0341796875
0 0.76953125 0.544921875 0.072265625 0.052734375
0 0.740234375 0.5537109375 0.076171875 0.0703125
0 0.84765625 0.591796875 0.0859375 0.1201171875
0 0.619140625 0.669921875 0.123046875 0.1220703125
0 0.9130859375 0.775390625 0.0908203125 0.1328125
0 0.818359375 0.7744140625 0.0966796875 0.115234375
0 0.8564453125 0.859375 0.107421875 0.142578125
0 0.921875 0.8759765625 0.0546875 0.068359375
0 0.9345703125 0.9501953125 0.0576171875 0.0498046875
0 0.9736328125 0.9580078125 0.052734375 0.083984375
0 0.595703125 0.9326171875 0.123046875 0.1201171875
0 0.703125 0.958984375 0.080078125 0.076171875
0 0.93359375 0.982421875 0.056640625 0.029296875
0 0.87890625 0.978515625 0.0986328125 0.0390625
0 0.658203125 0.9755859375 0.107421875 0.0439453125