0 0.2626953125 0.005859375 0.021484375 0.01171875
0 0.232421875 0.017578125 0.029296875 0.0341796875
0 0.126953125 0.02734375 0.0234375 0.0361328125
0 0.162109375 0.0498046875 0.025390625 0.033203125
0 0.1328125 0.0654296875 0.0263671875 0.0498046875
0 0.0458984375 0.1796875 0.015625 0.0283203125
0 0.0166015625 0.189453125 0.0283203125 0.037109375
0 0.02734375 0.3251953125 0.025390625 0.0390625
0 0.0400390625 0.3525390625 0.0185546875 0.0234375
0 0.0234375 0.35546875 0.021484375 0.0185546875
0 0.025390625 0.380859375 0.03125 0.0390625
0 0.0322265625 0.4072265625 0.0205078125 0.029296875
0 0.009765625 0.427734375 0.0185546875 0.0390625
0 0.037109375 0.4423828125 0.044921875 0.0341796875
0 0.0439453125 0.48046875 0.025390625 0.037109375
0 0.0107421875 0.498046875 0.021484375 0.0390625
0 0.0048828125 0.52734375 0.009765625 0.0361328125
0 0.990234375 0.138671875 0.013671875 0.0517578125
0 0.923828125 0.193359375 0.0888671875 0.083984375
0 0.986328125 0.19921875 0.021484375 0.0439453125
0 0.60546875 0.232421875 0.0673828125 0.0576171875
0 0.392578125 0.30078125 0.0517578125 0.0576171875
0 0.7275390625 0.29296875 0.0751953125 0.0673828125
0 0.9091796875 0.283203125 0.083984375 0.0625
0 0.7822265625 0.3525390625 0.044921875 0.03125
0 0.541015625 0.3720703125 0.091796875 0.080078125
0 0.41015625 0.384765625 0.0517578125 0.0390625
0 0.375 0.3974609375 0.013671875 0.044921875
0 0.736328125 0.376953125 0.0654296875 0.0673828125
0 0.8447265625 0.3701171875 0.044921875 0.0390625
0 0.9306640625 0.39453125 0.0546875 0.0341796875
0 0.9462890625 0.435546875 0.0654296875 0.068359375
0 0.546875 0.4990234375 0.09375 0.0703125
0 0.380859375 0.513671875 0.0263671875 0.0654296875
0 0.7919921875 0.5078125 0.09375 0.064453125
0 0.6806640625 0.5224609375 0.0673828125 0.044921875
0 0.958984375 0.533203125 0.076171875 0.025390625
0 0.271484375 0.9228515625 0.068359375 0.0810546875
0 0.236328125 0.931640625 0.041015625 0.044921875
0 0.146484375 0.94140625 0.068359375 0.0859375
0 0.220703125 0.97265625 0.0673828125 0.0517578125
0 0.2763671875 0.9892578125 0.052734375 0.017578125
0 0.7412109375 0.5888671875 0.1279296875 0.0830078125
0 0.3857421875 0.6025390625 0.0361328125 0.0703125
0 0.9501953125 0.599609375 0.0595703125 0.0908203125
0 0.6953125 0.6484375 0.052734375 0.083984375
0 0.982421875 0.654296875 0.03125 0.1064453125
0 0.951171875 0.685546875 0.0439453125 0.0654296875
0 0.9541015625 0.7392578125 0.046875 0.09375
0 0.6533203125 0.7685546875 0.109375 0.1533203125
0 0.8037109375 0.8037109375 0.0361328125 0.0546875
0 0.953125 0.861328125 0.0517578125 0.087890625
0 0.71875 0.87890625 0.052734375 0.0517578125
0 0.9130859375 0.8876953125 0.0673828125 0.0732421875
0 0.509765625 0.95703125 0.048828125 0.0830078125
0 0.787109375 0.9501953125 0.0498046875 0.064453125
0 0.439453125 0.974609375 0.0439453125 0.044921875
0 0.8994140625 0.986328125 0.0673828125 0.025390625