0 0.333984375 0.240234375 0.40234375 0.48046875
0 0.076171875 0.248046875 0.15234375 0.2734375
0 0.19921875 0.421875 0.216796875 0.205078125
0 0.498046875 0.564453125 0.076171875 0.1923828125
0 0.1875 0.5888671875 0.2080078125 0.1533203125
0 0.904296875 0.26171875 0.0986328125 0.115234375
0 0.6826171875 0.224609375 0.078125 0.080078125
0 0.802734375 0.302734375 0.087890625 0.087890625
0 0.6044921875 0.34765625 0.1328125 0.181640625
0 0.7001953125 0.4287109375 0.0732421875 0.060546875
0 0.8544921875 0.478515625 0.1845703125 0.1982421875
0 0.6484375 0.490234375 0.0859375 0.068359375
0 0.771484375 0.1767578125 0.060546875 0.064453125
0 0.8935546875 0.216796875 0.158203125 0.1123046875
0 0.021484375 0.7109375 0.04296875 0.0859375
0 0.015625 0.826171875 0.03125 0.0576171875
0 0.923828125 0.6806640625 0.044921875 0.0234375
0 0.775390625 0.681640625 0.041015625 0.0263671875
0 0.75390625 0.69140625 0.0517578125 0.044921875
0 0.888671875 0.736328125 0.076171875 0.1142578125
0 0.712890625 0.705078125 0.044921875 0.072265625
0 0.818359375 0.7470703125 0.0498046875 0.0703125
0 0.8310546875 0.7978515625 0.056640625 0.0673828125
0 0.796875 0.798828125 0.056640625 0.064453125
0 0.78515625 0.8466796875 0.0263671875 0.041015625
0 0.7578125 0.8447265625 0.025390625 0.0498046875
0 0.849609375 0.8955078125 0.037109375 0.060546875
0 0.7509765625 0.8828125 0.0546875 0.078125