0 0.4130859375 0.044921875 0.087890625 0.0888671875
0 0.2685546875 0.0400390625 0.109375 0.0654296875
0 0.4462890625 0.06640625 0.021484375 0.0654296875
0 0.251953125 0.119140625 0.142578125 0.1142578125
0 0.3291015625 0.1689453125 0.150390625 0.150390625
0 0.43359375 0.193359375 0.044921875 0.107421875
0 0.396484375 0.3837890625 0.1201171875 0.1611328125
0 0.4326171875 0.501953125 0.048828125 0.09375
0 0.6416015625 0.1142578125 0.0859375 0.0703125
0 0.775390625 0.369140625 0.4453125 0.6767578125
0 0.6279296875 0.583984375 0.1279296875 0.1064453125
0 0.72265625 0.6650390625 0.142578125 0.083984375
0 0.626953125 0.6962890625 0.052734375 0.021484375
0 0.298828125 0.8740234375 0.0966796875 0.1279296875
0 0.4287109375 0.94140625 0.056640625 0.1142578125
0 0.390625 0.958984375 0.080078125 0.076171875
0 0.0419921875 0.970703125 0.083984375 0.052734375
0 0.06640625 0.73828125 0.1328125 0.0576171875
0 0.53125 0.728515625 0.0673828125 0.0390625
0 0.62890625 0.75 0.0419921875 0.0439453125
0 0.759765625 0.7451171875 0.0859375 0.0576171875
0 0.6943359375 0.755859375 0.0673828125 0.0419921875
0 0.837890625 0.767578125 0.080078125 0.048828125
0 0.482421875 0.794921875 0.048828125 0.044921875
0 0.73828125 0.7900390625 0.0576171875 0.037109375
0 0.642578125 0.806640625 0.064453125 0.056640625
0 0.4775390625 0.8193359375 0.0361328125 0.0390625
0 0.6650390625 0.865234375 0.060546875 0.052734375
0 0.490234375 0.87890625 0.052734375 0.0419921875
0 0.6142578125 0.876953125 0.0546875 0.037109375
0 0.71875 0.91015625 0.0732421875 0.046875
0 0.5361328125 0.919921875 0.076171875 0.037109375
0 0.5419921875 0.9423828125 0.044921875 0.0341796875
0 0.4755859375 0.9619140625 0.0341796875 0.0341796875
0 0.666015625 0.95703125 0.0517578125 0.029296875
0 0.607421875 0.9619140625 0.0517578125 0.0341796875
0 0.6650390625 0.984375 0.0595703125 0.0263671875