0 0.01953125 0.18359375 0.0390625 0.228515625
0 0.2763671875 0.294921875 0.197265625 0.267578125
0 0.0625 0.388671875 0.125 0.154296875
0 0.857421875 0.109375 0.048828125 0.056640625
0 0.845703125 0.134765625 0.0625 0.087890625
0 0.884765625 0.13671875 0.0390625 0.048828125
0 0.8232421875 0.2568359375 0.080078125 0.0908203125
0 0.9580078125 0.2431640625 0.080078125 0.125
0 0.9150390625 0.2880859375 0.166015625 0.3076171875
0 0.9892578125 0.322265625 0.017578125 0.076171875
0 0.93359375 0.337890625 0.1279296875 0.181640625
0 0.826171875 0.0205078125 0.080078125 0.041015625
0 0.794921875 0.0419921875 0.080078125 0.083984375
0 0.751953125 0.046875 0.044921875 0.0751953125
0 0.9150390625 0.083984375 0.166015625 0.16796875
0 0.95703125 0.060546875 0.0830078125 0.1201171875
0 0.7880859375 0.0849609375 0.0439453125 0.044921875
0 0.1142578125 0.919921875 0.228515625 0.154296875
0 0.4482421875 0.90234375 0.2578125 0.1904296875
0 0.5869140625 0.88671875 0.1591796875 0.2216796875
0 0.27734375 0.919921875 0.267578125 0.154296875
0 0.0517578125 0.6787109375 0.103515625 0.419921875
0 0.158203125 0.669921875 0.2626953125 0.4013671875
0 0.345703125 0.658203125 0.255859375 0.3798828125
0 0.529296875 0.642578125 0.259765625 0.3466796875
0 0.720703125 0.564453125 0.1064453125 0.1591796875
0 0.78515625 0.669921875 0.232421875 0.404296875
0 0.8818359375 0.80078125 0.1455078125 0.150390625
0 0.685546875 0.8818359375 0.0361328125 0.0625
0 0.818359375 0.916015625 0.3017578125 0.1640625
0 0.794921875 0.490234375 0.228515625 0.0439453125