0 0.482421875 0.130859375 0.0673828125 0.064453125
0 0.416015625 0.162109375 0.0576171875 0.1142578125
0 0.5595703125 0.166015625 0.033203125 0.064453125
0 0.41796875 0.1669921875 0.037109375 0.044921875
0 0.318359375 0.240234375 0.0419921875 0.064453125
0 0.595703125 0.255859375 0.0595703125 0.0732421875
0 0.4384765625 0.2607421875 0.0546875 0.107421875
0 0.5078125 0.02734375 0.0732421875 0.0546875
0 0.322265625 0.279296875 0.0390625 0.0673828125
0 0.291015625 0.2880859375 0.048828125 0.052734375
0 0.388671875 0.349609375 0.044921875 0.0517578125
0 0.306640625 0.37890625 0.0546875 0.09375
0 0.3583984375 0.408203125 0.0546875 0.0419921875
0 0.2666015625 0.41015625 0.056640625 0.0703125
0 0.3916015625 0.478515625 0.0419921875 0.052734375
0 0.279296875 0.4931640625 0.064453125 0.0625
0 0.4443359375 0.517578125 0.0390625 0.064453125
0 0.4931640625 0.517578125 0.0439453125 0.107421875
0 0.4208984375 0.544921875 0.0546875 0.0625
0 0.306640625 0.58984375 0.0595703125 0.0498046875
0 0.546875 0.06640625 0.060546875 0.076171875
0 0.322265625 0.751953125 0.037109375 0.060546875
0 0.609375 0.078125 0.044921875 0.0703125
0 0.505859375 0.076171875 0.0498046875 0.0830078125
0 0.373046875 0.7705078125 0.044921875 0.083984375
0 0.654296875 0.810546875 0.056640625 0.076171875
0 0.42578125 0.8232421875 0.0830078125 0.1142578125
0 0.533203125 0.826171875 0.046875 0.060546875
0 0.5966796875 0.845703125 0.0546875 0.072265625
0 0.541015625 0.89453125 0.0361328125 0.0625
0 0.603515625 0.9619140625 0.0341796875 0.072265625
0 0.4208984375 0.9658203125 0.025390625 0.0673828125
0 0.318359375 0.111328125 0.029296875 0.068359375
0 0.279296875 0.119140625 0.029296875 0.0751953125