0 0.134765625 0.0087890625 0.029296875 0.017578125
0 0.234375 0.0263671875 0.060546875 0.052734375
0 0.1142578125 0.037109375 0.03125 0.060546875
0 0.271484375 0.037109375 0.048828125 0.0546875
0 0.1025390625 0.125 0.0654296875 0.091796875
0 0.4345703125 0.0791015625 0.0517578125 0.0908203125
0 0.2783203125 0.1201171875 0.060546875 0.091796875
0 0.4580078125 0.1044921875 0.017578125 0.041015625
0 0.421875 0.1337890625 0.03125 0.056640625
0 0.2568359375 0.1640625 0.0390625 0.048828125
0 0.44140625 0.1474609375 0.0263671875 0.029296875
0 0.287109375 0.19140625 0.037109375 0.0654296875
0 0.2431640625 0.2021484375 0.048828125 0.0546875
0 0.4580078125 0.17578125 0.017578125 0.0439453125
0 0.1025390625 0.2470703125 0.037109375 0.060546875
0 0.263671875 0.2197265625 0.0517578125 0.087890625
0 0.435546875 0.19921875 0.048828125 0.072265625
0 0.2919921875 0.251953125 0.0361328125 0.048828125
0 0.125 0.2919921875 0.0341796875 0.046875
0 0.45703125 0.265625 0.0205078125 0.080078125
0 0.4443359375 0.2890625 0.0390625 0.0390625
0 0.09375 0.361328125 0.052734375 0.0595703125
0 0.45703125 0.318359375 0.0205078125 0.0546875
0 0.130859375 0.408203125 0.046875 0.080078125
0 0.306640625 0.40234375 0.03125 0.060546875
0 0.28515625 0.4326171875 0.03125 0.0673828125
0 0.1025390625 0.474609375 0.03125 0.041015625
0 0.1240234375 0.5078125 0.0517578125 0.0732421875
0 0.154296875 0.5478515625 0.0439453125 0.0517578125
0 0.1240234375 0.56640625 0.037109375 0.0654296875
0 0.55078125 0.0048828125 0.052734375 0.009765625
0 0.490234375 0.0205078125 0.0439453125 0.041015625
0 0.658203125 0.0107421875 0.0341796875 0.021484375
0 0.69140625 0.0361328125 0.0361328125 0.048828125
0 0.623046875 0.056640625 0.0625 0.056640625
0 0.548828125 0.0771484375 0.046875 0.041015625
0 0.8173828125 0.0361328125 0.0390625 0.0439453125
0 0.9423828125 0.01953125 0.0341796875 0.0390625
0 0.9169921875 0.029296875 0.0263671875 0.0341796875
0 0.66015625 0.078125 0.0361328125 0.03125
0 0.9013671875 0.048828125 0.029296875 0.0361328125
0 0.6083984375 0.103515625 0.052734375 0.0595703125
0 0.759765625 0.0888671875 0.0283203125 0.0341796875
0 0.9580078125 0.083984375 0.03125 0.0341796875
0 0.986328125 0.1044921875 0.021484375 0.0654296875
0 0.970703125 0.142578125 0.0361328125 0.0390625
0 0.861328125 0.1748046875 0.0263671875 0.0283203125
0 0.748046875 0.2001953125 0.052734375 0.041015625
0 0.814453125 0.193359375 0.021484375 0.0263671875
0 0.912109375 0.189453125 0.056640625 0.048828125
0 0.634765625 0.3125 0.0390625 0.0439453125
0 0.9033203125 0.283203125 0.0419921875 0.037109375
0 0.869140625 0.296875 0.0361328125 0.037109375
0 0.5224609375 0.3623046875 0.0517578125 0.037109375
0 0.4736328125 0.390625 0.009765625 0.03125
0 0.9033203125 0.359375 0.0419921875 0.037109375
0 0.53125 0.4658203125 0.0390625 0.0517578125
0 0.8349609375 0.4228515625 0.056640625 0.0576171875
0 0.484375 0.486328125 0.03125 0.048828125
0 0.9052734375 0.447265625 0.0419921875 0.0439453125
0 0.736328125 0.486328125 0.0361328125 0.03125
0 0.8740234375 0.466796875 0.03125 0.0439453125
0 0.9189453125 0.486328125 0.0390625 0.0361328125
0 0.8681640625 0.5078125 0.0390625 0.048828125
0 0.7900390625 0.5546875 0.0419921875 0.0517578125
0 0.76953125 0.5654296875 0.029296875 0.044921875
0 0.7255859375 0.60546875 0.048828125 0.0439453125
0 0.126953125 0.79296875 0.251953125 0.326171875
0 0.48828125 0.876953125 0.0390625 0.0517578125
0 0.6162109375 0.8564453125 0.083984375 0.068359375
0 0.5517578125 0.8740234375 0.0654296875 0.0517578125
0 0.693359375 0.869140625 0.080078125 0.0595703125
0 0.59375 0.9013671875 0.0576171875 0.0439453125
0 0.498046875 0.9326171875 0.0595703125 0.0673828125
0 0.521484375 0.9775390625 0.0625 0.041015625