0 0.4736328125 0.013671875 0.0673828125 0.0263671875
0 0.4130859375 0.0087890625 0.0830078125 0.017578125
0 0.490234375 0.03515625 0.072265625 0.0703125
0 0.0673828125 0.09375 0.134765625 0.1875
0 0.4951171875 0.1513671875 0.0625 0.138671875
0 0.513671875 0.205078125 0.025390625 0.1142578125
0 0.166015625 0.2158203125 0.0625 0.095703125
0 0.060546875 0.25390625 0.1201171875 0.2236328125
0 0.142578125 0.2802734375 0.0703125 0.095703125
0 0.326171875 0.318359375 0.146484375 0.1455078125
0 0.212890625 0.310546875 0.0625 0.078125
0 0.4951171875 0.3994140625 0.0625 0.0830078125
0 0.021484375 0.3779296875 0.04296875 0.208984375
0 0.400390625 0.5087890625 0.0751953125 0.0546875
0 0.287109375 0.505859375 0.0517578125 0.064453125
0 0.02734375 0.4755859375 0.0546875 0.1201171875
0 0.138671875 0.5205078125 0.0576171875 0.03125
0 0.66015625 0.34765625 0.1328125 0.1142578125
0 0.98046875 0.41015625 0.0341796875 0.0517578125
0 0.783203125 0.3828125 0.1669921875 0.193359375
0 0.90625 0.4755859375 0.1826171875 0.1201171875
0 0.5849609375 0.4736328125 0.0888671875 0.125
0 0.609375 0.4853515625 0.0751953125 0.0859375
0 0.716796875 0.486328125 0.1640625 0.0986328125
0 0.96484375 0.361328125 0.0654296875 0.076171875
0 0.306640625 0.8505859375 0.103515625 0.1435546875
0 0.400390625 0.892578125 0.1376953125 0.1279296875
0 0.439453125 0.951171875 0.1611328125 0.09375
0 0.46875 0.939453125 0.115234375 0.119140625
0 0.7236328125 0.560546875 0.0830078125 0.0439453125
0 0.7744140625 0.6171875 0.0625 0.0517578125
0 0.748046875 0.619140625 0.080078125 0.0888671875
0 0.705078125 0.61328125 0.0517578125 0.0595703125
0 0.6962890625 0.630859375 0.0517578125 0.0498046875
0 0.814453125 0.6943359375 0.072265625 0.0751953125
0 0.537109375 0.67578125 0.017578125 0.076171875
0 0.7744140625 0.716796875 0.0595703125 0.0595703125
0 0.751953125 0.740234375 0.048828125 0.0498046875
0 0.783203125 0.759765625 0.0517578125 0.0595703125
0 0.6357421875 0.7880859375 0.0654296875 0.0908203125
0 0.55859375 0.80078125 0.060546875 0.087890625
0 0.6083984375 0.810546875 0.0498046875 0.0732421875
0 0.580078125 0.837890625 0.078125 0.0625
0 0.5576171875 0.9287109375 0.0576171875 0.080078125
0 0.64453125 0.9775390625 0.0439453125 0.041015625
0 0.60546875 0.9755859375 0.052734375 0.0439453125