0 0.544921875 0.0732421875 0.083984375 0.142578125
0 0.05078125 0.0244140625 0.1015625 0.048828125
0 0.5712890625 0.4912109375 0.03125 0.1328125
0 0.4462890625 0.0244140625 0.15625 0.048828125
0 0.9326171875 0.142578125 0.1298828125 0.146484375
0 0.822265625 0.1953125 0.140625 0.169921875
0 0.896484375 0.283203125 0.099609375 0.1328125
0 0.658203125 0.310546875 0.0751953125 0.091796875
0 0.763671875 0.396484375 0.1142578125 0.1328125
0 0.9736328125 0.404296875 0.048828125 0.119140625
0 0.876953125 0.419921875 0.087890625 0.107421875
0 0.982421875 0.078125 0.029296875 0.0703125
0 0.607421875 0.564453125 0.0390625 0.142578125
0 0.869140625 0.583984375 0.107421875 0.1123046875
0 0.962890625 0.669921875 0.0703125 0.087890625
0 0.6953125 0.12109375 0.078125 0.0830078125
0 0.8076171875 0.705078125 0.125 0.0625
0 0.9111328125 0.716796875 0.1064453125 0.0361328125
0 0.443359375 0.939453125 0.1142578125 0.115234375
0 0.521484375 0.96875 0.052734375 0.0576171875
0 0.32421875 0.9619140625 0.154296875 0.072265625
0 0.251953125 0.8681640625 0.50390625 0.259765625
0 0.8837890625 0.9599609375 0.080078125 0.0751953125
0 0.876953125 0.908203125 0.244140625 0.177734375