0 0.330078125 0.013671875 0.0751953125 0.0263671875
0 0.4033203125 0.025390625 0.025390625 0.0498046875
0 0.41015625 0.064453125 0.0126953125 0.0703125
0 0.408203125 0.203125 0.013671875 0.123046875
0 0.8212890625 0.103515625 0.060546875 0.0439453125
0 0.8095703125 0.130859375 0.046875 0.041015625
0 0.8154296875 0.185546875 0.078125 0.0625
0 0.7421875 0.2138671875 0.0908203125 0.087890625
0 0.9306640625 0.193359375 0.0439453125 0.0498046875
0 0.6484375 0.24609375 0.0673828125 0.0751953125
0 0.7294921875 0.2490234375 0.03125 0.0517578125
0 0.8251953125 0.240234375 0.0732421875 0.0625
0 0.689453125 0.275390625 0.0673828125 0.0703125
0 0.4892578125 0.01953125 0.03125 0.0390625
0 0.7177734375 0.310546875 0.0517578125 0.056640625
0 0.455078125 0.0263671875 0.056640625 0.0390625
0 0.892578125 0.2978515625 0.0390625 0.037109375
0 0.8369140625 0.3076171875 0.068359375 0.0576171875
0 0.755859375 0.341796875 0.046875 0.0498046875
0 0.638671875 0.3564453125 0.0751953125 0.0732421875
0 0.759765625 0.37109375 0.060546875 0.0703125
0 0.865234375 0.0048828125 0.0576171875 0.009765625
0 0.708984375 0.390625 0.0234375 0.046875
0 0.7421875 0.3935546875 0.033203125 0.033203125
0 0.779296875 0.3994140625 0.0283203125 0.025390625
0 0.7177734375 0.41015625 0.03125 0.037109375
0 0.689453125 0.419921875 0.0517578125 0.0576171875
0 0.8193359375 0.4072265625 0.095703125 0.087890625
0 0.740234375 0.423828125 0.0341796875 0.0361328125
0 0.9189453125 0.4111328125 0.0498046875 0.0673828125
0 0.720703125 0.44140625 0.0390625 0.0234375
0 0.81640625 0.439453125 0.037109375 0.037109375
0 0.6376953125 0.462890625 0.0498046875 0.0625
0 0.693359375 0.4658203125 0.0419921875 0.0419921875
0 0.8857421875 0.447265625 0.046875 0.044921875
0 0.755859375 0.466796875 0.0361328125 0.0361328125
0 0.787109375 0.46484375 0.048828125 0.0361328125
0 0.7265625 0.4775390625 0.029296875 0.037109375
0 0.845703125 0.4658203125 0.0283203125 0.037109375
0 0.431640625 0.046875 0.0263671875 0.044921875
0 0.876953125 0.470703125 0.025390625 0.037109375
0 0.7060546875 0.4951171875 0.056640625 0.0576171875
0 0.951171875 0.0048828125 0.0517578125 0.009765625
0 0.9296875 0.482421875 0.0263671875 0.0283203125
0 0.9560546875 0.478515625 0.0419921875 0.041015625
0 0.974609375 0.478515625 0.0419921875 0.0576171875
0 0.748046875 0.587890625 0.03125 0.0361328125
0 0.7138671875 0.591796875 0.048828125 0.0263671875
0 0.5341796875 0.044921875 0.0546875 0.0439453125
0 0.861328125 0.59375 0.0361328125 0.025390625
0 0.75 0.6025390625 0.0341796875 0.0078125
0 0.9111328125 0.595703125 0.025390625 0.021484375
0 0.7529296875 0.041015625 0.0546875 0.0439453125
0 0.84765625 0.060546875 0.0517578125 0.0625
0 0.904296875 0.0546875 0.044921875 0.052734375
0 0.771484375 0.076171875 0.056640625 0.0673828125
0 0.162109375 0.662109375 0.080078125 0.107421875
0 0.322265625 0.6494140625 0.115234375 0.0830078125
0 0.3740234375 0.7001953125 0.0419921875 0.0888671875
0 0.19921875 0.8017578125 0.0419921875 0.068359375
0 0.341796875 0.857421875 0.072265625 0.146484375
0 0.189453125 0.8837890625 0.033203125 0.0517578125
0 0.208984375 0.9482421875 0.029296875 0.0517578125
0 0.888671875 0.626953125 0.0888671875 0.0361328125
0 0.517578125 0.6611328125 0.1201171875 0.1064453125
0 0.583984375 0.6484375 0.0908203125 0.056640625
0 0.810546875 0.646484375 0.09375 0.076171875
0 0.5283203125 0.7255859375 0.0654296875 0.0576171875
0 0.8974609375 0.69140625 0.0986328125 0.109375
0 0.8466796875 0.7197265625 0.064453125 0.0654296875
0 0.5986328125 0.783203125 0.1328125 0.0966796875
0 0.810546875 0.7841796875 0.064453125 0.0654296875
0 0.505859375 0.8310546875 0.0546875 0.0673828125
0 0.62109375 0.818359375 0.0595703125 0.0830078125
0 0.837890625 0.8642578125 0.080078125 0.099609375
0 0.931640625 0.865234375 0.076171875 0.0830078125
0 0.541015625 0.931640625 0.099609375 0.099609375
0 0.8837890625 0.951171875 0.1142578125 0.091796875