0 0.6591796875 0.146484375 0.044921875 0.0390625
0 0.65625 0.197265625 0.0625 0.0576171875
0 0.603515625 0.240234375 0.1064453125 0.099609375
0 0.580078125 0.396484375 0.103515625 0.0703125
0 0.4970703125 0.4296875 0.080078125 0.060546875
0 0.6650390625 0.451171875 0.044921875 0.0517578125
0 0.654296875 0.0673828125 0.0654296875 0.0673828125
0 0.42578125 0.462890625 0.1064453125 0.0263671875
0 0.599609375 0.068359375 0.080078125 0.0830078125
0 0.73828125 0.0107421875 0.0966796875 0.021484375
0 0.7255859375 0.048828125 0.072265625 0.09375
0 0.859375 0.224609375 0.2763671875 0.373046875
0 0.947265625 0.4013671875 0.064453125 0.078125
0 0.814453125 0.412109375 0.1328125 0.1279296875
0 0.900390625 0.4462890625 0.119140625 0.060546875
0 0.5673828125 0.5673828125 0.240234375 0.177734375
0 0.4990234375 0.57421875 0.21875 0.1875
0 0.255859375 0.5693359375 0.2626953125 0.1826171875
0 0.626953125 0.6689453125 0.0625 0.0546875
0 0.3427734375 0.634765625 0.138671875 0.1142578125
0 0.12109375 0.671875 0.1455078125 0.1171875
0 0.525390625 0.765625 0.2392578125 0.2392578125
0 0.6005859375 0.826171875 0.173828125 0.3251953125
0 0.357421875 0.79296875 0.103515625 0.099609375
0 0.1630859375 0.7939453125 0.302734375 0.2373046875
0 0.4609375 0.919921875 0.1298828125 0.125
0 0.71875 0.5048828125 0.052734375 0.052734375
0 0.763671875 0.5224609375 0.0830078125 0.0888671875
0 0.70703125 0.517578125 0.0341796875 0.080078125