0 0.275390625 0.080078125 0.1611328125 0.1591796875
0 0.583984375 0.2509765625 0.048828125 0.080078125
0 0.060546875 0.208984375 0.0673828125 0.0830078125
0 0.2900390625 0.2373046875 0.095703125 0.115234375
0 0.5322265625 0.29296875 0.0966796875 0.1201171875
0 0.3876953125 0.283203125 0.107421875 0.138671875
0 0.4658203125 0.310546875 0.0810546875 0.126953125
0 0.416015625 0.3642578125 0.091796875 0.1171875
0 0.330078125 0.36328125 0.0546875 0.078125
0 0.498046875 0.3955078125 0.0390625 0.060546875
0 0.791015625 0.0068359375 0.0283203125 0.013671875
0 0.8193359375 0.029296875 0.0576171875 0.0576171875
0 0.748046875 0.033203125 0.052734375 0.0654296875
0 0.865234375 0.0673828125 0.048828125 0.072265625
0 0.744140625 0.080078125 0.056640625 0.0908203125
0 0.720703125 0.0986328125 0.0439453125 0.072265625
0 0.837890625 0.134765625 0.044921875 0.0625
0 0.6796875 0.1376953125 0.076171875 0.130859375
0 0.927734375 0.162109375 0.0283203125 0.0419921875
0 0.8095703125 0.154296875 0.046875 0.0498046875
0 0.7841796875 0.208984375 0.0390625 0.048828125
0 0.71875 0.2119140625 0.0576171875 0.0830078125
0 0.796875 0.244140625 0.0546875 0.0751953125
0 0.82421875 0.259765625 0.033203125 0.044921875
0 0.8720703125 0.2890625 0.0283203125 0.044921875
0 0.6923828125 0.2919921875 0.0439453125 0.064453125
0 0.8134765625 0.3037109375 0.0498046875 0.0546875
0 0.7294921875 0.3203125 0.080078125 0.0986328125
0 0.7685546875 0.3349609375 0.0517578125 0.0546875
0 0.734375 0.384765625 0.044921875 0.0625
0 0.7880859375 0.3974609375 0.0576171875 0.056640625
0 0.455078125 0.708984375 0.1357421875 0.294921875
0 0.2451171875 0.712890625 0.087890625 0.193359375
0 0.5126953125 0.7578125 0.09375 0.228515625
0 0.40234375 0.798828125 0.1142578125 0.25
0 0.2646484375 0.826171875 0.1123046875 0.28125
0 0.119140625 0.861328125 0.0810546875 0.212890625
0 0.02734375 0.92578125 0.0546875 0.142578125
0 0.0986328125 0.9375 0.125 0.1201171875
0 0.376953125 0.46875 0.134765625 0.0830078125
0 0.041015625 0.46875 0.0673828125 0.0830078125
0 0.533203125 0.501953125 0.111328125 0.150390625
0 0.5625 0.517578125 0.1064453125 0.181640625
0 0.1025390625 0.5263671875 0.1279296875 0.197265625
0 0.33984375 0.5205078125 0.107421875 0.185546875
0 0.7509765625 0.513671875 0.107421875 0.146484375
0 0.89453125 0.595703125 0.0673828125 0.083984375
0 0.67578125 0.6103515625 0.076171875 0.0859375
0 0.966796875 0.697265625 0.060546875 0.125
0 0.740234375 0.689453125 0.1171875 0.115234375
0 0.6953125 0.7919921875 0.044921875 0.0703125
0 0.7685546875 0.828125 0.1142578125 0.1279296875
0 0.6630859375 0.880859375 0.076171875 0.0810546875
0 0.7080078125 0.94921875 0.1279296875 0.0966796875
0 0.951171875 0.439453125 0.072265625 0.025390625