0 0.5859375 0.01171875 0.0810546875 0.0234375
0 0.6162109375 0.013671875 0.037109375 0.02734375
0 0.544921875 0.029296875 0.0859375 0.05859375
0 0.607421875 0.0576171875 0.0595703125 0.0966796875
0 0.40625 0.025390625 0.0625 0.0498046875
0 0.251953125 0.009765625 0.0673828125 0.0185546875
0 0.4736328125 0.0517578125 0.087890625 0.103515625
0 0.626953125 0.1455078125 0.0205078125 0.1142578125
0 0.2568359375 0.0517578125 0.072265625 0.103515625
0 0.0537109375 0.021484375 0.083984375 0.04296875
0 0.333984375 0.103515625 0.076171875 0.109375
0 0.287109375 0.0908203125 0.064453125 0.095703125
0 0.49609375 0.1552734375 0.0751953125 0.1142578125
0 0.0830078125 0.072265625 0.0751953125 0.0859375
0 0.53515625 0.2158203125 0.0751953125 0.109375
0 0.119140625 0.119140625 0.0361328125 0.0654296875
0 0.2275390625 0.162109375 0.0703125 0.1123046875
0 0.037109375 0.119140625 0.0517578125 0.0859375
0 0.607421875 0.306640625 0.0595703125 0.107421875
0 0.009765625 0.126953125 0.0185546875 0.083984375
0 0.25390625 0.234375 0.060546875 0.119140625
0 0.3056640625 0.2578125 0.052734375 0.064453125
0 0.19921875 0.248046875 0.072265625 0.087890625
0 0.0576171875 0.236328125 0.0625 0.111328125
0 0.6044921875 0.40625 0.0654296875 0.1201171875
0 0.376953125 0.3505859375 0.091796875 0.1064453125
0 0.275390625 0.3310546875 0.0703125 0.0908203125
0 0.5361328125 0.451171875 0.072265625 0.048828125
0 0.1650390625 0.357421875 0.080078125 0.125
0 0.1162109375 0.36328125 0.0654296875 0.068359375
0 0.302734375 0.423828125 0.0673828125 0.1064453125
0 0.0673828125 0.3642578125 0.076171875 0.0830078125
0 0.3798828125 0.453125 0.072265625 0.044921875
0 0.1357421875 0.4091796875 0.056640625 0.0654296875
0 0.052734375 0.4228515625 0.087890625 0.0859375
0 0.1337890625 0.451171875 0.0654296875 0.0517578125
0 0.7568359375 0.0361328125 0.2158203125 0.072265625
0 0.916015625 0.05078125 0.111328125 0.1015625
0 0.955078125 0.154296875 0.083984375 0.1064453125
0 0.91796875 0.2236328125 0.1591796875 0.212890625
0 0.7705078125 0.1708984375 0.2529296875 0.265625
0 0.658203125 0.173828125 0.0361328125 0.2001953125
0 0.955078125 0.3232421875 0.083984375 0.306640625
0 0.669921875 0.3330078125 0.0625 0.15625
0 0.673828125 0.40234375 0.0673828125 0.146484375
0 0.791015625 0.4326171875 0.240234375 0.087890625
0 0.607421875 0.626953125 0.0576171875 0.28125
0 0.318359375 0.7060546875 0.63671875 0.458984375
0 0.470703125 0.798828125 0.333984375 0.400390625
0 0.9482421875 0.576171875 0.0986328125 0.115234375
0 0.8212890625 0.486328125 0.083984375 0.017578125
0 0.7724609375 0.4912109375 0.080078125 0.0263671875
0 0.94140625 0.517578125 0.0703125 0.080078125