0 0.2890625 0.2529296875 0.0595703125 0.0625
0 0.419921875 0.240234375 0.15625 0.275390625
0 0.23828125 0.298828125 0.197265625 0.158203125
0 0.748046875 0.189453125 0.498046875 0.376953125
0 0.46484375 0.51171875 0.0654296875 0.1455078125
0 0.4033203125 0.5302734375 0.1044921875 0.119140625
0 0.4326171875 0.587890625 0.087890625 0.103515625
0 0.486328125 0.61328125 0.025390625 0.1064453125
0 0.3330078125 0.6416015625 0.1123046875 0.1298828125
0 0.0859375 0.68359375 0.0751953125 0.1123046875
0 0.240234375 0.6728515625 0.0419921875 0.076171875
0 0.1396484375 0.689453125 0.087890625 0.119140625
0 0.3818359375 0.6689453125 0.0576171875 0.091796875
0 0.2294921875 0.708984375 0.060546875 0.0908203125
0 0.4580078125 0.685546875 0.080078125 0.1064453125
0 0.25 0.775390625 0.064453125 0.109375
0 0.0458984375 0.8193359375 0.078125 0.076171875
0 0.3369140625 0.798828125 0.0732421875 0.103515625
0 0.2900390625 0.8056640625 0.0595703125 0.087890625
0 0.484375 0.77734375 0.0263671875 0.107421875
0 0.0908203125 0.8740234375 0.072265625 0.076171875
0 0.134765625 0.904296875 0.0341796875 0.0625
0 0.251953125 0.8984375 0.0654296875 0.1044921875
0 0.05859375 0.939453125 0.044921875 0.0830078125
0 0.021484375 0.958984375 0.04296875 0.07421875
0 0.291015625 0.947265625 0.0576171875 0.1015625
0 0.3486328125 0.955078125 0.048828125 0.0576171875
0 0.244140625 0.9736328125 0.0703125 0.048828125
0 0.44140625 0.98046875 0.0888671875 0.0341796875
0 0.576171875 0.4892578125 0.1513671875 0.21875