0 0.275390625 0.1611328125 0.0546875 0.048828125
0 0.37890625 0.2861328125 0.017578125 0.0341796875
0 0.158203125 0.3173828125 0.044921875 0.0205078125
0 0.802734375 0.060546875 0.212890625 0.1201171875
0 0.6923828125 0.0703125 0.0703125 0.0439453125
0 0.595703125 0.080078125 0.150390625 0.130859375
0 0.5029296875 0.0712890625 0.0625 0.0888671875
0 0.494140625 0.0986328125 0.208984375 0.197265625
0 0.4306640625 0.28515625 0.0830078125 0.083984375
0 0.60546875 0.2431640625 0.3173828125 0.1689453125
0 0.158203125 0.8779296875 0.31640625 0.240234375
0 0.341796875 0.361328125 0.0888671875 0.064453125
0 0.12890625 0.341796875 0.1328125 0.0263671875
0 0.236328125 0.4609375 0.150390625 0.138671875
0 0.193359375 0.537109375 0.38671875 0.41796875
0 0.0380859375 0.650390625 0.076171875 0.1904296875
0 0.310546875 0.7255859375 0.0986328125 0.109375
0 0.0791015625 0.751953125 0.072265625 0.087890625
0 0.044921875 0.8505859375 0.0888671875 0.1875
0 0.748046875 0.345703125 0.048828125 0.03125
0 0.619140625 0.34375 0.044921875 0.029296875
0 0.7861328125 0.361328125 0.0439453125 0.0625
0 0.732421875 0.357421875 0.033203125 0.0419921875
0 0.939453125 0.38671875 0.0517578125 0.0810546875
0 0.96484375 0.416015625 0.044921875 0.0595703125
0 0.7099609375 0.384765625 0.0390625 0.044921875
0 0.8828125 0.412109375 0.0830078125 0.0751953125
0 0.625 0.388671875 0.048828125 0.0625
0 0.9765625 0.4609375 0.0361328125 0.037109375
0 0.591796875 0.419921875 0.044921875 0.044921875
0 0.8994140625 0.4794921875 0.064453125 0.083984375
0 0.83984375 0.4794921875 0.0732421875 0.0888671875
0 0.615234375 0.572265625 0.037109375 0.0419921875
0 0.501953125 0.587890625 0.0390625 0.046875
0 0.8349609375 0.6474609375 0.041015625 0.064453125
0 0.7939453125 0.64453125 0.0361328125 0.0361328125
0 0.634765625 0.638671875 0.0439453125 0.0576171875
0 0.751953125 0.6591796875 0.0419921875 0.068359375
0 0.7236328125 0.6865234375 0.0390625 0.0517578125
0 0.8076171875 0.703125 0.046875 0.0595703125
0 0.7744140625 0.7041015625 0.0439453125 0.0517578125
0 0.6181640625 0.6943359375 0.0595703125 0.0859375
0 0.755859375 0.73828125 0.0263671875 0.044921875
0 0.708984375 0.736328125 0.060546875 0.0888671875
0 0.6875 0.7509765625 0.048828125 0.0595703125
0 0.78125 0.7705078125 0.072265625 0.109375
0 0.642578125 0.7841796875 0.0361328125 0.0439453125
0 0.697265625 0.7958984375 0.0205078125 0.0341796875
0 0.6376953125 0.8095703125 0.03125 0.0419921875