0 0.169921875 0.5634765625 0.056640625 0.0546875
0 0.283203125 0.595703125 0.076171875 0.0703125
0 0.037109375 0.630859375 0.0703125 0.0517578125
0 0.318359375 0.626953125 0.1142578125 0.0595703125
0 0.447265625 0.626953125 0.154296875 0.0576171875
0 0.36328125 0.64453125 0.1201171875 0.025390625
0 0.33203125 0.033203125 0.15625 0.06640625
0 0.173828125 0.080078125 0.103515625 0.111328125
0 0.05859375 0.099609375 0.044921875 0.0595703125
0 0.2763671875 0.0830078125 0.212890625 0.166015625
0 0.162109375 0.08984375 0.0361328125 0.03125
0 0.033203125 0.123046875 0.0654296875 0.107421875
0 0.2294921875 0.150390625 0.1171875 0.1220703125
0 0.064453125 0.1962890625 0.048828125 0.046875
0 0.1171875 0.201171875 0.037109375 0.0263671875
0 0.443359375 0.1767578125 0.0595703125 0.0546875
0 0.134765625 0.224609375 0.064453125 0.0498046875
0 0.111328125 0.24609375 0.0595703125 0.0546875
0 0.3720703125 0.236328125 0.046875 0.0498046875
0 0.095703125 0.287109375 0.076171875 0.0703125
0 0.396484375 0.3056640625 0.064453125 0.052734375
0 0.037109375 0.3681640625 0.07421875 0.076171875
0 0.1044921875 0.36328125 0.099609375 0.091796875
0 0.25 0.357421875 0.0595703125 0.052734375
0 0.0361328125 0.419921875 0.072265625 0.0888671875
0 0.1923828125 0.4140625 0.0810546875 0.0732421875
0 0.4072265625 0.40234375 0.087890625 0.0595703125
0 0.25 0.44140625 0.076171875 0.0751953125
0 0.435546875 0.43359375 0.064453125 0.060546875
0 0.087890625 0.513671875 0.076171875 0.0703125
0 0.1904296875 0.5009765625 0.1982421875 0.1796875
0 0.2646484375 0.4990234375 0.068359375 0.0654296875
0 0.029296875 0.5556640625 0.05859375 0.064453125
0 0.0888671875 0.5517578125 0.0595703125 0.0546875
0 0.9521484375 0.033203125 0.087890625 0.06640625
0 0.810546875 0.0400390625 0.1513671875 0.080078125
0 0.90625 0.125 0.1640625 0.201171875
0 0.736328125 0.2763671875 0.333984375 0.4326171875
0 0.634765625 0.439453125 0.1298828125 0.28125
0 0.94140625 0.4482421875 0.1142578125 0.3154296875
0 0.857421875 0.4931640625 0.267578125 0.2548828125
0 0.603515625 0.537109375 0.0673828125 0.2392578125
0 0.857421875 0.603515625 0.267578125 0.1064453125
0 0.0517578125 0.955078125 0.060546875 0.080078125
0 0.380859375 0.93359375 0.123046875 0.1279296875
0 0.26171875 0.9638671875 0.076171875 0.0673828125
0 0.326171875 0.982421875 0.0703125 0.029296875
0 0.0087890625 0.748046875 0.017578125 0.076171875
0 0.48046875 0.7392578125 0.0576171875 0.064453125
0 0.505859375 0.734375 0.0654296875 0.080078125
0 0.537109375 0.7587890625 0.064453125 0.0703125
0 0.013671875 0.8388671875 0.02734375 0.080078125
0 0.390625 0.8193359375 0.09375 0.1142578125
0 0.1240234375 0.8828125 0.119140625 0.140625