0 0.2744140625 0.0517578125 0.1923828125 0.103515625
0 0.4140625 0.05859375 0.181640625 0.1171875
0 0.35546875 0.111328125 0.060546875 0.0654296875
0 0.4111328125 0.1162109375 0.0625 0.078125
0 0.1611328125 0.162109375 0.279296875 0.2265625
0 0.314453125 0.271484375 0.3564453125 0.283203125
0 0.1279296875 0.3125 0.091796875 0.076171875
0 0.0361328125 0.3505859375 0.072265625 0.1875
0 0.1474609375 0.333984375 0.130859375 0.115234375
0 0.3544921875 0.427734375 0.1328125 0.115234375
0 0.0625 0.4462890625 0.125 0.080078125
0 0.27734375 0.4462890625 0.1904296875 0.080078125
0 0.8212890625 0.013671875 0.107421875 0.02734375
0 0.689453125 0.0224609375 0.072265625 0.044921875
0 0.8857421875 0.033203125 0.111328125 0.06640625
0 0.7919921875 0.037109375 0.083984375 0.07421875
0 0.919921875 0.029296875 0.0703125 0.05859375
0 0.841796875 0.05078125 0.0751953125 0.087890625
0 0.912109375 0.0595703125 0.0546875 0.0703125
0 0.896484375 0.06640625 0.0341796875 0.0517578125
0 0.70703125 0.091796875 0.078125 0.091796875
0 0.62890625 0.107421875 0.021484375 0.0908203125
0 0.771484375 0.09375 0.095703125 0.1201171875
0 0.6826171875 0.125 0.078125 0.0966796875
0 0.91796875 0.0986328125 0.056640625 0.0673828125
0 0.8818359375 0.1162109375 0.0625 0.0751953125
0 0.654296875 0.15234375 0.0751953125 0.0986328125
0 0.8427734375 0.138671875 0.0751953125 0.095703125
0 0.9892578125 0.169921875 0.017578125 0.1279296875
0 0.8662109375 0.2119140625 0.041015625 0.068359375
0 0.849609375 0.2353515625 0.0546875 0.080078125
0 0.7470703125 0.265625 0.1298828125 0.1611328125
0 0.828125 0.279296875 0.0986328125 0.125
0 0.955078125 0.2646484375 0.041015625 0.0439453125
0 0.935546875 0.283203125 0.0498046875 0.0654296875
0 0.896484375 0.291015625 0.0517578125 0.064453125
0 0.9736328125 0.30078125 0.048828125 0.0830078125
0 0.8173828125 0.333984375 0.048828125 0.072265625
0 0.869140625 0.333984375 0.0517578125 0.068359375
0 0.912109375 0.3349609375 0.0595703125 0.064453125
0 0.845703125 0.3515625 0.052734375 0.078125
0 0.982421875 0.3681640625 0.03125 0.154296875
0 0.76953125 0.369140625 0.216796875 0.232421875
0 0.8837890625 0.3974609375 0.1044921875 0.109375
0 0.958984375 0.408203125 0.076171875 0.1201171875
0 0.9326171875 0.423828125 0.0966796875 0.123046875
0 0.6826171875 0.423828125 0.1298828125 0.123046875
0 0.2412109375 0.548828125 0.0888671875 0.1220703125
0 0.1298828125 0.619140625 0.0576171875 0.0859375
0 0.134765625 0.6748046875 0.0283203125 0.0673828125
0 0.1591796875 0.685546875 0.0341796875 0.056640625
0 0.1708984375 0.720703125 0.0341796875 0.0576171875
0 0.236328125 0.779296875 0.033203125 0.0498046875
0 0.08203125 0.8447265625 0.064453125 0.0986328125
0 0.525390625 0.943359375 0.083984375 0.107421875
0 0.939453125 0.873046875 0.119140625 0.21875
0 0.8076171875 0.80078125 0.3798828125 0.3955078125
0 0.923828125 0.646484375 0.107421875 0.080078125
0 0.8427734375 0.728515625 0.083984375 0.0908203125
0 0.96484375 0.75 0.0654296875 0.1298828125