0 0.849609375 0.1328125 0.091796875 0.150390625
0 0.681640625 0.13671875 0.1171875 0.1298828125
0 0.7431640625 0.2724609375 0.1201171875 0.169921875
0 0.2294921875 0.318359375 0.15625 0.216796875
0 0.861328125 0.3642578125 0.091796875 0.146484375
0 0.521484375 0.396484375 0.2734375 0.359375
0 0.3369140625 0.5400390625 0.177734375 0.232421875
0 0.18359375 0.0576171875 0.091796875 0.115234375
0 0.751953125 0.5966796875 0.1513671875 0.275390625
0 0.91015625 0.0615234375 0.0908203125 0.099609375
0 0.599609375 0.623046875 0.216796875 0.1982421875
0 0.259765625 0.650390625 0.138671875 0.2421875
0 0.193359375 0.6962890625 0.1435546875 0.244140625
0 0.85546875 0.75390625 0.095703125 0.162109375
0 0.548828125 0.8173828125 0.208984375 0.2265625
0 0.8017578125 0.861328125 0.1279296875 0.1376953125
0 0.3466796875 0.9189453125 0.1123046875 0.1611328125
0 0.771484375 0.9326171875 0.1640625 0.1298828125