0 0.6748046875 0.1591796875 0.033203125 0.029296875
0 0.5166015625 0.1728515625 0.046875 0.0283203125
0 0.6220703125 0.171875 0.033203125 0.033203125
0 0.5693359375 0.177734375 0.0283203125 0.033203125
0 0.78125 0.2060546875 0.0390625 0.0185546875
0 0.544921875 0.302734375 0.0419921875 0.0390625
0 0.7578125 0.314453125 0.064453125 0.0419921875
0 0.626953125 0.32421875 0.0517578125 0.033203125
0 0.521484375 0.3408203125 0.017578125 0.017578125
0 0.5361328125 0.361328125 0.048828125 0.009765625
0 0.2294921875 0.890625 0.0986328125 0.060546875
0 0.181640625 0.9306640625 0.2626953125 0.134765625
0 0.2138671875 0.41796875 0.263671875 0.1015625
0 0.06640625 0.51953125 0.1328125 0.216796875
0 0.298828125 0.5380859375 0.0751953125 0.076171875
0 0.2734375 0.5693359375 0.099609375 0.0966796875
0 0.3193359375 0.6455078125 0.052734375 0.0986328125
0 0.2470703125 0.69140625 0.099609375 0.083984375
0 0.0224609375 0.71875 0.044921875 0.0966796875
0 0.1611328125 0.7373046875 0.1484375 0.109375
0 0.232421875 0.7705078125 0.0908203125 0.080078125
0 0.056640625 0.8037109375 0.0703125 0.078125
0 0.013671875 0.8310546875 0.02734375 0.072265625
0 0.28515625 0.8515625 0.080078125 0.0751953125
0 0.0224609375 0.8798828125 0.044921875 0.072265625
0 0.779296875 0.673828125 0.09375 0.103515625
0 0.556640625 0.693359375 0.0751953125 0.068359375
0 0.69140625 0.740234375 0.0859375 0.076171875
0 0.486328125 0.8408203125 0.1845703125 0.1533203125
0 0.6259765625 0.8896484375 0.0703125 0.0498046875
0 0.7861328125 0.900390625 0.173828125 0.1748046875
0 0.591796875 0.962890625 0.0810546875 0.0576171875
0 0.6298828125 0.6240234375 0.0576171875 0.056640625
0 0.755859375 0.6328125 0.1533203125 0.091796875