0 0.2724609375 0.0380859375 0.0654296875 0.076171875
0 0.1552734375 0.1083984375 0.1826171875 0.216796875
0 0.275390625 0.0986328125 0.068359375 0.095703125
0 0.123046875 0.248046875 0.185546875 0.197265625
0 0.1923828125 0.310546875 0.1455078125 0.0703125
0 0.548828125 0.3076171875 0.271484375 0.076171875
0 0.876953125 0.263671875 0.240234375 0.1640625
0 0.826171875 0.09375 0.341796875 0.1875
0 0.4482421875 0.173828125 0.2578125 0.345703125
0 0.6669921875 0.173828125 0.5546875 0.345703125
0 0.4287109375 0.314453125 0.123046875 0.0625
0 0.158203125 0.5595703125 0.31640625 0.423828125
0 0.2119140625 0.7841796875 0.072265625 0.078125
0 0.111328125 0.8720703125 0.0498046875 0.037109375
0 0.283203125 0.8486328125 0.0673828125 0.087890625
0 0.154296875 0.984375 0.0517578125 0.0263671875
0 0.986328125 0.59375 0.021484375 0.0625
0 0.962890625 0.611328125 0.0361328125 0.0673828125
0 0.990234375 0.634765625 0.013671875 0.0908203125
0 0.8701171875 0.6650390625 0.0341796875 0.0703125
0 0.78515625 0.681640625 0.046875 0.0830078125
0 0.431640625 0.7490234375 0.044921875 0.0703125
0 0.365234375 0.775390625 0.037109375 0.0517578125
0 0.7841796875 0.7158203125 0.0390625 0.0654296875
0 0.4248046875 0.798828125 0.033203125 0.0546875
0 0.466796875 0.8017578125 0.052734375 0.068359375
0 0.8662109375 0.736328125 0.046875 0.078125
0 0.525390625 0.802734375 0.0283203125 0.046875
0 0.77734375 0.771484375 0.044921875 0.0751953125
0 0.384765625 0.837890625 0.0341796875 0.0517578125
0 0.6376953125 0.7978515625 0.0390625 0.0810546875
0 0.892578125 0.759765625 0.056640625 0.0732421875
0 0.580078125 0.826171875 0.0361328125 0.0654296875
0 0.892578125 0.806640625 0.044921875 0.068359375
0 0.775390625 0.845703125 0.0419921875 0.060546875
0 0.6484375 0.869140625 0.037109375 0.0654296875
0 0.4072265625 0.9189453125 0.0341796875 0.0546875
0 0.466796875 0.912109375 0.0341796875 0.044921875
0 0.54296875 0.9033203125 0.0439453125 0.0673828125
0 0.6845703125 0.8876953125 0.0419921875 0.091796875
0 0.9052734375 0.8515625 0.0654296875 0.083984375
0 0.388671875 0.9619140625 0.0576171875 0.072265625
0 0.611328125 0.9365234375 0.0361328125 0.0703125
0 0.564453125 0.951171875 0.021484375 0.0419921875
0 0.587890625 0.9501953125 0.041015625 0.0732421875
0 0.46484375 0.9765625 0.0263671875 0.0390625
0 0.505859375 0.9716796875 0.03125 0.056640625
0 0.6474609375 0.951171875 0.0390625 0.060546875
0 0.6474609375 0.95703125 0.0361328125 0.068359375
0 0.8935546875 0.9208984375 0.0390625 0.068359375
0 0.701171875 0.9580078125 0.080078125 0.080078125
0 0.6806640625 0.96484375 0.0341796875 0.0654296875
0 0.509765625 0.98828125 0.029296875 0.0205078125
0 0.78125 0.958984375 0.052734375 0.076171875
0 0.908203125 0.9521484375 0.052734375 0.044921875
0 0.8291015625 0.970703125 0.0517578125 0.0576171875
0 0.935546875 0.94921875 0.060546875 0.0966796875
0 0.955078125 0.986328125 0.03125 0.025390625
0 0.9541015625 0.4794921875 0.033203125 0.060546875