0 0.0888671875 0.220703125 0.115234375 0.095703125
0 0.38671875 0.2119140625 0.1689453125 0.150390625
0 0.3349609375 0.267578125 0.482421875 0.396484375
0 0.064453125 0.39453125 0.1279296875 0.1455078125
0 0.208984375 0.431640625 0.2265625 0.0703125
0 0.5361328125 0.412109375 0.0830078125 0.107421875
0 0.041015625 0.0869140625 0.0810546875 0.126953125
0 0.212890625 0.0908203125 0.1669921875 0.138671875
0 0.474609375 0.0732421875 0.205078125 0.146484375
0 0.81640625 0.0576171875 0.146484375 0.115234375
0 0.98046875 0.064453125 0.0341796875 0.0908203125
0 0.6044921875 0.216796875 0.0517578125 0.0966796875
0 0.7578125 0.291015625 0.1171875 0.1455078125
0 0.947265625 0.283203125 0.1015625 0.1376953125
0 0.798828125 0.435546875 0.1513671875 0.060546875
0 0.71875 0.01953125 0.0439453125 0.0390625
0 0.640625 0.0712890625 0.123046875 0.142578125
0 0.466796875 0.595703125 0.1064453125 0.158203125
0 0.3447265625 0.7255859375 0.0751953125 0.0908203125
0 0.275390625 0.787109375 0.0625 0.083984375
0 0.025390625 0.8759765625 0.0498046875 0.126953125
0 0.5400390625 0.755859375 0.0751953125 0.107421875
0 0.2353515625 0.84375 0.119140625 0.130859375
0 0.0947265625 0.8876953125 0.130859375 0.150390625
0 0.1748046875 0.8876953125 0.1044921875 0.1357421875
0 0.140625 0.943359375 0.1142578125 0.107421875
0 0.0576171875 0.96875 0.072265625 0.0576171875
0 0.2265625 0.9619140625 0.048828125 0.0673828125
0 0.435546875 0.970703125 0.080078125 0.056640625
0 0.70703125 0.7265625 0.1923828125 0.212890625
0 0.759765625 0.896484375 0.1171875 0.126953125
0 0.970703125 0.8642578125 0.052734375 0.1328125
0 0.8642578125 0.90625 0.1328125 0.150390625
0 0.9443359375 0.90625 0.1044921875 0.1357421875
0 0.91015625 0.953125 0.1142578125 0.0888671875
0 0.826171875 0.978515625 0.072265625 0.0390625
0 0.982421875 0.970703125 0.029296875 0.052734375