0 0.193359375 0.04296875 0.1513671875 0.0859375
0 0.068359375 0.119140625 0.13671875 0.2265625
0 0.3642578125 0.16796875 0.109375 0.1298828125
0 0.2314453125 0.232421875 0.078125 0.1044921875
0 0.203125 0.267578125 0.0703125 0.095703125
0 0.373046875 0.2705078125 0.115234375 0.083984375
0 0.236328125 0.296875 0.078125 0.099609375
0 0.076171875 0.2890625 0.15234375 0.15234375
0 0.171875 0.306640625 0.0908203125 0.09375
0 0.05859375 0.326171875 0.1171875 0.076171875
0 0.4130859375 0.322265625 0.1875 0.0859375
0 0.2861328125 0.34375 0.150390625 0.0439453125
0 0.541015625 0.01171875 0.064453125 0.0234375
0 0.712890625 0.0712890625 0.2470703125 0.142578125
0 0.5576171875 0.0830078125 0.0966796875 0.166015625
0 0.7900390625 0.056640625 0.0654296875 0.0888671875
0 0.6494140625 0.2236328125 0.2783203125 0.2841796875
0 0.716796875 0.3349609375 0.0751953125 0.060546875
0 0.44140625 0.482421875 0.0859375 0.056640625
0 0.19140625 0.533203125 0.0908203125 0.056640625
0 0.4638671875 0.509765625 0.0439453125 0.048828125
0 0.408203125 0.541015625 0.1171875 0.0966796875
0 0.2587890625 0.69140625 0.080078125 0.056640625
0 0.44921875 0.703125 0.1201171875 0.080078125
0 0.291015625 0.73828125 0.0859375 0.041015625
0 0.396484375 0.759765625 0.064453125 0.0576171875
0 0.2646484375 0.7744140625 0.078125 0.0546875
0 0.0703125 0.796875 0.1064453125 0.0595703125
0 0.462890625 0.8681640625 0.076171875 0.0732421875
0 0.353515625 0.923828125 0.115234375 0.080078125
0 0.3818359375 0.96875 0.1064453125 0.0576171875
0 0.525390625 0.716796875 0.03125 0.119140625
0 0.8095703125 0.6943359375 0.0654296875 0.048828125
0 0.599609375 0.720703125 0.162109375 0.1923828125
0 0.9541015625 0.708984375 0.0908203125 0.1220703125
0 0.900390625 0.7705078125 0.064453125 0.0654296875
0 0.771484375 0.8203125 0.2060546875 0.203125
0 0.583984375 0.865234375 0.150390625 0.150390625
0 0.966796875 0.453125 0.060546875 0.0703125
0 0.923828125 0.5078125 0.078125 0.0595703125
0 0.87890625 0.5947265625 0.099609375 0.09375
0 0.775390625 0.654296875 0.0830078125 0.0732421875