0 0.017578125 0.068359375 0.0341796875 0.080078125
0 0.2255859375 0.076171875 0.123046875 0.15234375
0 0.283203125 0.080078125 0.044921875 0.123046875
0 0.033203125 0.1513671875 0.0654296875 0.076171875
0 0.2861328125 0.13671875 0.0390625 0.072265625
0 0.30078125 0.1513671875 0.009765625 0.076171875
0 0.220703125 0.169921875 0.169921875 0.212890625
0 0.12890625 0.23046875 0.146484375 0.091796875
0 0.74609375 0.0537109375 0.103515625 0.107421875
0 0.525390625 0.1103515625 0.0810546875 0.076171875
0 0.666015625 0.1318359375 0.0908203125 0.087890625
0 0.46484375 0.228515625 0.2001953125 0.0966796875
0 0.609375 0.26953125 0.0751953125 0.013671875
0 0.767578125 0.2275390625 0.1904296875 0.0986328125
0 0.595703125 0.029296875 0.0625 0.05859375
0 0.720703125 0.03515625 0.1611328125 0.0703125
0 0.146484375 0.431640625 0.1923828125 0.2578125
0 0.173828125 0.63671875 0.0751953125 0.1064453125
0 0.142578125 0.7060546875 0.0546875 0.0751953125
0 0.189453125 0.7587890625 0.0810546875 0.119140625
0 0.2705078125 0.796875 0.0703125 0.1953125
0 0.279296875 0.9638671875 0.052734375 0.0673828125
0 0.8857421875 0.3564453125 0.0517578125 0.0546875
0 0.8349609375 0.369140625 0.0830078125 0.1142578125
0 0.5478515625 0.4306640625 0.0751953125 0.0859375
0 0.6689453125 0.408203125 0.0830078125 0.0751953125
0 0.9228515625 0.357421875 0.0419921875 0.0517578125
0 0.724609375 0.408203125 0.0595703125 0.0908203125
0 0.3388671875 0.494140625 0.0625 0.0654296875
0 0.7568359375 0.4072265625 0.0625 0.0888671875
0 0.4716796875 0.48046875 0.0546875 0.076171875
0 0.9541015625 0.3828125 0.0419921875 0.064453125
0 0.6240234375 0.4580078125 0.056640625 0.0732421875
0 0.759765625 0.443359375 0.0517578125 0.078125
0 0.41796875 0.513671875 0.060546875 0.068359375
0 0.7314453125 0.4931640625 0.029296875 0.029296875
0 0.8310546875 0.498046875 0.0673828125 0.0830078125
0 0.5068359375 0.568359375 0.0673828125 0.0830078125
0 0.7119140625 0.533203125 0.0341796875 0.060546875
0 0.869140625 0.5224609375 0.0517578125 0.0546875
0 0.33203125 0.646484375 0.048828125 0.0576171875
0 0.32421875 0.689453125 0.0341796875 0.0751953125
0 0.7080078125 0.619140625 0.0732421875 0.09375
0 0.8828125 0.60546875 0.068359375 0.0908203125
0 0.521484375 0.6865234375 0.046875 0.0625
0 0.322265625 0.7607421875 0.029296875 0.044921875
0 0.865234375 0.65234375 0.0419921875 0.0498046875
0 0.896484375 0.677734375 0.0419921875 0.0673828125
0 0.849609375 0.689453125 0.0517578125 0.0576171875
0 0.5185546875 0.7685546875 0.0419921875 0.0419921875
0 0.712890625 0.740234375 0.0419921875 0.060546875
0 0.873046875 0.7080078125 0.0595703125 0.0888671875
0 0.3173828125 0.833984375 0.0205078125 0.072265625
0 0.904296875 0.73828125 0.0390625 0.0498046875
0 0.5537109375 0.8125 0.0595703125 0.0908203125
0 0.740234375 0.78515625 0.0390625 0.046875
0 0.5400390625 0.8515625 0.03125 0.0498046875
0 0.7119140625 0.8515625 0.0595703125 0.0595703125
0 0.345703125 0.9501953125 0.046875 0.0595703125
0 0.572265625 0.9091796875 0.0341796875 0.0595703125
0 0.755859375 0.8984375 0.0546875 0.0810546875
0 0.548828125 0.9541015625 0.033203125 0.033203125
0 0.927734375 0.88671875 0.037109375 0.060546875
0 0.58984375 0.974609375 0.044921875 0.044921875
0 0.908203125 0.919921875 0.037109375 0.0654296875
0 0.728515625 0.9658203125 0.0341796875 0.0419921875
0 0.751953125 0.9794921875 0.0595703125 0.0361328125