0 0.408203125 0.091796875 0.0361328125 0.083984375
0 0.322265625 0.10546875 0.076171875 0.134765625
0 0.1923828125 0.1171875 0.134765625 0.134765625
0 0.0966796875 0.130859375 0.0986328125 0.1142578125
0 0.40234375 0.13671875 0.044921875 0.0673828125
0 0.240234375 0.16796875 0.0673828125 0.111328125
0 0.28515625 0.169921875 0.0517578125 0.0810546875
0 0.353515625 0.16796875 0.0595703125 0.115234375
0 0.12890625 0.1884765625 0.0810546875 0.0986328125
0 0.2109375 0.21875 0.076171875 0.1015625
0 0.0419921875 0.23828125 0.083984375 0.125
0 0.2880859375 0.25 0.0625 0.0810546875
0 0.080078125 0.2705078125 0.0517578125 0.0888671875
0 0.380859375 0.26171875 0.072265625 0.0908203125
0 0.158203125 0.2880859375 0.0751953125 0.1015625
0 0.361328125 0.3173828125 0.0732421875 0.1015625
0 0.408203125 0.3330078125 0.0341796875 0.083984375
0 0.04296875 0.392578125 0.072265625 0.091796875
0 0.01171875 0.396484375 0.0234375 0.0830078125
0 0.208984375 0.384765625 0.064453125 0.1064453125
0 0.3955078125 0.3837890625 0.060546875 0.107421875
0 0.263671875 0.408203125 0.064453125 0.060546875
0 0.638671875 0.0244140625 0.0576171875 0.048828125
0 0.580078125 0.033203125 0.0654296875 0.0654296875
0 0.626953125 0.1845703125 0.0341796875 0.060546875
0 0.583984375 0.19140625 0.033203125 0.033203125
0 0.4375 0.220703125 0.0205078125 0.056640625
0 0.5478515625 0.212890625 0.0341796875 0.0654296875
0 0.5283203125 0.2451171875 0.033203125 0.0498046875
0 0.6171875 0.2421875 0.0439453125 0.056640625
0 0.583984375 0.2529296875 0.037109375 0.0498046875
0 0.44140625 0.275390625 0.0263671875 0.083984375
0 0.5751953125 0.2890625 0.0205078125 0.0439453125
0 0.5302734375 0.2958984375 0.0517578125 0.0830078125
0 0.513671875 0.314453125 0.0439453125 0.056640625
0 0.6123046875 0.3154296875 0.060546875 0.1015625
0 0.478515625 0.357421875 0.03125 0.041015625
0 0.537109375 0.353515625 0.015625 0.0341796875
0 0.4814453125 0.3828125 0.025390625 0.0390625
0 0.0224609375 0.458984375 0.044921875 0.0390625
0 0.1162109375 0.51953125 0.103515625 0.1201171875
0 0.3466796875 0.5185546875 0.078125 0.1064453125
0 0.228515625 0.5400390625 0.078125 0.0986328125
0 0.220703125 0.703125 0.099609375 0.099609375
0 0.3955078125 0.69921875 0.060546875 0.138671875
0 0.318359375 0.787109375 0.0751953125 0.0751953125
0 0.1572265625 0.8623046875 0.1123046875 0.123046875
0 0.2607421875 0.8662109375 0.09375 0.083984375
0 0.392578125 0.857421875 0.0673828125 0.103515625
0 0.03515625 0.8994140625 0.0703125 0.087890625
0 0.408203125 0.955078125 0.0341796875 0.080078125
0 0.0712890625 0.955078125 0.1142578125 0.083984375
0 0.296875 0.966796875 0.0888671875 0.0625
0 0.521484375 0.560546875 0.0595703125 0.0263671875
0 0.6923828125 0.568359375 0.076171875 0.0546875
0 0.494140625 0.587890625 0.0517578125 0.041015625
0 0.5693359375 0.689453125 0.0673828125 0.0439453125
0 0.45703125 0.7216796875 0.0439453125 0.0205078125
0 0.5341796875 0.7568359375 0.068359375 0.046875
0 0.724609375 0.79296875 0.0751953125 0.0234375
0 0.8486328125 0.7861328125 0.0673828125 0.0576171875
0 0.4501953125 0.869140625 0.041015625 0.033203125
0 0.6005859375 0.876953125 0.0390625 0.0654296875
0 0.626953125 0.9775390625 0.041015625 0.041015625