0 0.064453125 0.068359375 0.0751953125 0.068359375
0 0.3955078125 0.158203125 0.0751953125 0.1611328125
0 0.822265625 0.076171875 0.068359375 0.0859375
0 0.798828125 0.1064453125 0.0673828125 0.0830078125
0 0.9521484375 0.1025390625 0.0830078125 0.09375
0 0.7900390625 0.017578125 0.083984375 0.03515625
0 0.279296875 0.544921875 0.0361328125 0.0576171875
0 0.140625 0.619140625 0.041015625 0.056640625
0 0.28125 0.5869140625 0.0439453125 0.0625
0 0.201171875 0.609375 0.037109375 0.041015625
0 0.314453125 0.591796875 0.0390625 0.0595703125
0 0.125 0.642578125 0.0390625 0.0654296875
0 0.18359375 0.650390625 0.0361328125 0.0595703125
0 0.1201171875 0.705078125 0.048828125 0.0751953125
0 0.220703125 0.685546875 0.0390625 0.0654296875
0 0.029296875 0.76171875 0.0341796875 0.052734375
0 0.017578125 0.7880859375 0.03515625 0.052734375
0 0.15625 0.77734375 0.0341796875 0.064453125
0 0.34375 0.728515625 0.025390625 0.0390625
0 0.064453125 0.828125 0.048828125 0.0654296875
0 0.185546875 0.81640625 0.041015625 0.056640625
0 0.234375 0.80859375 0.0361328125 0.0654296875
0 0.267578125 0.8515625 0.03125 0.0498046875
0 0.0654296875 0.9072265625 0.0361328125 0.0498046875
0 0.322265625 0.849609375 0.0390625 0.0498046875
0 0.34375 0.9130859375 0.025390625 0.076171875
0 0.162109375 0.96875 0.044921875 0.0576171875
0 0.248046875 0.951171875 0.0703125 0.091796875
0 0.3232421875 0.982421875 0.060546875 0.029296875
0 0.1005859375 0.443359375 0.0390625 0.0078125
0 0.1484375 0.484375 0.056640625 0.0751953125
0 0.091796875 0.517578125 0.044921875 0.0595703125
0 0.044921875 0.5361328125 0.087890625 0.1201171875
0 0.2373046875 0.5107421875 0.0439453125 0.0546875
0 0.142578125 0.546875 0.0390625 0.060546875
0 0.91796875 0.46484375 0.0830078125 0.0517578125
0 0.912109375 0.5048828125 0.078125 0.0810546875
0 0.8115234375 0.5390625 0.0751953125 0.0888671875
0 0.7265625 0.6484375 0.0595703125 0.099609375
0 0.751953125 0.662109375 0.0703125 0.064453125
0 0.78125 0.658203125 0.048828125 0.0625
0 0.705078125 0.716796875 0.0498046875 0.0576171875
0 0.908203125 0.666015625 0.0654296875 0.0751953125
0 0.677734375 0.728515625 0.0546875 0.091796875
0 0.6474609375 0.7763671875 0.130859375 0.1689453125
0 0.591796875 0.8095703125 0.0576171875 0.109375
0 0.5634765625 0.859375 0.078125 0.1123046875
0 0.482421875 0.923828125 0.09375 0.119140625
0 0.92578125 0.859375 0.0546875 0.080078125