0 0.109375 0.013671875 0.09375 0.02734375
0 0.04296875 0.0087890625 0.072265625 0.017578125
0 0.1787109375 0.03515625 0.083984375 0.060546875
0 0.07421875 0.029296875 0.0625 0.044921875
0 0.0087890625 0.087890625 0.017578125 0.0654296875
0 0.029296875 0.140625 0.0576171875 0.060546875
0 0.951171875 0.0986328125 0.091796875 0.134765625
0 0.361328125 0.06640625 0.166015625 0.1328125
0 0.6884765625 0.248046875 0.595703125 0.49609375
0 0.353515625 0.3251953125 0.095703125 0.1064453125
0 0.4599609375 0.419921875 0.181640625 0.154296875
0 0.798828125 0.486328125 0.0576171875 0.021484375
0 0.7548828125 0.482421875 0.0966796875 0.03125
0 0.5087890625 0.462890625 0.080078125 0.0703125
0 0.248046875 0.658203125 0.056640625 0.2138671875
0 0.0712890625 0.7841796875 0.076171875 0.0888671875
0 0.2568359375 0.837890625 0.0390625 0.1279296875
0 0.3369140625 0.892578125 0.115234375 0.119140625
0 0.6572265625 0.9716796875 0.0654296875 0.0498046875
0 0.4462890625 0.9169921875 0.166015625 0.1611328125
0 0.787109375 0.982421875 0.09375 0.03125
0 0.951171875 0.64453125 0.091796875 0.1015625
0 0.9267578125 0.802734375 0.099609375 0.0732421875
0 0.83984375 0.8330078125 0.080078125 0.060546875
0 0.763671875 0.900390625 0.099609375 0.095703125
0 0.9287109375 0.935546875 0.1376953125 0.123046875
0 0.642578125 0.921875 0.083984375 0.0751953125