0 0.0830078125 0.017578125 0.033203125 0.03515625
0 0.044921875 0.041015625 0.0419921875 0.0810546875
0 0.0615234375 0.068359375 0.03125 0.0546875
0 0.3447265625 0.068359375 0.0654296875 0.1328125
0 0.2177734375 0.13671875 0.046875 0.0830078125
0 0.2109375 0.1904296875 0.0185546875 0.064453125
0 0.2353515625 0.205078125 0.0283203125 0.0546875
0 0.240234375 0.240234375 0.0283203125 0.0576171875
0 0.2939453125 0.30078125 0.025390625 0.0498046875
0 0.009765625 0.330078125 0.0185546875 0.0595703125
0 0.125 0.33984375 0.052734375 0.0751953125
0 0.580078125 0.345703125 0.0498046875 0.048828125
0 0.689453125 0.3662109375 0.0703125 0.021484375
0 0.935546875 0.009765625 0.0576171875 0.0185546875
0 0.615234375 0.017578125 0.0576171875 0.0341796875
0 0.583984375 0.03125 0.0546875 0.048828125
0 0.849609375 0.044921875 0.0419921875 0.0439453125
0 0.5634765625 0.068359375 0.0673828125 0.060546875
0 0.861328125 0.115234375 0.0595703125 0.046875
0 0.556640625 0.142578125 0.087890625 0.080078125
0 0.7021484375 0.1513671875 0.0546875 0.0439453125
0 0.6328125 0.2001953125 0.0732421875 0.064453125
0 0.8515625 0.2138671875 0.0830078125 0.048828125
0 0.685546875 0.232421875 0.068359375 0.0673828125
0 0.8740234375 0.2451171875 0.056640625 0.052734375
0 0.5263671875 0.2880859375 0.0341796875 0.0625
0 0.611328125 0.287109375 0.1767578125 0.15625
0 0.6904296875 0.291015625 0.0595703125 0.0595703125
0 0.51953125 0.326171875 0.0205078125 0.048828125
0 0.0673828125 0.439453125 0.134765625 0.1171875
0 0.029296875 0.4833984375 0.05859375 0.208984375
0 0.048828125 0.6728515625 0.09765625 0.162109375
0 0.3662109375 0.6982421875 0.107421875 0.123046875
0 0.2451171875 0.818359375 0.275390625 0.34375
0 0.423828125 0.888671875 0.09375 0.1142578125
0 0.1650390625 0.9775390625 0.119140625 0.041015625
0 0.0986328125 0.984375 0.177734375 0.0263671875
0 0.876953125 0.595703125 0.240234375 0.4326171875
0 0.6611328125 0.650390625 0.0703125 0.095703125
0 0.6416015625 0.6748046875 0.0673828125 0.0751953125
0 0.517578125 0.708984375 0.013671875 0.0908203125
0 0.6572265625 0.73828125 0.0498046875 0.0830078125
0 0.876953125 0.8857421875 0.0859375 0.107421875
0 0.970703125 0.884765625 0.052734375 0.177734375
0 0.669921875 0.912109375 0.291015625 0.169921875
0 0.955078125 0.9775390625 0.083984375 0.041015625
0 0.634765625 0.564453125 0.1015625 0.115234375