0 0.03515625 0.3896484375 0.060546875 0.041015625
0 0.220703125 0.408203125 0.1044921875 0.0517578125
0 0.220703125 0.009765625 0.0673828125 0.0185546875
0 0.2314453125 0.0478515625 0.064453125 0.0576171875
0 0.0556640625 0.0390625 0.0546875 0.044921875
0 0.177734375 0.0537109375 0.056640625 0.0390625
0 0.275390625 0.0986328125 0.0732421875 0.052734375
0 0.091796875 0.083984375 0.078125 0.0439453125
0 0.0927734375 0.1103515625 0.046875 0.037109375
0 0.021484375 0.1171875 0.0390625 0.033203125
0 0.2119140625 0.1376953125 0.052734375 0.0361328125
0 0.154296875 0.134765625 0.0546875 0.041015625
0 0.205078125 0.1708984375 0.0595703125 0.041015625
0 0.0263671875 0.19921875 0.052734375 0.0439453125
0 0.1943359375 0.248046875 0.0908203125 0.0654296875
0 0.052734375 0.255859375 0.044921875 0.044921875
0 0.181640625 0.314453125 0.0859375 0.0625
0 0.0498046875 0.3056640625 0.0419921875 0.044921875
0 0.1015625 0.3291015625 0.064453125 0.0576171875
0 0.0380859375 0.357421875 0.076171875 0.044921875
0 0.2001953125 0.380859375 0.0595703125 0.0390625
0 0.654296875 0.15625 0.1142578125 0.087890625
0 0.87109375 0.287109375 0.103515625 0.0546875
0 0.619140625 0.322265625 0.041015625 0.048828125
0 0.759765625 0.515625 0.0732421875 0.0498046875
0 0.662109375 0.580078125 0.09375 0.013671875
0 0.1318359375 0.595703125 0.0341796875 0.0126953125
0 0.263671875 0.619140625 0.0673828125 0.0595703125
0 0.169921875 0.865234375 0.0546875 0.0908203125
0 0.033203125 0.966796875 0.056640625 0.0625
0 0.982421875 0.775390625 0.03125 0.0751953125
0 0.87890625 0.9638671875 0.060546875 0.0673828125
0 0.900390625 0.6513671875 0.0361328125 0.0546875
0 0.919921875 0.6552734375 0.0234375 0.046875
0 0.853515625 0.67578125 0.0234375 0.0576171875
0 0.9248046875 0.6982421875 0.0283203125 0.0517578125
0 0.9072265625 0.7001953125 0.025390625 0.0390625
0 0.8681640625 0.703125 0.0205078125 0.037109375
0 0.841796875 0.7021484375 0.052734375 0.1064453125
0 0.7578125 0.7080078125 0.068359375 0.130859375
0 0.6962890625 0.7041015625 0.0908203125 0.134765625
0 0.986328125 0.7294921875 0.025390625 0.044921875
0 0.64453125 0.716796875 0.091796875 0.1640625