0 0.435546875 0.2724609375 0.0625 0.1171875
0 0.45703125 0.3330078125 0.0205078125 0.103515625
0 0.392578125 0.37890625 0.109375 0.123046875
0 0.146484375 0.408203125 0.072265625 0.109375
0 0.3017578125 0.4052734375 0.0390625 0.0751953125
0 0.203125 0.4150390625 0.083984375 0.1142578125
0 0.44140625 0.4111328125 0.0517578125 0.091796875
0 0.29296875 0.4375 0.0576171875 0.087890625
0 0.03125 0.474609375 0.0419921875 0.0703125
0 0.318359375 0.509765625 0.060546875 0.1064453125
0 0.119140625 0.541015625 0.076171875 0.0732421875
0 0.41015625 0.537109375 0.0703125 0.0986328125
0 0.3623046875 0.5419921875 0.0576171875 0.083984375
0 0.16796875 0.5732421875 0.072265625 0.0263671875
0 0.7451171875 0.0205078125 0.134765625 0.041015625
0 0.958984375 0.029296875 0.0673828125 0.0576171875
0 0.708984375 0.0576171875 0.0576171875 0.087890625
0 0.9892578125 0.064453125 0.017578125 0.1064453125
0 0.9736328125 0.09765625 0.046875 0.0654296875
0 0.9755859375 0.1494140625 0.0439453125 0.0966796875
0 0.68359375 0.1806640625 0.1171875 0.154296875
0 0.83984375 0.212890625 0.041015625 0.056640625
0 0.982421875 0.2705078125 0.029296875 0.0888671875
0 0.763671875 0.2900390625 0.056640625 0.0517578125
0 0.9609375 0.298828125 0.072265625 0.0751953125
0 0.564453125 0.3681640625 0.0517578125 0.0830078125
0 0.841796875 0.359375 0.0546875 0.0654296875
0 0.498046875 0.408203125 0.0439453125 0.083984375
0 0.9638671875 0.4326171875 0.0673828125 0.0966796875
0 0.486328125 0.48828125 0.0341796875 0.048828125
0 0.8427734375 0.4833984375 0.037109375 0.0625
0 0.5771484375 0.521484375 0.0361328125 0.048828125
0 0.501953125 0.5537109375 0.0654296875 0.0654296875
0 0.9794921875 0.54296875 0.0361328125 0.0625
0 0.5888671875 0.5625 0.0576171875 0.048828125
0 0.94140625 0.560546875 0.0517578125 0.0517578125
0 0.873046875 0.578125 0.0439453125 0.017578125
0 0.107421875 0.6044921875 0.056640625 0.03125
0 0.193359375 0.6044921875 0.044921875 0.03125
0 0.24609375 0.607421875 0.056640625 0.0361328125
0 0.36328125 0.6044921875 0.0439453125 0.03125
0 0.1025390625 0.625 0.0517578125 0.0341796875
0 0.189453125 0.630859375 0.0419921875 0.0419921875
0 0.3544921875 0.630859375 0.03125 0.03125
0 0.3916015625 0.6669921875 0.037109375 0.046875
0 0.322265625 0.6787109375 0.064453125 0.0517578125
0 0.2470703125 0.6962890625 0.046875 0.0361328125
0 0.359375 0.70703125 0.037109375 0.029296875
0 0.30859375 0.7275390625 0.0546875 0.0546875
0 0.455078125 0.7236328125 0.025390625 0.0341796875
0 0.443359375 0.833984375 0.044921875 0.0390625
0 0.3388671875 0.939453125 0.0390625 0.0419921875
0 0.126953125 0.9638671875 0.0517578125 0.052734375
0 0.2275390625 0.978515625 0.0517578125 0.0341796875
0 0.16796875 0.9931640625 0.029296875 0.009765625
0 0.68359375 0.79296875 0.431640625 0.4091796875