0 0.357421875 0.3134765625 0.0595703125 0.083984375
0 0.501953125 0.06640625 0.0283203125 0.048828125
0 0.8017578125 0.1171875 0.048828125 0.078125
0 0.3271484375 0.0615234375 0.1826171875 0.123046875
0 0.263671875 0.087890625 0.015625 0.025390625
0 0.31640625 0.166015625 0.029296875 0.0419921875
0 0.36328125 0.1474609375 0.033203125 0.052734375
0 0.3193359375 0.1328125 0.0263671875 0.03125
0 0.2802734375 0.5537109375 0.0419921875 0.0732421875
0 0.25 0.6025390625 0.046875 0.0732421875
0 0.466796875 0.5048828125 0.021484375 0.044921875
0 0.5107421875 0.615234375 0.0419921875 0.0732421875
0 0.51171875 0.7275390625 0.048828125 0.0810546875
0 0.4970703125 0.40234375 0.162109375 0.1904296875
0 0.259765625 0.408203125 0.171875 0.1904296875
0 0.24609375 0.5029296875 0.017578125 0.0234375
0 0.3974609375 0.7939453125 0.1611328125 0.1845703125
0 0.3828125 0.9091796875 0.0439453125 0.078125