0 0.353515625 0.318359375 0.0595703125 0.0830078125
0 0.49609375 0.064453125 0.0263671875 0.044921875
0 0.7978515625 0.107421875 0.046875 0.076171875
0 0.3251953125 0.0625 0.181640625 0.125
0 0.2578125 0.09375 0.015625 0.025390625
0 0.3125 0.1708984375 0.029296875 0.041015625
0 0.3583984375 0.150390625 0.03125 0.052734375
0 0.3154296875 0.134765625 0.025390625 0.03125
0 0.279296875 0.5625 0.041015625 0.0703125
0 0.2509765625 0.607421875 0.044921875 0.072265625
0 0.466796875 0.5029296875 0.021484375 0.0439453125
0 0.5126953125 0.61328125 0.0419921875 0.0703125
0 0.5146484375 0.7265625 0.046875 0.080078125
0 0.4951171875 0.40234375 0.1611328125 0.1845703125
0 0.2578125 0.4150390625 0.169921875 0.185546875
0 0.2451171875 0.5126953125 0.015625 0.0234375
0 0.400390625 0.796875 0.1591796875 0.177734375
0 0.3876953125 0.912109375 0.0439453125 0.076171875