0 0.65625 0.345703125 0.0625 0.09375
0 0.529296875 0.068359375 0.0283203125 0.0517578125
0 0.2275390625 0.0537109375 0.0517578125 0.083984375
0 0.701171875 0.099609375 0.189453125 0.15625
0 0.763671875 0.1416015625 0.015625 0.0283203125
0 0.7060546875 0.2080078125 0.03125 0.048828125
0 0.66015625 0.1787109375 0.0361328125 0.060546875
0 0.705078125 0.173828125 0.0283203125 0.033203125
0 0.7138671875 0.6025390625 0.046875 0.078125
0 0.7412109375 0.6552734375 0.0498046875 0.078125
0 0.533203125 0.509765625 0.0234375 0.048828125
0 0.48046875 0.6103515625 0.046875 0.078125
0 0.47265625 0.72265625 0.0517578125 0.087890625
0 0.509765625 0.404296875 0.171875 0.2138671875
0 0.74609375 0.458984375 0.1796875 0.216796875
0 0.751953125 0.55859375 0.017578125 0.0283203125
0 0.58203125 0.814453125 0.1689453125 0.2080078125
0 0.587890625 0.931640625 0.048828125 0.083984375