0 0.353515625 0.318359375 0.0595703125 0.0810546875
0 0.4970703125 0.064453125 0.0263671875 0.044921875
0 0.7978515625 0.107421875 0.048828125 0.078125
0 0.3232421875 0.0634765625 0.181640625 0.123046875
0 0.2587890625 0.09375 0.015625 0.025390625
0 0.3125 0.171875 0.029296875 0.0419921875
0 0.359375 0.150390625 0.033203125 0.0546875
0 0.3154296875 0.13671875 0.0263671875 0.03125
0 0.2802734375 0.5615234375 0.041015625 0.0703125
0 0.2509765625 0.6103515625 0.0439453125 0.0732421875
0 0.466796875 0.5029296875 0.021484375 0.0419921875
0 0.5126953125 0.61328125 0.0419921875 0.0703125
0 0.513671875 0.7255859375 0.048828125 0.078125
0 0.49609375 0.40234375 0.1611328125 0.1845703125
0 0.2578125 0.4140625 0.169921875 0.1845703125
0 0.24609375 0.51171875 0.017578125 0.025390625
0 0.400390625 0.798828125 0.1591796875 0.1767578125
0 0.3876953125 0.912109375 0.0439453125 0.0751953125