0 0.1201171875 0.0830078125 0.0703125 0.091796875
0 0.1044921875 0.3037109375 0.060546875 0.0888671875
0 0.3310546875 0.197265625 0.076171875 0.0830078125
0 0.3076171875 0.30078125 0.0810546875 0.0830078125
0 0.0927734375 0.6943359375 0.1044921875 0.1015625
0 0.0361328125 0.8505859375 0.056640625 0.0732421875
0 0.4609375 0.3154296875 0.0830078125 0.0986328125
0 0.4140625 0.794921875 0.0703125 0.080078125
0 0.359375 0.90625 0.080078125 0.080078125
0 0.5458984375 0.291015625 0.0732421875 0.078125
0 0.5732421875 0.5849609375 0.076171875 0.0751953125
0 0.6005859375 0.912109375 0.0859375 0.091796875
0 0.689453125 0.1611328125 0.046875 0.0546875
0 0.724609375 0.490234375 0.0595703125 0.078125
0 0.69921875 0.7958984375 0.0830078125 0.0810546875
0 0.830078125 0.0361328125 0.064453125 0.056640625
0 0.8876953125 0.5205078125 0.080078125 0.091796875
0 0.7998046875 0.9267578125 0.0830078125 0.0908203125
0 0.958984375 0.0361328125 0.060546875 0.072265625