0 0.12109375 0.0810546875 0.0703125 0.0888671875
0 0.1064453125 0.3037109375 0.0595703125 0.0888671875
0 0.330078125 0.2001953125 0.0751953125 0.0810546875
0 0.306640625 0.3037109375 0.0830078125 0.0810546875
0 0.0927734375 0.6962890625 0.1044921875 0.1044921875
0 0.037109375 0.85546875 0.056640625 0.0751953125
0 0.458984375 0.318359375 0.0830078125 0.095703125
0 0.412109375 0.79296875 0.0703125 0.0810546875
0 0.3583984375 0.904296875 0.078125 0.0810546875
0 0.5458984375 0.2890625 0.0751953125 0.0751953125
0 0.572265625 0.5810546875 0.078125 0.0751953125
0 0.599609375 0.9150390625 0.0859375 0.0888671875
0 0.6875 0.1630859375 0.048828125 0.0517578125
0 0.7236328125 0.4931640625 0.0595703125 0.0751953125
0 0.69921875 0.79296875 0.0830078125 0.0810546875
0 0.830078125 0.037109375 0.064453125 0.0595703125
0 0.88671875 0.5185546875 0.078125 0.0888671875
0 0.80078125 0.92578125 0.0830078125 0.0888671875
0 0.9609375 0.041015625 0.0595703125 0.0751953125