0 0.9072265625 0.2041015625 0.078125 0.111328125
0 0.9052734375 0.4296875 0.0673828125 0.1044921875
0 0.689453125 0.255859375 0.0830078125 0.103515625
0 0.7060546875 0.36328125 0.0859375 0.1044921875
0 0.88671875 0.818359375 0.1123046875 0.134765625
0 0.9267578125 0.9736328125 0.064453125 0.052734375
0 0.5537109375 0.333984375 0.0888671875 0.119140625
0 0.5634765625 0.818359375 0.0751953125 0.1044921875
0 0.607421875 0.9404296875 0.0859375 0.1044921875
0 0.4716796875 0.2783203125 0.078125 0.0966796875
0 0.421875 0.5595703125 0.0830078125 0.0966796875
0 0.3681640625 0.8779296875 0.09375 0.119140625
0 0.33984375 0.107421875 0.052734375 0.0673828125
0 0.279296875 0.421875 0.0673828125 0.0966796875
0 0.2802734375 0.7294921875 0.0888671875 0.1044921875
0 0.115234375 0.396484375 0.083984375 0.119140625
0 0.169921875 0.830078125 0.0888671875 0.119140625