0 0.111328125 0.1220703125 0.0703125 0.0966796875
0 0.099609375 0.3486328125 0.064453125 0.0966796875
0 0.3232421875 0.21484375 0.078125 0.0888671875
0 0.302734375 0.322265625 0.0830078125 0.0888671875
0 0.0986328125 0.736328125 0.107421875 0.111328125
0 0.0458984375 0.904296875 0.0595703125 0.0810546875
0 0.455078125 0.322265625 0.0859375 0.103515625
0 0.419921875 0.8037109375 0.0703125 0.0888671875
0 0.3681640625 0.9189453125 0.0830078125 0.0888671875
0 0.541015625 0.28515625 0.0751953125 0.0810546875
0 0.57421875 0.57421875 0.078125 0.0810546875
0 0.611328125 0.904296875 0.0888671875 0.1044921875
0 0.677734375 0.14453125 0.048828125 0.0595703125
0 0.7236328125 0.470703125 0.0625 0.0810546875
0 0.7060546875 0.7744140625 0.0859375 0.0888671875
0 0.8154296875 0.0146484375 0.0625 0.029296875
0 0.88671875 0.478515625 0.0830078125 0.1044921875
0 0.810546875 0.896484375 0.0859375 0.0966796875
0 0.9462890625 0.0146484375 0.064453125 0.029296875