0 0.704461 0.859259 0.018587 0.074074
0 0.342007 0.118519 0.037175 0.044444
0 0.280669 0.433333 0.055762 0.051852
0 0.905204 0.422222 0.055762 0.059259
0 0.319703 0.259259 0.044610 0.074074
0 0.905204 0.207407 0.048327 0.074074
0 0.553903 0.829630 0.074349 0.074074
0 0.605948 0.951852 0.066914 0.081481
0 0.421933 0.577778 0.063197 0.088889
0 0.470260 0.300000 0.063197 0.096296
0 0.115242 0.418519 0.074349 0.111111
0 0.171004 0.848148 0.074349 0.111111
0 0.553903 0.355556 0.074349 0.118519
0 0.280669 0.759259 0.078067 0.125926
0 0.366171 0.896296 0.078067 0.118519
0 0.888476 0.844444 0.081784 0.118519
0 0.697026 0.318519 0.078067 0.192593
