0 0.710037 0.474074 0.022305 0.029630
0 0.096654 0.370370 0.044610 0.029630
0 0.048327 0.914815 0.037175 0.051852
0 0.953532 0.014815 0.063197 0.029630
0 0.817844 0.022222 0.044610 0.044444
0 0.685874 0.159259 0.055762 0.051852
0 0.691450 0.300000 0.044610 0.066667
0 0.304833 0.333333 0.066914 0.074074
0 0.427509 0.814815 0.074349 0.074074
0 0.113383 0.133333 0.063197 0.088889
0 0.323420 0.229630 0.059480 0.088889
0 0.574349 0.596296 0.063197 0.096296
0 0.371747 0.940741 0.066914 0.088889
0 0.542751 0.311111 0.059480 0.103704
0 0.455390 0.340741 0.070632 0.103704
0 0.810409 0.914815 0.074349 0.096296
0 0.706320 0.800000 0.081784 0.118519
0 0.615242 0.925926 0.078067 0.118519
0 0.888476 0.507407 0.074349 0.125926
0 0.096654 0.762963 0.081784 0.118519
