0 0.08203125 0.0263671875 0.0576171875 0.052734375
0 0.126953125 0.109375 0.130859375 0.1455078125
0 0.029296875 0.607421875 0.0576171875 0.150390625
0 0.091796875 0.751953125 0.130859375 0.140625
0 0.26171875 0.6533203125 0.0595703125 0.0595703125
0 0.1962890625 0.716796875 0.1298828125 0.1689453125
0 0.1572265625 0.826171875 0.103515625 0.1376953125
0 0.0888671875 0.8798828125 0.0732421875 0.080078125
0 0.1025390625 0.927734375 0.048828125 0.064453125
0 0.0048828125 0.939453125 0.009765625 0.0576171875
0 0.0107421875 0.87890625 0.021484375 0.0859375
0 0.021484375 0.822265625 0.0419921875 0.0703125
0 0.232421875 0.072265625 0.0517578125 0.0673828125
0 0.19921875 0.0380859375 0.0576171875 0.0732421875
0 0.181640625 0.009765625 0.041015625 0.0185546875
0 0.2939453125 0.228515625 0.052734375 0.064453125
0 0.2578125 0.1845703125 0.09375 0.1015625
0 0.314453125 0.283203125 0.0625 0.072265625
0 0.302734375 0.837890625 0.087890625 0.0751953125
0 0.333984375 0.8095703125 0.048828125 0.0673828125
0 0.2451171875 0.869140625 0.0595703125 0.0546875
0 0.3984375 0.9619140625 0.048828125 0.068359375
0 0.3984375 0.912109375 0.0576171875 0.0732421875
0 0.4404296875 0.9501953125 0.0751953125 0.0986328125
0 0.451171875 0.888671875 0.0595703125 0.0703125
0 0.4619140625 0.484375 0.0439453125 0.0517578125
0 0.478515625 0.6279296875 0.0576171875 0.0810546875
0 0.3642578125 0.9462890625 0.046875 0.068359375
0 0.3076171875 0.9150390625 0.09375 0.109375
0 0.22265625 0.9267578125 0.1142578125 0.107421875
0 0.169921875 0.96484375 0.037109375 0.033203125
0 0.3203125 0.970703125 0.060546875 0.0390625
0 0.271484375 0.9677734375 0.048828125 0.0390625
0 0.3671875 0.98046875 0.0576171875 0.0263671875
0 0.271484375 0.0361328125 0.0673828125 0.072265625
0 0.3291015625 0.048828125 0.095703125 0.0966796875
0 0.3134765625 0.009765625 0.0595703125 0.0185546875
0 0.23828125 0.017578125 0.078125 0.03515625
0 0.388671875 0.041015625 0.0703125 0.0703125
0 0.3740234375 0.009765625 0.064453125 0.01953125
0 0.283203125 0.1181640625 0.0986328125 0.126953125
0 0.3896484375 0.13671875 0.15625 0.166015625
0 0.353515625 0.240234375 0.095703125 0.1220703125
0 0.42578125 0.2392578125 0.0654296875 0.09375
0 0.42578125 0.296875 0.044921875 0.0498046875
0 0.4404296875 0.048828125 0.064453125 0.080078125
0 0.4619140625 0.408203125 0.0361328125 0.0439453125
0 0.4306640625 0.015625 0.0625 0.03125
0 0.4853515625 0.060546875 0.0498046875 0.0546875
0 0.478515625 0.0185546875 0.056640625 0.037109375
0 0.525390625 0.041015625 0.07421875 0.08203125
0 0.4755859375 0.19140625 0.0595703125 0.0751953125
0 0.474609375 0.142578125 0.0361328125 0.0390625
0 0.5146484375 0.138671875 0.052734375 0.060546875
0 0.494140625 0.1025390625 0.0263671875 0.029296875
0 0.5185546875 0.091796875 0.0361328125 0.0419921875
0 0.46484375 0.095703125 0.0419921875 0.0576171875
0 0.544921875 0.1083984375 0.0439453125 0.056640625
0 0.5634765625 0.1552734375 0.0625 0.064453125
0 0.572265625 0.1201171875 0.0234375 0.03125
0 0.533203125 0.173828125 0.068359375 0.0673828125
0 0.533203125 0.2421875 0.09375 0.1044921875
0 0.466796875 0.2587890625 0.060546875 0.0751953125
0 0.458984375 0.318359375 0.0517578125 0.0625
0 0.4921875 0.3349609375 0.0361328125 0.0419921875
0 0.49609375 0.2998046875 0.044921875 0.056640625
0 0.537109375 0.322265625 0.078125 0.080078125
0 0.5771484375 0.0771484375 0.0546875 0.068359375
0 0.611328125 0.134765625 0.0625 0.0830078125
0 0.6083984375 0.080078125 0.0361328125 0.044921875
0 0.5986328125 0.044921875 0.0361328125 0.0439453125
0 0.5693359375 0.03125 0.0263671875 0.0419921875
0 0.5849609375 0.0146484375 0.048828125 0.0234375
0 0.572265625 0.2060546875 0.0390625 0.0439453125
0 0.638671875 0.193359375 0.0654296875 0.09375
0 0.630859375 0.041015625 0.0517578125 0.0703125
0 0.6728515625 0.060546875 0.0595703125 0.080078125
0 0.708984375 0.0390625 0.0361328125 0.044921875
0 0.6748046875 0.021484375 0.0361328125 0.0234375
0 0.6748046875 0.1357421875 0.0830078125 0.091796875
0 0.7109375 0.08984375 0.0498046875 0.0673828125
0 0.7509765625 0.06640625 0.0673828125 0.0732421875
0 0.7080078125 0.212890625 0.0908203125 0.1279296875
0 0.650390625 0.248046875 0.0341796875 0.0390625
0 0.75390625 0.1572265625 0.095703125 0.1376953125
0 0.751953125 0.029296875 0.0498046875 0.03125
0 0.830078125 0.1025390625 0.119140625 0.1435546875
0 0.787109375 0.0341796875 0.0439453125 0.0361328125
0 0.84375 0.19140625 0.087890625 0.107421875
0 0.8583984375 0.2763671875 0.0439453125 0.0498046875
0 0.875 0.240234375 0.046875 0.0625
0 0.892578125 0.1474609375 0.046875 0.0673828125
0 0.9052734375 0.0947265625 0.0419921875 0.0546875
0 0.8896484375 0.052734375 0.0888671875 0.060546875
0 0.828125 0.03515625 0.0498046875 0.033203125
0 0.93359375 0.130859375 0.060546875 0.0830078125
0 0.900390625 0.201171875 0.0390625 0.056640625
0 0.9287109375 0.177734375 0.0361328125 0.037109375
0 0.951171875 0.0712890625 0.0595703125 0.064453125
0 0.9609375 0.0419921875 0.041015625 0.029296875
0 0.9892578125 0.048828125 0.021484375 0.0361328125
0 0.9765625 0.1279296875 0.046875 0.0703125
0 0.9892578125 0.0791015625 0.021484375 0.048828125
0 0.9609375 0.1865234375 0.0673828125 0.076171875
0 0.4990234375 0.4306640625 0.0810546875 0.0859375
0 0.5341796875 0.486328125 0.115234375 0.1142578125
0 0.513671875 0.5625 0.0703125 0.0673828125
0 0.5849609375 0.595703125 0.099609375 0.115234375
0 0.560546875 0.5390625 0.056640625 0.0498046875
0 0.6201171875 0.509765625 0.0986328125 0.1044921875
0 0.642578125 0.4619140625 0.048828125 0.0390625
0 0.6123046875 0.4560546875 0.0283203125 0.0234375
0 0.673828125 0.4970703125 0.0595703125 0.064453125
0 0.68359375 0.46484375 0.0283203125 0.029296875
0 0.7060546875 0.505859375 0.0439453125 0.037109375
0 0.736328125 0.525390625 0.046875 0.0546875
0 0.7607421875 0.56640625 0.052734375 0.0625
0 0.744140625 0.6435546875 0.056640625 0.0576171875
0 0.7578125 0.6123046875 0.0419921875 0.0390625
0 0.654296875 0.62109375 0.0654296875 0.080078125
0 0.64453125 0.564453125 0.0439453125 0.044921875
0 0.69921875 0.572265625 0.0986328125 0.119140625
0 0.623046875 0.712890625 0.0439453125 0.056640625
0 0.6181640625 0.6650390625 0.0361328125 0.0517578125
0 0.701171875 0.6533203125 0.0576171875 0.064453125
0 0.68359375 0.72265625 0.103515625 0.1123046875
0 0.6513671875 0.673828125 0.052734375 0.0546875
0 0.546875 0.68359375 0.1328125 0.1328125
0 0.5224609375 0.609375 0.0419921875 0.0546875
0 0.48046875 0.724609375 0.044921875 0.0595703125
0 0.478515625 0.6787109375 0.0263671875 0.0390625
0 0.740234375 0.6923828125 0.046875 0.0576171875
0 0.517578125 0.7646484375 0.076171875 0.0830078125
0 0.5888671875 0.7587890625 0.0810546875 0.0751953125
0 0.6357421875 0.796875 0.0595703125 0.0732421875
0 0.6376953125 0.751953125 0.0390625 0.048828125
0 0.6787109375 0.798828125 0.0517578125 0.064453125
0 0.748046875 0.7412109375 0.048828125 0.0703125
0 0.720703125 0.783203125 0.056640625 0.068359375
0 0.73046875 0.8291015625 0.0341796875 0.0439453125
0 0.7568359375 0.7998046875 0.0361328125 0.0419921875
0 0.7041015625 0.83203125 0.0361328125 0.048828125
0 0.544921875 0.8076171875 0.064453125 0.064453125
0 0.4833984375 0.853515625 0.046875 0.0546875
0 0.53515625 0.873046875 0.091796875 0.09375
0 0.501953125 0.81640625 0.0419921875 0.0498046875
0 0.48046875 0.9287109375 0.048828125 0.044921875
0 0.494140625 0.8916015625 0.044921875 0.044921875
0 0.4873046875 0.9716796875 0.041015625 0.056640625
0 0.5185546875 0.9775390625 0.0419921875 0.044921875
0 0.541015625 0.9658203125 0.0390625 0.037109375
0 0.5595703125 0.939453125 0.0576171875 0.060546875
0 0.517578125 0.9326171875 0.0419921875 0.0498046875
0 0.5673828125 0.9814453125 0.048828125 0.037109375
0 0.5986328125 0.841796875 0.09375 0.1064453125
0 0.587890625 0.966796875 0.029296875 0.0361328125
0 0.61328125 0.9306640625 0.0888671875 0.0986328125
0 0.6064453125 0.9853515625 0.0234375 0.029296875
0 0.6318359375 0.986328125 0.03125 0.0263671875
0 0.6513671875 0.9775390625 0.0419921875 0.0419921875
0 0.6904296875 0.9482421875 0.0283203125 0.0361328125
0 0.671875 0.9140625 0.021484375 0.0263671875
0 0.673828125 0.939453125 0.015625 0.0263671875
0 0.6611328125 0.9482421875 0.0205078125 0.0234375
0 0.66796875 0.86328125 0.064453125 0.0859375
0 0.697265625 0.9150390625 0.0390625 0.044921875
0 0.7216796875 0.8720703125 0.0517578125 0.056640625
0 0.7509765625 0.849609375 0.046875 0.0517578125