0 0.5205078125 0.0654296875 0.0498046875 0.078125
0 0.1669921875 0.078125 0.041015625 0.048828125
0 0.1435546875 0.1162109375 0.056640625 0.0703125
0 0.310546875 0.380859375 0.0390625 0.044921875
0 0.2734375 0.4013671875 0.0439453125 0.056640625
0 0.296875 0.4287109375 0.037109375 0.046875
0 0.1767578125 0.81640625 0.087890625 0.1220703125
0 0.189453125 0.740234375 0.048828125 0.0595703125
0 0.115234375 0.5595703125 0.1220703125 0.173828125
0 0.201171875 0.228515625 0.0234375 0.0419921875
0 0.267578125 0.2001953125 0.056640625 0.0859375
0 0.2607421875 0.2255859375 0.025390625 0.041015625
0 0.298828125 0.1767578125 0.029296875 0.0390625
0 0.2314453125 0.2216796875 0.0498046875 0.0810546875
0 0.03515625 0.974609375 0.0703125 0.0498046875