0 0.5029296875 0.064453125 0.052734375 0.083984375
0 0.1513671875 0.12109375 0.041015625 0.052734375
0 0.1298828125 0.162109375 0.0595703125 0.076171875
0 0.306640625 0.404296875 0.041015625 0.048828125
0 0.2705078125 0.4306640625 0.044921875 0.060546875
0 0.294921875 0.455078125 0.0390625 0.0517578125
0 0.1904296875 0.857421875 0.091796875 0.134765625
0 0.2001953125 0.7783203125 0.0517578125 0.0654296875
0 0.1181640625 0.607421875 0.1279296875 0.189453125
0 0.1923828125 0.2666015625 0.025390625 0.044921875
0 0.2568359375 0.2294921875 0.0595703125 0.09375
0 0.2509765625 0.255859375 0.0263671875 0.0439453125
0 0.287109375 0.2021484375 0.03125 0.0439453125
0 0.2216796875 0.2568359375 0.052734375 0.0859375