0 0.0634765625 0.044921875 0.056640625 0.0673828125
0 0.111328125 0.134765625 0.126953125 0.1376953125
0 0.0302734375 0.6396484375 0.060546875 0.1455078125
0 0.103515625 0.7783203125 0.126953125 0.1328125
0 0.2685546875 0.66796875 0.056640625 0.0576171875
0 0.2060546875 0.736328125 0.123046875 0.162109375
0 0.1708984375 0.84765625 0.0986328125 0.130859375
0 0.10546875 0.90625 0.072265625 0.0732421875
0 0.12109375 0.9521484375 0.046875 0.0625
0 0.013671875 0.9716796875 0.02734375 0.056640625
0 0.0185546875 0.9111328125 0.037109375 0.0830078125
0 0.02734375 0.853515625 0.0546875 0.0673828125
0 0.21484375 0.0908203125 0.0498046875 0.0654296875
0 0.181640625 0.056640625 0.0546875 0.068359375
0 0.16015625 0.0185546875 0.0390625 0.037109375
0 0.283203125 0.2421875 0.0517578125 0.0625
0 0.244140625 0.19921875 0.0888671875 0.0966796875
0 0.3056640625 0.294921875 0.060546875 0.068359375
0 0.318359375 0.8486328125 0.0859375 0.0703125
0 0.3466796875 0.8203125 0.046875 0.064453125
0 0.26171875 0.884765625 0.056640625 0.0517578125
0 0.4169921875 0.966796875 0.046875 0.0654296875
0 0.416015625 0.9189453125 0.0546875 0.068359375
0 0.458984375 0.953125 0.072265625 0.09375
0 0.46875 0.890625 0.056640625 0.0673828125
0 0.4609375 0.486328125 0.0419921875 0.0498046875
0 0.484375 0.62890625 0.0546875 0.078125
0 0.3828125 0.9541015625 0.0439453125 0.0654296875
0 0.326171875 0.927734375 0.0888671875 0.103515625
0 0.2412109375 0.9443359375 0.109375 0.099609375
0 0.189453125 0.9853515625 0.0361328125 0.029296875
0 0.3388671875 0.9814453125 0.060546875 0.037109375
0 0.291015625 0.9814453125 0.046875 0.037109375
0 0.388671875 0.98828125 0.0546875 0.0234375
0 0.25390625 0.048828125 0.064453125 0.0751953125
0 0.310546875 0.0576171875 0.091796875 0.099609375
0 0.2919921875 0.0146484375 0.0576171875 0.029296875
0 0.2158203125 0.025390625 0.076171875 0.05078125
0 0.369140625 0.0478515625 0.0673828125 0.0654296875
0 0.3544921875 0.013671875 0.0654296875 0.0263671875
0 0.267578125 0.1318359375 0.09375 0.1201171875
0 0.375 0.14453125 0.150390625 0.15625
0 0.341796875 0.2509765625 0.0908203125 0.1171875
0 0.4140625 0.244140625 0.060546875 0.0908203125
0 0.4169921875 0.302734375 0.0419921875 0.046875
0 0.4228515625 0.0537109375 0.060546875 0.0751953125
0 0.458984375 0.4091796875 0.033203125 0.041015625
0 0.41015625 0.017578125 0.0625 0.03515625
0 0.466796875 0.0625 0.048828125 0.0517578125
0 0.458984375 0.0185546875 0.0546875 0.037109375
0 0.5078125 0.041015625 0.072265625 0.0810546875
0 0.462890625 0.193359375 0.0546875 0.072265625
0 0.4609375 0.142578125 0.0341796875 0.037109375
0 0.5 0.138671875 0.0517578125 0.0576171875
0 0.4765625 0.1025390625 0.025390625 0.0283203125
0 0.501953125 0.08984375 0.033203125 0.041015625
0 0.447265625 0.0986328125 0.041015625 0.056640625
0 0.5283203125 0.107421875 0.0419921875 0.052734375
0 0.548828125 0.1533203125 0.0595703125 0.060546875
0 0.5556640625 0.1162109375 0.0234375 0.03125
0 0.5185546875 0.1728515625 0.0654296875 0.064453125
0 0.521484375 0.2392578125 0.0908203125 0.0986328125
0 0.4560546875 0.2607421875 0.0576171875 0.0703125
0 0.4501953125 0.322265625 0.0498046875 0.0595703125
0 0.486328125 0.3369140625 0.0341796875 0.0390625
0 0.486328125 0.2998046875 0.0419921875 0.0546875
0 0.529296875 0.3193359375 0.0751953125 0.076171875
0 0.5595703125 0.07421875 0.052734375 0.0654296875
0 0.595703125 0.1279296875 0.0595703125 0.078125
0 0.5908203125 0.07421875 0.0361328125 0.044921875
0 0.580078125 0.0390625 0.0341796875 0.0419921875
0 0.548828125 0.0263671875 0.025390625 0.041015625
0 0.564453125 0.009765625 0.046875 0.01953125
0 0.5595703125 0.2021484375 0.037109375 0.041015625
0 0.625 0.185546875 0.0625 0.0888671875
0 0.6103515625 0.033203125 0.048828125 0.06640625
0 0.654296875 0.048828125 0.0546875 0.0751953125
0 0.6884765625 0.025390625 0.0341796875 0.0439453125
0 0.6533203125 0.009765625 0.033203125 0.01953125
0 0.66015625 0.125 0.080078125 0.0888671875
0 0.693359375 0.0771484375 0.048828125 0.064453125
0 0.732421875 0.05078125 0.0654296875 0.068359375
0 0.6953125 0.2001953125 0.0859375 0.123046875
0 0.640625 0.23828125 0.033203125 0.037109375
0 0.740234375 0.140625 0.0908203125 0.1328125
0 0.7294921875 0.013671875 0.0498046875 0.0263671875
0 0.8125 0.080078125 0.1123046875 0.1376953125
0 0.767578125 0.0166015625 0.0419921875 0.033203125
0 0.830078125 0.1689453125 0.0830078125 0.1015625
0 0.8486328125 0.2529296875 0.041015625 0.046875
0 0.86328125 0.216796875 0.0439453125 0.060546875
0 0.876953125 0.123046875 0.044921875 0.064453125
0 0.8876953125 0.068359375 0.041015625 0.0517578125
0 0.87109375 0.0283203125 0.0859375 0.056640625
0 0.806640625 0.0146484375 0.048828125 0.029296875
0 0.916015625 0.103515625 0.056640625 0.080078125
0 0.8876953125 0.17578125 0.0361328125 0.052734375
0 0.916015625 0.150390625 0.0341796875 0.0361328125
0 0.9326171875 0.04296875 0.056640625 0.060546875
0 0.9404296875 0.013671875 0.041015625 0.0263671875
0 0.978515625 0.0166015625 0.0390625 0.033203125
0 0.9658203125 0.09765625 0.0546875 0.0673828125
0 0.9814453125 0.048828125 0.037109375 0.048828125
0 0.947265625 0.158203125 0.0654296875 0.072265625
0 0.49609375 0.431640625 0.076171875 0.080078125
0 0.533203125 0.484375 0.111328125 0.107421875
0 0.517578125 0.560546875 0.0673828125 0.0625
0 0.58984375 0.591796875 0.095703125 0.111328125
0 0.5615234375 0.5341796875 0.0517578125 0.046875
0 0.619140625 0.501953125 0.09375 0.0966796875
0 0.640625 0.453125 0.046875 0.037109375
0 0.6103515625 0.4501953125 0.0283203125 0.021484375
0 0.673828125 0.486328125 0.0576171875 0.060546875
0 0.681640625 0.453125 0.0283203125 0.0283203125
0 0.70703125 0.4912109375 0.0419921875 0.0361328125
0 0.736328125 0.509765625 0.0439453125 0.0517578125
0 0.763671875 0.548828125 0.0517578125 0.0595703125
0 0.7509765625 0.626953125 0.0517578125 0.0546875
0 0.763671875 0.595703125 0.041015625 0.0361328125
0 0.658203125 0.611328125 0.0625 0.0751953125
0 0.646484375 0.5556640625 0.041015625 0.0439453125
0 0.703125 0.55859375 0.09375 0.111328125
0 0.6318359375 0.7041015625 0.0419921875 0.0546875
0 0.625 0.658203125 0.0361328125 0.0498046875
0 0.70703125 0.640625 0.0546875 0.060546875
0 0.693359375 0.708984375 0.0986328125 0.1064453125
0 0.658203125 0.6650390625 0.0517578125 0.0498046875
0 0.5546875 0.6787109375 0.1279296875 0.125
0 0.52734375 0.607421875 0.041015625 0.0517578125
0 0.490234375 0.724609375 0.0439453125 0.0576171875
0 0.486328125 0.6796875 0.025390625 0.0390625
0 0.748046875 0.67578125 0.0439453125 0.056640625
0 0.529296875 0.763671875 0.0751953125 0.078125
0 0.599609375 0.7529296875 0.078125 0.068359375
0 0.6494140625 0.7880859375 0.0576171875 0.068359375
0 0.6484375 0.7412109375 0.0390625 0.046875
0 0.6904296875 0.7861328125 0.0498046875 0.060546875
0 0.7578125 0.7255859375 0.046875 0.0673828125
0 0.7314453125 0.7705078125 0.052734375 0.0654296875
0 0.744140625 0.814453125 0.03125 0.0419921875
0 0.7705078125 0.783203125 0.0341796875 0.041015625
0 0.7177734375 0.818359375 0.0341796875 0.044921875
0 0.556640625 0.8046875 0.0625 0.060546875
0 0.498046875 0.85546875 0.0439453125 0.0517578125
0 0.5517578125 0.869140625 0.0888671875 0.087890625
0 0.515625 0.81640625 0.041015625 0.046875
0 0.4990234375 0.927734375 0.046875 0.0419921875
0 0.5107421875 0.8916015625 0.0439453125 0.0439453125
0 0.5078125 0.97265625 0.0390625 0.052734375
0 0.5390625 0.9775390625 0.041015625 0.044921875
0 0.560546875 0.9619140625 0.037109375 0.0361328125
0 0.578125 0.935546875 0.0546875 0.056640625
0 0.5361328125 0.9306640625 0.0390625 0.046875
0 0.5888671875 0.9794921875 0.0498046875 0.0390625
0 0.6123046875 0.833984375 0.0908203125 0.099609375
0 0.607421875 0.9609375 0.0283203125 0.033203125
0 0.630859375 0.921875 0.083984375 0.091796875
0 0.626953125 0.9794921875 0.0234375 0.029296875
0 0.6533203125 0.9794921875 0.03125 0.03125
0 0.6708984375 0.9658203125 0.0390625 0.0390625
0 0.7099609375 0.9345703125 0.0283203125 0.0341796875
0 0.689453125 0.9013671875 0.0205078125 0.0263671875
0 0.69140625 0.927734375 0.013671875 0.0263671875
0 0.6806640625 0.935546875 0.0185546875 0.021484375
0 0.6826171875 0.8525390625 0.0595703125 0.0830078125
0 0.71484375 0.9013671875 0.037109375 0.0439453125
0 0.7373046875 0.857421875 0.0498046875 0.0546875
0 0.763671875 0.833984375 0.044921875 0.0498046875