0 0.519531 0.065972 0.035937 0.051389
0 0.519141 0.066667 0.035156 0.047222
0 0.031250 0.983333 0.062500 0.030556
0 0.032813 0.981944 0.065625 0.033333
0 0.148438 0.103472 0.060937 0.079167
0 0.148438 0.102778 0.060937 0.080556
0 0.290625 0.400694 0.070312 0.084722
0 0.289844 0.402083 0.067188 0.081944
0 0.249609 0.208333 0.114844 0.108333
0 0.248828 0.209028 0.114844 0.104167
0 0.180469 0.797917 0.092188 0.154167
0 0.180469 0.800694 0.092188 0.154167
0 0.100391 0.586806 0.142969 0.204167
0 0.100391 0.586806 0.142969 0.204167
0 0.800000 0.765972 0.042187 0.062500
