0 0.0634765625 0.046875 0.0576171875 0.0673828125
0 0.111328125 0.134765625 0.125 0.1376953125
0 0.029296875 0.638671875 0.05859375 0.14453125
0 0.1025390625 0.7783203125 0.125 0.1328125
0 0.2685546875 0.6689453125 0.0576171875 0.0576171875
0 0.2060546875 0.736328125 0.1220703125 0.1611328125
0 0.1708984375 0.84765625 0.0986328125 0.130859375
0 0.1064453125 0.9052734375 0.0703125 0.0751953125
0 0.1220703125 0.9521484375 0.046875 0.0625
0 0.013671875 0.9716796875 0.02734375 0.056640625
0 0.0185546875 0.9111328125 0.037109375 0.0830078125
0 0.02734375 0.853515625 0.0546875 0.0654296875
0 0.2138671875 0.091796875 0.048828125 0.0673828125
0 0.1806640625 0.0576171875 0.056640625 0.068359375
0 0.1611328125 0.0185546875 0.037109375 0.037109375
0 0.2822265625 0.2421875 0.0517578125 0.0625
0 0.244140625 0.2001953125 0.0888671875 0.095703125
0 0.3046875 0.294921875 0.060546875 0.068359375
0 0.318359375 0.849609375 0.0859375 0.0703125
0 0.3466796875 0.8193359375 0.046875 0.0625
0 0.2607421875 0.884765625 0.0546875 0.0517578125
0 0.416015625 0.9658203125 0.046875 0.068359375
0 0.416015625 0.91796875 0.052734375 0.068359375
0 0.4599609375 0.953125 0.0703125 0.09375
0 0.4677734375 0.890625 0.056640625 0.0673828125
0 0.4609375 0.486328125 0.0419921875 0.0498046875
0 0.484375 0.6298828125 0.052734375 0.078125
0 0.3828125 0.955078125 0.0439453125 0.0673828125
0 0.326171875 0.9267578125 0.087890625 0.1044921875
0 0.2412109375 0.943359375 0.109375 0.099609375
0 0.1904296875 0.9853515625 0.0361328125 0.029296875
0 0.33984375 0.9814453125 0.05859375 0.037109375
0 0.291015625 0.9814453125 0.046875 0.037109375
0 0.388671875 0.98828125 0.0546875 0.0234375
0 0.2529296875 0.0498046875 0.0625 0.0751953125
0 0.310546875 0.056640625 0.091796875 0.099609375
0 0.29296875 0.0146484375 0.0576171875 0.029296875
0 0.2177734375 0.025390625 0.076171875 0.05078125
0 0.369140625 0.0478515625 0.0673828125 0.0673828125
0 0.35546875 0.013671875 0.0673828125 0.0263671875
0 0.267578125 0.1328125 0.09375 0.1201171875
0 0.375 0.1435546875 0.150390625 0.15625
0 0.3427734375 0.2509765625 0.0908203125 0.115234375
0 0.4150390625 0.244140625 0.060546875 0.0908203125
0 0.4169921875 0.3017578125 0.0419921875 0.044921875
0 0.421875 0.052734375 0.060546875 0.0751953125
0 0.458984375 0.41015625 0.0341796875 0.0419921875
0 0.41015625 0.017578125 0.0625 0.03515625
0 0.466796875 0.0634765625 0.048828125 0.0517578125
0 0.458984375 0.0185546875 0.052734375 0.037109375
0 0.5078125 0.041015625 0.072265625 0.0810546875
0 0.462890625 0.1923828125 0.056640625 0.072265625
0 0.4599609375 0.1435546875 0.0341796875 0.037109375
0 0.4990234375 0.1376953125 0.0517578125 0.0576171875
0 0.4775390625 0.103515625 0.025390625 0.0263671875
0 0.501953125 0.08984375 0.0341796875 0.0390625
0 0.4482421875 0.0986328125 0.041015625 0.056640625
0 0.5283203125 0.1064453125 0.0419921875 0.0546875
0 0.548828125 0.15234375 0.0595703125 0.0625
0 0.556640625 0.115234375 0.0234375 0.03125
0 0.5185546875 0.1728515625 0.0654296875 0.0625
0 0.5224609375 0.240234375 0.0908203125 0.0986328125
0 0.4560546875 0.2607421875 0.0595703125 0.0703125
0 0.451171875 0.322265625 0.0498046875 0.060546875
0 0.486328125 0.3369140625 0.0341796875 0.0390625
0 0.4873046875 0.3017578125 0.0419921875 0.0546875
0 0.529296875 0.3212890625 0.0751953125 0.076171875
0 0.5595703125 0.072265625 0.052734375 0.064453125
0 0.595703125 0.126953125 0.0595703125 0.080078125
0 0.5908203125 0.0732421875 0.0361328125 0.0439453125
0 0.580078125 0.0390625 0.0341796875 0.0419921875
0 0.548828125 0.0263671875 0.025390625 0.0419921875
0 0.564453125 0.009765625 0.046875 0.01953125
0 0.560546875 0.201171875 0.0361328125 0.041015625
0 0.625 0.185546875 0.0625 0.0888671875
0 0.611328125 0.033203125 0.0498046875 0.0654296875
0 0.654296875 0.05078125 0.056640625 0.0751953125
0 0.6884765625 0.025390625 0.0341796875 0.0439453125
0 0.6533203125 0.009765625 0.033203125 0.01953125
0 0.6591796875 0.125 0.078125 0.0888671875
0 0.693359375 0.076171875 0.048828125 0.0625
0 0.7314453125 0.05078125 0.0654296875 0.068359375
0 0.6962890625 0.201171875 0.0859375 0.1220703125
0 0.6396484375 0.2392578125 0.03125 0.037109375
0 0.7392578125 0.140625 0.0908203125 0.1328125
0 0.7314453125 0.013671875 0.0498046875 0.0263671875
0 0.8134765625 0.08203125 0.1123046875 0.1376953125
0 0.767578125 0.0166015625 0.0419921875 0.033203125
0 0.830078125 0.169921875 0.0830078125 0.1015625
0 0.849609375 0.25390625 0.0419921875 0.048828125
0 0.86328125 0.216796875 0.0439453125 0.060546875
0 0.8779296875 0.123046875 0.044921875 0.0625
0 0.888671875 0.068359375 0.041015625 0.0517578125
0 0.8701171875 0.0283203125 0.0859375 0.056640625
0 0.8076171875 0.015625 0.048828125 0.03125
0 0.9169921875 0.103515625 0.0576171875 0.080078125
0 0.888671875 0.17578125 0.0361328125 0.0517578125
0 0.9150390625 0.1494140625 0.0341796875 0.0361328125
0 0.931640625 0.0419921875 0.0576171875 0.0625
0 0.9404296875 0.013671875 0.041015625 0.0263671875
0 0.9794921875 0.0166015625 0.0390625 0.033203125
0 0.9658203125 0.09765625 0.056640625 0.0673828125
0 0.9814453125 0.0498046875 0.037109375 0.046875
0 0.947265625 0.1572265625 0.0654296875 0.0732421875
0 0.49609375 0.4306640625 0.076171875 0.0810546875
0 0.533203125 0.484375 0.111328125 0.107421875
0 0.5166015625 0.560546875 0.0673828125 0.0625
0 0.5888671875 0.591796875 0.095703125 0.109375
0 0.5625 0.53515625 0.0517578125 0.044921875
0 0.6201171875 0.501953125 0.09375 0.0986328125
0 0.6416015625 0.4521484375 0.046875 0.037109375
0 0.611328125 0.44921875 0.0283203125 0.021484375
0 0.673828125 0.4853515625 0.0576171875 0.060546875
0 0.681640625 0.4521484375 0.0263671875 0.029296875
0 0.7060546875 0.4912109375 0.0419921875 0.0361328125
0 0.73828125 0.509765625 0.044921875 0.0517578125
0 0.763671875 0.5498046875 0.0498046875 0.0595703125
0 0.7509765625 0.6279296875 0.0517578125 0.0546875
0 0.763671875 0.595703125 0.041015625 0.0361328125
0 0.658203125 0.611328125 0.0625 0.0751953125
0 0.646484375 0.556640625 0.0419921875 0.0439453125
0 0.703125 0.5595703125 0.09375 0.1123046875
0 0.630859375 0.705078125 0.0419921875 0.0546875
0 0.6240234375 0.6572265625 0.0361328125 0.0498046875
0 0.7080078125 0.6396484375 0.0546875 0.0595703125
0 0.693359375 0.7099609375 0.0986328125 0.1064453125
0 0.658203125 0.6650390625 0.0517578125 0.0498046875
0 0.5537109375 0.6806640625 0.126953125 0.125
0 0.5263671875 0.607421875 0.0390625 0.0517578125
0 0.490234375 0.7255859375 0.0439453125 0.0576171875
0 0.486328125 0.6806640625 0.025390625 0.0390625
0 0.748046875 0.67578125 0.044921875 0.056640625
0 0.529296875 0.763671875 0.0751953125 0.080078125
0 0.599609375 0.751953125 0.076171875 0.0673828125
0 0.6484375 0.787109375 0.0576171875 0.068359375
0 0.6484375 0.7421875 0.0390625 0.044921875
0 0.69140625 0.7861328125 0.0498046875 0.060546875
0 0.7578125 0.724609375 0.046875 0.0673828125
0 0.732421875 0.76953125 0.052734375 0.0673828125
0 0.744140625 0.8134765625 0.033203125 0.0419921875
0 0.76953125 0.783203125 0.0341796875 0.0390625
0 0.7177734375 0.818359375 0.0341796875 0.044921875
0 0.556640625 0.8046875 0.0625 0.0625
0 0.498046875 0.8544921875 0.0439453125 0.0517578125
0 0.55078125 0.869140625 0.0888671875 0.087890625
0 0.515625 0.8154296875 0.041015625 0.044921875
0 0.4990234375 0.9287109375 0.046875 0.0419921875
0 0.5107421875 0.8916015625 0.0439453125 0.0439453125
0 0.5078125 0.97265625 0.037109375 0.0546875
0 0.5380859375 0.9765625 0.0390625 0.044921875
0 0.560546875 0.9619140625 0.0361328125 0.0361328125
0 0.5771484375 0.935546875 0.0546875 0.056640625
0 0.5361328125 0.9306640625 0.0390625 0.048828125
0 0.587890625 0.98046875 0.0498046875 0.0390625
0 0.6123046875 0.8349609375 0.0908203125 0.0986328125
0 0.607421875 0.9609375 0.0283203125 0.033203125
0 0.630859375 0.9228515625 0.0830078125 0.09375
0 0.626953125 0.978515625 0.0234375 0.029296875
0 0.6513671875 0.978515625 0.029296875 0.03125
0 0.6708984375 0.966796875 0.0390625 0.0390625
0 0.708984375 0.935546875 0.0263671875 0.033203125
0 0.6884765625 0.9013671875 0.0205078125 0.0263671875
0 0.6923828125 0.927734375 0.015625 0.025390625
0 0.6796875 0.9365234375 0.0185546875 0.021484375
0 0.6826171875 0.8525390625 0.0595703125 0.0830078125
0 0.7138671875 0.9013671875 0.0361328125 0.0439453125
0 0.73828125 0.857421875 0.0498046875 0.0546875
0 0.7646484375 0.833984375 0.044921875 0.0498046875