0 0.966796875 0.095703125 0.0625 0.0732421875
0 0.912109375 0.177734375 0.1357421875 0.150390625
0 0.958984375 0.6904296875 0.0703125 0.1513671875
0 0.8759765625 0.8193359375 0.134765625 0.1455078125
0 0.71875 0.6923828125 0.060546875 0.0625
0 0.7763671875 0.767578125 0.1328125 0.1748046875
0 0.802734375 0.8818359375 0.107421875 0.140625
0 0.8642578125 0.947265625 0.0751953125 0.0810546875
0 0.8447265625 0.978515625 0.0498046875 0.0419921875
0 0.9501953125 0.95703125 0.0439453125 0.0859375
0 0.9462890625 0.904296875 0.0595703125 0.0732421875
0 0.814453125 0.123046875 0.052734375 0.0703125
0 0.849609375 0.0947265625 0.0595703125 0.0751953125
0 0.87109375 0.0576171875 0.041015625 0.0419921875
0 0.734375 0.267578125 0.056640625 0.0673828125
0 0.775390625 0.228515625 0.095703125 0.1064453125
0 0.708984375 0.31640625 0.0654296875 0.0751953125
0 0.6572265625 0.8671875 0.0908203125 0.080078125
0 0.6298828125 0.8349609375 0.0498046875 0.068359375
0 0.7099609375 0.91015625 0.0595703125 0.056640625
0 0.548828125 0.96875 0.0498046875 0.0625
0 0.5556640625 0.92578125 0.0595703125 0.0751953125
0 0.5078125 0.953125 0.076171875 0.09375
0 0.50390625 0.892578125 0.060546875 0.0732421875
0 0.5400390625 0.490234375 0.044921875 0.0546875
0 0.5068359375 0.630859375 0.0595703125 0.0859375
0 0.583984375 0.96484375 0.048828125 0.0703125
0 0.6435546875 0.943359375 0.095703125 0.1123046875
0 0.724609375 0.9560546875 0.1142578125 0.087890625
0 0.6240234375 0.9873046875 0.0595703125 0.025390625
0 0.673828125 0.990234375 0.048828125 0.0185546875
0 0.5771484375 0.9912109375 0.0576171875 0.017578125
0 0.7783203125 0.0771484375 0.068359375 0.0810546875
0 0.7197265625 0.0791015625 0.0986328125 0.107421875
0 0.740234375 0.0390625 0.0595703125 0.0361328125
0 0.814453125 0.0576171875 0.0810546875 0.0576171875
0 0.662109375 0.064453125 0.072265625 0.0732421875
0 0.677734375 0.03125 0.068359375 0.0361328125
0 0.7568359375 0.158203125 0.1015625 0.1279296875
0 0.650390625 0.1591796875 0.1611328125 0.171875
0 0.673828125 0.267578125 0.0986328125 0.126953125
0 0.603515625 0.2548828125 0.0673828125 0.0986328125
0 0.595703125 0.3115234375 0.044921875 0.0498046875
0 0.609375 0.0634765625 0.0654296875 0.0810546875
0 0.548828125 0.4150390625 0.0361328125 0.0439453125
0 0.623046875 0.029296875 0.0654296875 0.0419921875
0 0.564453125 0.068359375 0.0517578125 0.056640625
0 0.5732421875 0.025390625 0.0576171875 0.0439453125
0 0.5244140625 0.0419921875 0.076171875 0.083984375
0 0.55859375 0.197265625 0.060546875 0.076171875
0 0.564453125 0.1494140625 0.0361328125 0.0390625
0 0.525390625 0.1396484375 0.056640625 0.0625
0 0.55078125 0.1064453125 0.0263671875 0.029296875
0 0.52734375 0.091796875 0.0361328125 0.0439453125
0 0.580078125 0.10546875 0.0439453125 0.060546875
0 0.5 0.10546875 0.044921875 0.0576171875
0 0.4755859375 0.1474609375 0.064453125 0.068359375
0 0.470703125 0.111328125 0.025390625 0.033203125
0 0.50390625 0.171875 0.0703125 0.0703125
0 0.49609375 0.2392578125 0.0966796875 0.107421875
0 0.560546875 0.267578125 0.0625 0.076171875
0 0.5615234375 0.3271484375 0.052734375 0.064453125
0 0.525390625 0.337890625 0.0361328125 0.0439453125
0 0.5263671875 0.302734375 0.046875 0.0576171875
0 0.482421875 0.318359375 0.0810546875 0.0859375
0 0.470703125 0.068359375 0.0576171875 0.0703125
0 0.4306640625 0.119140625 0.0625 0.0859375
0 0.439453125 0.064453125 0.0390625 0.048828125
0 0.453125 0.033203125 0.037109375 0.044921875
0 0.484375 0.0234375 0.0283203125 0.0439453125
0 0.470703125 0.0087890625 0.048828125 0.017578125
0 0.4619140625 0.197265625 0.041015625 0.0439453125
0 0.3974609375 0.1728515625 0.0673828125 0.095703125
0 0.4228515625 0.029296875 0.052734375 0.0576171875
0 0.3759765625 0.037109375 0.060546875 0.07421875
0 0.34375 0.015625 0.037109375 0.03125
0 0.3798828125 0.0029296875 0.0361328125 0.005859375
0 0.3671875 0.109375 0.0859375 0.0986328125
0 0.337890625 0.056640625 0.0517578125 0.0673828125
0 0.3017578125 0.0322265625 0.068359375 0.064453125
0 0.326171875 0.1806640625 0.09375 0.1298828125
0 0.37890625 0.224609375 0.0361328125 0.0419921875
0 0.287109375 0.1171875 0.0986328125 0.140625
0 0.2177734375 0.0625 0.1220703125 0.125
0 0.2666015625 0.00390625 0.044921875 0.0078125
0 0.1943359375 0.134765625 0.0908203125 0.109375
0 0.169921875 0.216796875 0.0439453125 0.0517578125
0 0.158203125 0.177734375 0.048828125 0.064453125
0 0.150390625 0.083984375 0.048828125 0.068359375
0 0.1435546875 0.0283203125 0.0439453125 0.056640625
0 0.1611328125 0.009765625 0.091796875 0.01953125
0 0.1123046875 0.060546875 0.0625 0.0859375
0 0.1357421875 0.1357421875 0.041015625 0.056640625
0 0.111328125 0.10546875 0.037109375 0.0390625
0 0.1015625 0.015625 0.060546875 0.03125
0 0.064453125 0.048828125 0.0595703125 0.0732421875
0 0.0517578125 0.0126953125 0.0390625 0.025390625
0 0.078125 0.109375 0.0703125 0.080078125
0 0.5087890625 0.431640625 0.0830078125 0.0888671875
0 0.466796875 0.4814453125 0.119140625 0.119140625
0 0.478515625 0.5595703125 0.0703125 0.0673828125
0 0.404296875 0.580078125 0.1015625 0.1201171875
0 0.435546875 0.5283203125 0.056640625 0.0517578125
0 0.3798828125 0.490234375 0.099609375 0.107421875
0 0.36328125 0.4365234375 0.048828125 0.0419921875
0 0.392578125 0.4375 0.029296875 0.025390625
0 0.328125 0.466796875 0.0625 0.0673828125
0 0.322265625 0.43359375 0.0283203125 0.03125
0 0.294921875 0.470703125 0.0439453125 0.0390625
0 0.263671875 0.4853515625 0.048828125 0.056640625
0 0.234375 0.521484375 0.056640625 0.064453125
0 0.2412109375 0.6005859375 0.0576171875 0.0595703125
0 0.232421875 0.5673828125 0.0439453125 0.0390625
0 0.333984375 0.5927734375 0.0673828125 0.0810546875
0 0.349609375 0.5390625 0.0439453125 0.048828125
0 0.2939453125 0.537109375 0.099609375 0.1201171875
0 0.3544921875 0.689453125 0.044921875 0.0576171875
0 0.365234375 0.642578125 0.0390625 0.0517578125
0 0.283203125 0.6171875 0.0595703125 0.0673828125
0 0.29296875 0.6884765625 0.1064453125 0.115234375
0 0.330078125 0.646484375 0.0546875 0.056640625
0 0.43359375 0.6728515625 0.1357421875 0.1376953125
0 0.4658203125 0.6044921875 0.0439453125 0.056640625
0 0.494140625 0.7255859375 0.046875 0.0625
0 0.5009765625 0.681640625 0.0263671875 0.0419921875
0 0.240234375 0.6494140625 0.048828125 0.0595703125
0 0.4521484375 0.759765625 0.0810546875 0.0859375
0 0.3828125 0.7412109375 0.0830078125 0.076171875
0 0.3310546875 0.7705078125 0.0625 0.0751953125
0 0.3359375 0.7255859375 0.0419921875 0.0498046875
0 0.2900390625 0.763671875 0.052734375 0.0673828125
0 0.2275390625 0.697265625 0.0498046875 0.0732421875
0 0.2509765625 0.7431640625 0.0576171875 0.0703125
0 0.2353515625 0.787109375 0.0341796875 0.044921875
0 0.2119140625 0.751953125 0.037109375 0.0439453125
0 0.259765625 0.79296875 0.037109375 0.0498046875
0 0.4228515625 0.796875 0.0654296875 0.068359375
0 0.4775390625 0.853515625 0.046875 0.056640625
0 0.423828125 0.8623046875 0.09375 0.0986328125
0 0.462890625 0.8125 0.0439453125 0.0498046875
0 0.470703125 0.927734375 0.0498046875 0.048828125
0 0.4619140625 0.888671875 0.046875 0.048828125
0 0.458984375 0.970703125 0.0419921875 0.056640625
0 0.427734375 0.970703125 0.0419921875 0.0498046875
0 0.4072265625 0.953125 0.0390625 0.0390625
0 0.392578125 0.92578125 0.0595703125 0.0625
0 0.4345703125 0.92578125 0.0439453125 0.0517578125
0 0.376953125 0.96875 0.052734375 0.044921875
0 0.3642578125 0.822265625 0.0966796875 0.109375
0 0.361328125 0.947265625 0.03125 0.0361328125
0 0.33984375 0.9072265625 0.0908203125 0.1015625
0 0.33984375 0.9638671875 0.025390625 0.03125
0 0.314453125 0.9609375 0.03125 0.033203125
0 0.2958984375 0.9462890625 0.0439453125 0.0439453125
0 0.2607421875 0.9111328125 0.029296875 0.037109375
0 0.283203125 0.8798828125 0.021484375 0.029296875
0 0.279296875 0.9052734375 0.015625 0.0263671875
0 0.291015625 0.916015625 0.0205078125 0.0234375
0 0.29296875 0.830078125 0.0654296875 0.0888671875
0 0.2587890625 0.876953125 0.041015625 0.048828125
0 0.23828125 0.830078125 0.052734375 0.0576171875
0 0.212890625 0.802734375 0.048828125 0.0546875