0 0.486328125 0.0654296875 0.0546875 0.0888671875
0 0.1376953125 0.166015625 0.0439453125 0.0595703125
0 0.1171875 0.208984375 0.060546875 0.083984375
0 0.302734375 0.427734375 0.0419921875 0.0546875
0 0.267578125 0.458984375 0.046875 0.0654296875
0 0.2939453125 0.48046875 0.041015625 0.056640625
0 0.205078125 0.8935546875 0.095703125 0.1435546875
0 0.2109375 0.814453125 0.052734375 0.072265625
0 0.123046875 0.6533203125 0.134765625 0.201171875
0 0.18359375 0.3056640625 0.0263671875 0.046875
0 0.2470703125 0.259765625 0.0625 0.0986328125
0 0.2421875 0.2880859375 0.0283203125 0.046875
0 0.275390625 0.2294921875 0.033203125 0.046875
0 0.212890625 0.291015625 0.0546875 0.091796875