0 0.393333 0.556675 0.020000 0.015113
0 0.171667 0.500000 0.020000 0.017632
0 0.575000 0.609572 0.026667 0.025189
0 0.204167 0.463476 0.025000 0.025189
0 0.361667 0.559194 0.026667 0.025189
0 0.237500 0.453401 0.025000 0.030227
0 0.205833 0.511335 0.028333 0.025189
0 0.267500 0.535264 0.035000 0.032746
0 0.485833 0.531486 0.035000 0.030227
0 0.672500 0.628463 0.031667 0.032746
0 0.553333 0.555416 0.036667 0.037783
0 0.691667 0.568010 0.036667 0.037783
0 0.287500 0.491184 0.041667 0.035264
0 0.405833 0.516373 0.041667 0.040302
