0 0.306640625 0.556640625 0.0517578125 0.0498046875
0 0.4248046875 0.60546875 0.0361328125 0.037109375
0 0.4453125 0.552734375 0.041015625 0.0439453125
0 0.2216796875 0.5888671875 0.0205078125 0.0234375
0 0.2392578125 0.5712890625 0.025390625 0.0234375
0 0.326171875 0.619140625 0.0439453125 0.0439453125
0 0.16015625 0.626953125 0.0185546875 0.0205078125
0 0.162109375 0.572265625 0.015625 0.0205078125
0 0.162109375 0.580078125 0.017578125 0.0234375
0 0.185546875 0.6669921875 0.0205078125 0.0234375
0 0.482421875 0.5869140625 0.025390625 0.025390625
0 0.51171875 0.53125 0.041015625 0.0390625
0 0.5712890625 0.4453125 0.0205078125 0.029296875
0 0.59765625 0.5146484375 0.0419921875 0.037109375
0 0.603515625 0.5625 0.025390625 0.033203125
0 0.6328125 0.5673828125 0.0263671875 0.03125
0 0.642578125 0.5634765625 0.0263671875 0.0283203125
0 0.7099609375 0.498046875 0.0361328125 0.037109375
0 0.73046875 0.546875 0.0390625 0.041015625
0 0.728515625 0.4970703125 0.0341796875 0.0419921875
0 0.763671875 0.4638671875 0.0283203125 0.03125
0 0.7939453125 0.5244140625 0.037109375 0.0361328125
0 0.7978515625 0.470703125 0.033203125 0.03125
0 0.830078125 0.515625 0.03125 0.0341796875
0 0.8876953125 0.48828125 0.021484375 0.0205078125
0 0.880859375 0.458984375 0.0263671875 0.033203125
0 0.955078125 0.4912109375 0.0283203125 0.03125
0 0.9736328125 0.4482421875 0.0234375 0.021484375
0 0.9658203125 0.435546875 0.0185546875 0.0185546875
0 0.9716796875 0.4677734375 0.0185546875 0.0234375