0 0.359375 0.2041015625 0.048828125 0.0673828125
0 0.373046875 0.1337890625 0.037109375 0.0517578125
0 0.46484375 0.16015625 0.044921875 0.0625
0 0.7548828125 0.2353515625 0.0546875 0.080078125
0 0.705078125 0.3896484375 0.0234375 0.037109375
0 0.7021484375 0.3681640625 0.0283203125 0.0361328125
0 0.720703125 0.33203125 0.0341796875 0.046875
0 0.7958984375 0.505859375 0.029296875 0.0517578125
0 0.2060546875 0.3369140625 0.0234375 0.029296875
0 0.1494140625 0.462890625 0.029296875 0.0419921875
0 0.2138671875 0.53125 0.029296875 0.0439453125
0 0.806640625 0.6953125 0.0283203125 0.0283203125
0 0.845703125 0.6787109375 0.0419921875 0.0654296875
0 0.8017578125 0.6708984375 0.025390625 0.03125
0 0.189453125 0.6328125 0.017578125 0.029296875
0 0.2177734375 0.724609375 0.029296875 0.037109375
0 0.2490234375 0.8076171875 0.029296875 0.0439453125
0 0.2763671875 0.7470703125 0.0283203125 0.0419921875
0 0.41796875 0.482421875 0.021484375 0.033203125
0 0.439453125 0.4814453125 0.0361328125 0.0341796875
0 0.451171875 0.4443359375 0.021484375 0.033203125
0 0.466796875 0.478515625 0.0234375 0.033203125
0 0.3896484375 0.244140625 0.033203125 0.0517578125
0 0.416015625 0.232421875 0.0498046875 0.0859375
0 0.43359375 0.259765625 0.017578125 0.025390625
0 0.447265625 0.2373046875 0.041015625 0.0625
0 0.4326171875 0.5556640625 0.0234375 0.03125
0 0.4990234375 0.404296875 0.021484375 0.0234375
0 0.5 0.3916015625 0.0126953125 0.015625
0 0.5224609375 0.3427734375 0.025390625 0.0341796875
0 0.5615234375 0.263671875 0.0234375 0.037109375
0 0.5732421875 0.32421875 0.0283203125 0.0263671875
0 0.580078125 0.2724609375 0.0205078125 0.0283203125
0 0.578125 0.17578125 0.0234375 0.029296875
0 0.5830078125 0.1337890625 0.0234375 0.033203125
0 0.6181640625 0.16796875 0.0185546875 0.025390625
0 0.3291015625 0.912109375 0.0419921875 0.060546875
0 0.4111328125 0.9375 0.0361328125 0.046875
0 0.4736328125 0.9375 0.03125 0.0390625
0 0.5322265625 0.888671875 0.0263671875 0.0361328125
0 0.576171875 0.8857421875 0.0283203125 0.0419921875
0 0.638671875 0.9013671875 0.0185546875 0.025390625
0 0.642578125 0.8779296875 0.0234375 0.0341796875
0 0.685546875 0.0693359375 0.0205078125 0.029296875
0 0.7265625 0.1181640625 0.0546875 0.056640625
0 0.7060546875 0.0810546875 0.0283203125 0.03125
0 0.732421875 0.005859375 0.0205078125 0.0107421875
0 0.759765625 0.1357421875 0.0185546875 0.025390625
0 0.76171875 0.091796875 0.017578125 0.0234375
0 0.7568359375 0.076171875 0.0107421875 0.017578125
0 0.7763671875 0.0849609375 0.017578125 0.025390625
0 0.767578125 0.0498046875 0.0205078125 0.03125
0 0.8017578125 0.0771484375 0.03125 0.0390625
0 0.6513671875 0.60546875 0.017578125 0.025390625
0 0.658203125 0.58203125 0.0205078125 0.0341796875
0 0.6455078125 0.376953125 0.0234375 0.0361328125
0 0.7275390625 0.416015625 0.015625 0.0263671875
0 0.7255859375 0.3896484375 0.0263671875 0.0341796875
0 0.68359375 0.705078125 0.025390625 0.0361328125
0 0.724609375 0.6728515625 0.0283203125 0.037109375
0 0.7548828125 0.841796875 0.0185546875 0.0361328125
0 0.7705078125 0.826171875 0.0390625 0.056640625
0 0.775390625 0.80078125 0.0205078125 0.0283203125
0 0.759765625 0.919921875 0.0205078125 0.033203125
0 0.7919921875 0.880859375 0.017578125 0.0263671875
0 0.642578125 0.8046875 0.0283203125 0.0439453125
0 0.642578125 0.7783203125 0.0361328125 0.0361328125
0 0.626953125 0.78125 0.0205078125 0.0341796875
0 0.634765625 0.759765625 0.0185546875 0.0283203125
0 0.6513671875 0.7509765625 0.0283203125 0.044921875
0 0.7197265625 0.5654296875 0.0361328125 0.0595703125
0 0.705078125 0.541015625 0.0234375 0.029296875
0 0.736328125 0.5810546875 0.0205078125 0.0283203125
0 0.681640625 0.630859375 0.0205078125 0.029296875
0 0.6875 0.603515625 0.0283203125 0.033203125
0 0.6953125 0.62890625 0.0185546875 0.0341796875
0 0.9248046875 0.7001953125 0.017578125 0.0263671875
0 0.921875 0.6748046875 0.029296875 0.0361328125
0 0.935546875 0.6943359375 0.025390625 0.0341796875
0 0.953125 0.7109375 0.0234375 0.0361328125
0 0.94921875 0.6865234375 0.017578125 0.0234375
0 0.7548828125 0.3828125 0.015625 0.0283203125
0 0.771484375 0.3857421875 0.029296875 0.037109375
0 0.763671875 0.3642578125 0.0234375 0.0361328125
0 0.841796875 0.310546875 0.0283203125 0.048828125
0 0.8642578125 0.306640625 0.0341796875 0.048828125
0 0.78125 0.3955078125 0.0234375 0.029296875
0 0.529296875 0.177734375 0.015625 0.0263671875
0 0.873046875 0.490234375 0.0126953125 0.0234375
0 0.904296875 0.466796875 0.017578125 0.025390625
0 0.548828125 0.4375 0.0263671875 0.0361328125
0 0.5166015625 0.3974609375 0.0234375 0.033203125
0 0.6552734375 0.5615234375 0.0234375 0.029296875
0 0.685546875 0.150390625 0.0234375 0.0361328125
0 0.76953125 0.150390625 0.017578125 0.0205078125
0 0.537109375 0.509765625 0.0283203125 0.0361328125
0 0.53125 0.49609375 0.0126953125 0.0234375
0 0.822265625 0.435546875 0.025390625 0.0390625
0 0.9404296875 0.52734375 0.029296875 0.0361328125
0 0.412109375 0.802734375 0.033203125 0.0361328125
0 0.4140625 0.7734375 0.0263671875 0.029296875
0 0.45703125 0.8349609375 0.017578125 0.0234375
0 0.4560546875 0.8212890625 0.025390625 0.025390625
0 0.474609375 0.8076171875 0.025390625 0.03125
0 0.498046875 0.802734375 0.029296875 0.025390625
0 0.4951171875 0.822265625 0.0263671875 0.0283203125
0 0.455078125 0.798828125 0.017578125 0.025390625
0 0.46484375 0.7890625 0.0205078125 0.0283203125
0 0.486328125 0.787109375 0.0341796875 0.0361328125
0 0.4912109375 0.759765625 0.0234375 0.029296875
0 0.4892578125 0.732421875 0.017578125 0.025390625
0 0.513671875 0.8046875 0.0234375 0.0361328125
0 0.5048828125 0.78125 0.0283203125 0.029296875
0 0.501953125 0.763671875 0.025390625 0.0283203125
0 0.494140625 0.7158203125 0.017578125 0.0234375
0 0.5078125 0.736328125 0.0283203125 0.029296875
0 0.5205078125 0.7705078125 0.0205078125 0.03125
0 0.521484375 0.7509765625 0.0234375 0.0263671875
0 0.5126953125 0.712890625 0.025390625 0.033203125
0 0.52734375 0.732421875 0.0234375 0.0341796875
0 0.5390625 0.7734375 0.017578125 0.0341796875
0 0.5361328125 0.7490234375 0.017578125 0.0263671875
0 0.529296875 0.72265625 0.0205078125 0.0234375
0 0.5478515625 0.7509765625 0.015625 0.0234375
0 0.611328125 0.7470703125 0.0390625 0.0419921875
0 0.5615234375 0.5546875 0.0185546875 0.029296875
0 0.57421875 0.6123046875 0.0234375 0.0341796875
0 0.5771484375 0.58984375 0.025390625 0.0263671875
0 0.580078125 0.5625 0.0283203125 0.0361328125
0 0.4208984375 0.404296875 0.025390625 0.037109375
0 0.416015625 0.3828125 0.0234375 0.0361328125
0 0.4072265625 0.3623046875 0.021484375 0.03125
0 0.4228515625 0.3525390625 0.0234375 0.0341796875
0 0.439453125 0.380859375 0.0234375 0.0439453125
0 0.43359375 0.3271484375 0.025390625 0.029296875
0 0.4580078125 0.3779296875 0.0283203125 0.0341796875
0 0.4521484375 0.349609375 0.0234375 0.033203125
0 0.4453125 0.3125 0.0234375 0.029296875
0 0.4765625 0.337890625 0.0341796875 0.03125
0 0.466796875 0.3134765625 0.0263671875 0.0283203125
0 0.361328125 0.626953125 0.029296875 0.0439453125
0 0.4375 0.6796875 0.0205078125 0.0263671875
0 0.447265625 0.666015625 0.0234375 0.025390625
0 0.45703125 0.658203125 0.0185546875 0.0283203125
0 0.4453125 0.640625 0.017578125 0.0234375
0 0.439453125 0.5380859375 0.0205078125 0.0234375
0 0.501953125 0.650390625 0.0263671875 0.025390625
0 0.4921875 0.619140625 0.021484375 0.033203125
0 0.51953125 0.6396484375 0.0234375 0.0234375
0 0.5107421875 0.623046875 0.025390625 0.025390625
0 0.50390625 0.603515625 0.0234375 0.0263671875
0 0.388671875 0.4921875 0.0234375 0.0263671875
0 0.40234375 0.482421875 0.0205078125 0.029296875
0 0.3984375 0.4619140625 0.021484375 0.033203125
0 0.9794921875 0.416015625 0.03125 0.0439453125