0 0.740234375 0.1865234375 0.0576171875 0.083984375
0 0.810546875 0.4208984375 0.078125 0.109375
0 0.822265625 0.3134765625 0.185546875 0.263671875
0 0.8720703125 0.41015625 0.134765625 0.185546875
0 0.5087890625 0.236328125 0.1015625 0.142578125
0 0.419921875 0.3203125 0.068359375 0.0966796875
0 0.564453125 0.455078125 0.197265625 0.2783203125
0 0.7509765625 0.7119140625 0.1015625 0.142578125
0 0.6337890625 0.693359375 0.1689453125 0.2470703125
0 0.5263671875 0.8701171875 0.0576171875 0.0888671875
0 0.287109375 0.1650390625 0.1015625 0.146484375
0 0.2568359375 0.568359375 0.1376953125 0.201171875
0 0.4140625 0.5947265625 0.3251953125 0.470703125
0 0.208984375 0.751953125 0.0986328125 0.1357421875
0 0.224609375 0.1201171875 0.15625 0.2236328125