0 0.498046875 0.291015625 0.03125 0.0498046875
0 0.474609375 0.185546875 0.021484375 0.033203125
0 0.3134765625 0.5234375 0.0234375 0.0498046875
0 0.9697265625 0.1337890625 0.0439453125 0.072265625
0 0.955078125 0.189453125 0.037109375 0.064453125
0 0.875 0.05859375 0.068359375 0.1142578125
0 0.703125 0.4072265625 0.044921875 0.0830078125
0 0.943359375 0.5126953125 0.0439453125 0.0751953125
0 0.974609375 0.8359375 0.0390625 0.068359375
0 0.7490234375 0.8447265625 0.0361328125 0.064453125
0 0.755859375 0.9013671875 0.0341796875 0.0498046875
0 0.7939453125 0.556640625 0.134765625 0.21875
0 0.6953125 0.54296875 0.072265625 0.119140625
0 0.689453125 0.712890625 0.078125 0.125
0 0.6181640625 0.0322265625 0.0419921875 0.064453125
0 0.333984375 0.62890625 0.021484375 0.0439453125
0 0.931640625 0.896484375 0.0205078125 0.0361328125
0 0.5078125 0.4248046875 0.021484375 0.0390625
0 0.638671875 0.74609375 0.021484375 0.0361328125
0 0.083984375 0.076171875 0.0283203125 0.0546875
0 0.099609375 0.017578125 0.0390625 0.03515625
0 0.076171875 0.0166015625 0.0205078125 0.029296875
0 0.0517578125 0.0498046875 0.021484375 0.0283203125
0 0.0498046875 0.021484375 0.0234375 0.029296875
0 0.0654296875 0.0322265625 0.021484375 0.0361328125
0 0.068359375 0.158203125 0.017578125 0.033203125
0 0.0322265625 0.146484375 0.017578125 0.029296875
0 0.0361328125 0.056640625 0.0234375 0.033203125