0 0.2958984375 0.13671875 0.0517578125 0.0732421875
0 0.2021484375 0.3505859375 0.068359375 0.095703125
0 0.2021484375 0.2412109375 0.162109375 0.2294921875
0 0.142578125 0.3271484375 0.119140625 0.1611328125
0 0.5205078125 0.2373046875 0.0888671875 0.123046875
0 0.5986328125 0.3408203125 0.0595703125 0.0859375
0 0.4404296875 0.4404296875 0.173828125 0.2421875
0 0.228515625 0.6513671875 0.0888671875 0.123046875
0 0.3466796875 0.6611328125 0.146484375 0.2158203125
0 0.43359375 0.8603515625 0.0498046875 0.078125
0 0.74609375 0.2177734375 0.087890625 0.1298828125
0 0.732421875 0.623046875 0.1201171875 0.1767578125
0 0.57421875 0.61328125 0.2841796875 0.4111328125
0 0.759765625 0.814453125 0.0859375 0.1171875
0 0.8125 0.1865234375 0.1376953125 0.193359375
0 0.875 0.0390625 0.0498046875 0.0654296875