0 0.8388671875 0.1611328125 0.048828125 0.0859375
0 0.7607421875 0.041015625 0.046875 0.072265625
0 0.6416015625 0.0673828125 0.0888671875 0.1171875
0 0.861328125 0.376953125 0.103515625 0.1455078125
0 0.904296875 0.5849609375 0.060546875 0.083984375
0 0.8505859375 0.708984375 0.0419921875 0.064453125
0 0.8125 0.7236328125 0.0439453125 0.0703125
0 0.828125 0.826171875 0.033203125 0.0419921875
0 0.861328125 0.861328125 0.0517578125 0.0703125
0 0.7392578125 0.900390625 0.056640625 0.0908203125
0 0.662109375 0.7841796875 0.056640625 0.078125
0 0.35546875 0.0654296875 0.0673828125 0.0986328125
0 0.3857421875 0.1171875 0.0390625 0.048828125
0 0.5419921875 0.1455078125 0.078125 0.09375
0 0.4443359375 0.029296875 0.060546875 0.05859375
0 0.431640625 0.2353515625 0.0859375 0.1171875
0 0.689453125 0.4384765625 0.033203125 0.0419921875
0 0.7236328125 0.263671875 0.0283203125 0.041015625
0 0.671875 0.3359375 0.0859375 0.146484375
0 0.8056640625 0.501953125 0.060546875 0.0986328125
0 0.7080078125 0.486328125 0.0517578125 0.0673828125
0 0.9853515625 0.5888671875 0.029296875 0.095703125
0 0.5732421875 0.896484375 0.0419921875 0.0654296875
0 0.1982421875 0.416015625 0.0673828125 0.103515625
0 0.0771484375 0.572265625 0.0595703125 0.0908203125
0 0.0654296875 0.8310546875 0.087890625 0.1298828125
0 0.1708984375 0.857421875 0.052734375 0.0654296875
0 0.1669921875 0.765625 0.0908203125 0.130859375
0 0.17578125 0.6259765625 0.076171875 0.1220703125
0 0.2568359375 0.490234375 0.0283203125 0.0341796875
0 0.2578125 0.7470703125 0.0419921875 0.0625
0 0.2734375 0.693359375 0.0263671875 0.0390625
0 0.392578125 0.4345703125 0.025390625 0.0361328125
0 0.416015625 0.4091796875 0.0390625 0.048828125
0 0.462890625 0.59765625 0.0419921875 0.072265625
0 0.392578125 0.5224609375 0.0263671875 0.0419921875
0 0.298828125 0.669921875 0.021484375 0.0390625
0 0.3203125 0.673828125 0.029296875 0.0341796875
0 0.3798828125 0.6923828125 0.025390625 0.0419921875
0 0.3701171875 0.666015625 0.0205078125 0.0263671875
0 0.3564453125 0.6162109375 0.015625 0.0234375
0 0.3798828125 0.646484375 0.0205078125 0.0341796875
0 0.388671875 0.6162109375 0.0185546875 0.029296875
0 0.3984375 0.693359375 0.017578125 0.029296875
0 0.3935546875 0.7763671875 0.017578125 0.0283203125
0 0.4287109375 0.740234375 0.029296875 0.046875
0 0.4140625 0.7021484375 0.015625 0.0234375
0 0.431640625 0.7041015625 0.0234375 0.0341796875
0 0.427734375 0.673828125 0.0234375 0.033203125
0 0.4501953125 0.681640625 0.0234375 0.029296875
0 0.470703125 0.712890625 0.041015625 0.046875
0 0.470703125 0.68359375 0.0234375 0.0341796875
0 0.517578125 0.2529296875 0.033203125 0.0390625
0 0.53515625 0.2080078125 0.0283203125 0.033203125
0 0.5849609375 0.203125 0.0263671875 0.0341796875
0 0.611328125 0.220703125 0.029296875 0.037109375
0 0.486328125 0.3876953125 0.037109375 0.0419921875
0 0.4951171875 0.419921875 0.0185546875 0.029296875
0 0.517578125 0.396484375 0.029296875 0.0361328125
0 0.505859375 0.3388671875 0.017578125 0.0341796875
0 0.5244140625 0.3447265625 0.029296875 0.048828125
0 0.373046875 0.916015625 0.0390625 0.0517578125
0 0.384765625 0.953125 0.033203125 0.048828125
0 0.416015625 0.96875 0.0390625 0.0517578125
0 0.408203125 0.9326171875 0.0234375 0.033203125
0 0.4375 0.9833984375 0.0283203125 0.033203125
0 0.4345703125 0.939453125 0.033203125 0.046875
0 0.455078125 0.9638671875 0.0390625 0.0517578125
0 0.455078125 0.4677734375 0.0234375 0.0341796875
0 0.275390625 0.189453125 0.0390625 0.0654296875
0 0.4951171875 0.736328125 0.0419921875 0.0576171875
0 0.517578125 0.6943359375 0.037109375 0.056640625
0 0.548828125 0.67578125 0.0283203125 0.0390625
0 0.560546875 0.58203125 0.0263671875 0.037109375
0 0.607421875 0.6220703125 0.029296875 0.046875
0 0.521484375 0.599609375 0.0498046875 0.0625
0 0.529296875 0.568359375 0.029296875 0.0361328125
0 0.623046875 0.48046875 0.0341796875 0.0419921875
0 0.611328125 0.4521484375 0.0263671875 0.0390625
0 0.5830078125 0.5244140625 0.0283203125 0.037109375
0 0.6044921875 0.5712890625 0.0439453125 0.0546875
0 0.5625 0.8447265625 0.0234375 0.0361328125
0 0.5888671875 0.837890625 0.025390625 0.046875
0 0.5498046875 0.7880859375 0.0205078125 0.029296875
0 0.541015625 0.7607421875 0.0205078125 0.029296875
0 0.455078125 0.75 0.03125 0.0439453125
0 0.4677734375 0.880859375 0.0361328125 0.0546875
0 0.431640625 0.8994140625 0.0361328125 0.046875
0 0.439453125 0.869140625 0.0234375 0.0419921875
0 0.455078125 0.8447265625 0.0234375 0.0390625
0 0.4814453125 0.83203125 0.0361328125 0.0625
0 0.40234375 0.8359375 0.0234375 0.0341796875