0 0.8349609375 0.15234375 0.0498046875 0.0888671875
0 0.75390625 0.0341796875 0.048828125 0.068359375
0 0.6357421875 0.064453125 0.0908203125 0.119140625
0 0.8603515625 0.3671875 0.1044921875 0.146484375
0 0.90625 0.5751953125 0.0625 0.0859375
0 0.853515625 0.7021484375 0.0419921875 0.0625
0 0.814453125 0.7158203125 0.044921875 0.0703125
0 0.83203125 0.8173828125 0.0341796875 0.0439453125
0 0.8671875 0.8525390625 0.0517578125 0.072265625
0 0.744140625 0.89453125 0.0576171875 0.091796875
0 0.666015625 0.779296875 0.0576171875 0.0810546875
0 0.3505859375 0.0693359375 0.068359375 0.0986328125
0 0.3818359375 0.12109375 0.0390625 0.0517578125
0 0.5390625 0.142578125 0.080078125 0.095703125
0 0.439453125 0.033203125 0.060546875 0.0625
0 0.4296875 0.236328125 0.0859375 0.119140625
0 0.689453125 0.43359375 0.0341796875 0.0439453125
0 0.7216796875 0.2587890625 0.0283203125 0.0419921875
0 0.669921875 0.33203125 0.0859375 0.1484375
0 0.806640625 0.494140625 0.0625 0.0986328125
0 0.7080078125 0.48046875 0.0517578125 0.0703125
0 0.9853515625 0.5751953125 0.029296875 0.095703125
0 0.5791015625 0.8955078125 0.0419921875 0.0673828125
0 0.197265625 0.4248046875 0.068359375 0.1044921875
0 0.0791015625 0.5849609375 0.060546875 0.0908203125
0 0.0703125 0.8427734375 0.0888671875 0.130859375
0 0.1767578125 0.8662109375 0.052734375 0.0654296875
0 0.169921875 0.7744140625 0.091796875 0.1328125
0 0.177734375 0.634765625 0.078125 0.123046875
0 0.2578125 0.4970703125 0.0283203125 0.0361328125
0 0.2607421875 0.7529296875 0.0419921875 0.0625
0 0.275390625 0.69921875 0.0263671875 0.0390625
0 0.392578125 0.4384765625 0.025390625 0.037109375
0 0.4140625 0.4111328125 0.0390625 0.0517578125
0 0.46484375 0.599609375 0.0419921875 0.072265625
0 0.392578125 0.5263671875 0.0263671875 0.0419921875
0 0.30078125 0.677734375 0.021484375 0.0390625
0 0.3232421875 0.6787109375 0.029296875 0.0361328125
0 0.3828125 0.6953125 0.025390625 0.0439453125
0 0.373046875 0.6689453125 0.0205078125 0.0263671875
0 0.357421875 0.619140625 0.015625 0.0234375
0 0.3828125 0.650390625 0.0205078125 0.0341796875
0 0.3896484375 0.619140625 0.0205078125 0.029296875
0 0.4013671875 0.6953125 0.017578125 0.033203125
0 0.3974609375 0.779296875 0.017578125 0.0283203125
0 0.431640625 0.7421875 0.03125 0.046875
0 0.416015625 0.705078125 0.015625 0.025390625
0 0.43359375 0.7060546875 0.0234375 0.0341796875
0 0.4306640625 0.6748046875 0.0234375 0.03125
0 0.451171875 0.68359375 0.0234375 0.029296875
0 0.4736328125 0.7138671875 0.0419921875 0.046875
0 0.4736328125 0.6845703125 0.025390625 0.0361328125
0 0.5146484375 0.251953125 0.033203125 0.0390625
0 0.533203125 0.2080078125 0.0283203125 0.033203125
0 0.5810546875 0.2021484375 0.0283203125 0.0341796875
0 0.609375 0.216796875 0.03125 0.037109375
0 0.4853515625 0.388671875 0.037109375 0.0439453125
0 0.494140625 0.419921875 0.0185546875 0.033203125
0 0.515625 0.396484375 0.03125 0.0361328125
0 0.50390625 0.3388671875 0.017578125 0.0341796875
0 0.5234375 0.34375 0.03125 0.0517578125
0 0.3779296875 0.919921875 0.0390625 0.052734375
0 0.3916015625 0.95703125 0.033203125 0.048828125
0 0.4208984375 0.9716796875 0.041015625 0.052734375
0 0.4140625 0.935546875 0.025390625 0.033203125
0 0.4423828125 0.9833984375 0.0283203125 0.033203125
0 0.439453125 0.9404296875 0.0341796875 0.046875
0 0.4619140625 0.9658203125 0.0390625 0.0517578125
0 0.455078125 0.470703125 0.0234375 0.0341796875
0 0.271484375 0.1953125 0.041015625 0.0654296875
0 0.498046875 0.7373046875 0.0419921875 0.0595703125
0 0.5205078125 0.6943359375 0.037109375 0.056640625
0 0.5498046875 0.6748046875 0.0283203125 0.0390625
0 0.5625 0.580078125 0.0283203125 0.037109375
0 0.609375 0.619140625 0.03125 0.046875
0 0.5234375 0.599609375 0.0517578125 0.064453125
0 0.5302734375 0.568359375 0.03125 0.0361328125
0 0.623046875 0.4775390625 0.0341796875 0.0419921875
0 0.611328125 0.44921875 0.0263671875 0.0419921875
0 0.583984375 0.5224609375 0.0283203125 0.037109375
0 0.60546875 0.5693359375 0.0439453125 0.056640625
0 0.5673828125 0.8427734375 0.0234375 0.037109375
0 0.59375 0.8359375 0.025390625 0.046875
0 0.5537109375 0.787109375 0.0205078125 0.033203125
0 0.544921875 0.7607421875 0.0205078125 0.03125
0 0.458984375 0.7509765625 0.03125 0.044921875
0 0.47265625 0.8818359375 0.037109375 0.056640625
0 0.435546875 0.9013671875 0.037109375 0.046875
0 0.443359375 0.8720703125 0.025390625 0.0439453125
0 0.458984375 0.845703125 0.025390625 0.0419921875
0 0.4853515625 0.833984375 0.037109375 0.064453125
0 0.4072265625 0.8388671875 0.0234375 0.0341796875