0 0.388671875 0.177734375 0.0439453125 0.060546875
0 0.408203125 0.1103515625 0.033203125 0.0439453125
0 0.49609375 0.15625 0.041015625 0.052734375
0 0.7763671875 0.291015625 0.046875 0.0703125
0 0.7138671875 0.43359375 0.0185546875 0.0341796875
0 0.712890625 0.41015625 0.025390625 0.029296875
0 0.734375 0.380859375 0.029296875 0.041015625
0 0.7919921875 0.568359375 0.0263671875 0.044921875
0 0.2236328125 0.2763671875 0.0205078125 0.0263671875
0 0.15625 0.3896484375 0.0263671875 0.0361328125
0 0.2138671875 0.470703125 0.025390625 0.0390625
0 0.7841796875 0.7578125 0.025390625 0.0234375
0 0.826171875 0.7490234375 0.0361328125 0.0576171875
0 0.7822265625 0.732421875 0.0234375 0.0283203125
0 0.1806640625 0.56640625 0.013671875 0.0283203125
0 0.19921875 0.6630859375 0.0263671875 0.0341796875
0 0.2236328125 0.751953125 0.0263671875 0.037109375
0 0.2548828125 0.697265625 0.025390625 0.0361328125
0 0.419921875 0.4638671875 0.0185546875 0.0283203125
0 0.4423828125 0.466796875 0.0341796875 0.0283203125
0 0.45703125 0.4345703125 0.0185546875 0.0283203125
0 0.466796875 0.4716796875 0.0205078125 0.0283203125
0 0.4140625 0.22265625 0.029296875 0.044921875
0 0.4423828125 0.216796875 0.0439453125 0.080078125
0 0.45703125 0.2470703125 0.015625 0.0234375
0 0.47265625 0.228515625 0.0361328125 0.0576171875
0 0.427734375 0.541015625 0.0205078125 0.0283203125
0 0.5078125 0.4052734375 0.0185546875 0.0185546875
0 0.509765625 0.392578125 0.0126953125 0.0107421875
0 0.537109375 0.3486328125 0.0234375 0.0283203125
0 0.5830078125 0.279296875 0.0205078125 0.033203125
0 0.5888671875 0.3408203125 0.0263671875 0.0234375
0 0.599609375 0.2919921875 0.0185546875 0.0234375
0 0.607421875 0.1953125 0.0205078125 0.0263671875
0 0.615234375 0.154296875 0.0205078125 0.0283203125
0 0.646484375 0.1943359375 0.017578125 0.0205078125
0 0.2919921875 0.873046875 0.037109375 0.052734375
0 0.3720703125 0.9150390625 0.03125 0.0419921875
0 0.4326171875 0.92578125 0.0283203125 0.0341796875
0 0.4951171875 0.890625 0.0234375 0.033203125
0 0.5390625 0.8974609375 0.0234375 0.0361328125
0 0.6015625 0.9248046875 0.017578125 0.0234375
0 0.60546875 0.904296875 0.021484375 0.0283203125
0 0.7236328125 0.111328125 0.017578125 0.0283203125
0 0.759765625 0.169921875 0.0498046875 0.046875
0 0.7421875 0.1279296875 0.0263671875 0.0263671875
0 0.7783203125 0.0478515625 0.0185546875 0.03125
0 0.7607421875 0.0205078125 0.0185546875 0.025390625
0 0.791015625 0.193359375 0.017578125 0.0234375
0 0.7978515625 0.150390625 0.015625 0.0205078125
0 0.7939453125 0.1337890625 0.0107421875 0.013671875
0 0.810546875 0.146484375 0.015625 0.0234375
0 0.8076171875 0.109375 0.0185546875 0.0283203125
0 0.837890625 0.142578125 0.0283203125 0.033203125
0 0.6396484375 0.63671875 0.015625 0.0205078125
0 0.6474609375 0.6142578125 0.015625 0.029296875
0 0.6552734375 0.4072265625 0.0205078125 0.029296875
0 0.732421875 0.462890625 0.0126953125 0.0234375
0 0.7333984375 0.4375 0.0234375 0.0283203125
0 0.6630859375 0.740234375 0.0234375 0.033203125
0 0.7060546875 0.716796875 0.025390625 0.033203125
0 0.720703125 0.890625 0.017578125 0.033203125
0 0.7373046875 0.8779296875 0.0341796875 0.048828125
0 0.744140625 0.8544921875 0.017578125 0.025390625
0 0.71875 0.970703125 0.017578125 0.0283203125
0 0.7548828125 0.9365234375 0.015625 0.0234375
0 0.6123046875 0.830078125 0.0263671875 0.037109375
0 0.615234375 0.8056640625 0.033203125 0.0283203125
0 0.599609375 0.8046875 0.017578125 0.029296875
0 0.6083984375 0.7841796875 0.015625 0.0234375
0 0.6259765625 0.779296875 0.0234375 0.0419921875
0 0.7109375 0.6103515625 0.03125 0.0546875
0 0.69921875 0.583984375 0.0205078125 0.0263671875
0 0.7265625 0.62890625 0.017578125 0.025390625
0 0.6669921875 0.666015625 0.017578125 0.0263671875
0 0.67578125 0.642578125 0.025390625 0.0283203125
0 0.681640625 0.6689453125 0.015625 0.029296875
0 0.9013671875 0.7861328125 0.015625 0.0234375
0 0.9013671875 0.759765625 0.0263671875 0.029296875
0 0.9140625 0.783203125 0.0234375 0.029296875
0 0.9287109375 0.802734375 0.021484375 0.033203125
0 0.927734375 0.7783203125 0.015625 0.0234375
0 0.763671875 0.4375 0.013671875 0.0263671875
0 0.779296875 0.4423828125 0.0283203125 0.033203125
0 0.7734375 0.419921875 0.0185546875 0.033203125
0 0.85546875 0.3828125 0.0234375 0.044921875
0 0.8779296875 0.3837890625 0.029296875 0.0439453125
0 0.787109375 0.455078125 0.0205078125 0.0263671875
0 0.5576171875 0.1865234375 0.0126953125 0.021484375
0 0.8701171875 0.5673828125 0.0107421875 0.0205078125
0 0.904296875 0.5517578125 0.017578125 0.0234375
0 0.552734375 0.447265625 0.0234375 0.033203125
0 0.525390625 0.40234375 0.0205078125 0.0283203125
0 0.6484375 0.5927734375 0.021484375 0.0263671875
0 0.7158203125 0.193359375 0.0185546875 0.033203125
0 0.798828125 0.208984375 0.015625 0.0185546875
0 0.5361328125 0.517578125 0.025390625 0.033203125
0 0.5322265625 0.501953125 0.0107421875 0.0205078125
0 0.826171875 0.50390625 0.0234375 0.0361328125
0 0.93359375 0.6181640625 0.0263671875 0.03125
0 0.3857421875 0.78125 0.029296875 0.0283203125
0 0.388671875 0.7529296875 0.0234375 0.0234375
0 0.4267578125 0.822265625 0.015625 0.0205078125
0 0.4267578125 0.8076171875 0.0234375 0.0205078125
0 0.447265625 0.798828125 0.0234375 0.0263671875
0 0.46875 0.798828125 0.0283203125 0.0185546875
0 0.4658203125 0.818359375 0.025390625 0.0234375
0 0.4267578125 0.7861328125 0.015625 0.0234375
0 0.4384765625 0.7783203125 0.0185546875 0.0234375
0 0.4580078125 0.7822265625 0.03125 0.029296875
0 0.466796875 0.7548828125 0.021484375 0.0234375
0 0.466796875 0.7275390625 0.017578125 0.0205078125
0 0.4853515625 0.802734375 0.0185546875 0.033203125
0 0.478515625 0.779296875 0.0263671875 0.025390625
0 0.4765625 0.759765625 0.0234375 0.025390625
0 0.4736328125 0.7109375 0.015625 0.0185546875
0 0.486328125 0.734375 0.025390625 0.025390625
0 0.4951171875 0.7724609375 0.0185546875 0.0283203125
0 0.4970703125 0.751953125 0.021484375 0.0234375
0 0.4921875 0.712890625 0.0234375 0.0263671875
0 0.5048828125 0.734375 0.0185546875 0.029296875
0 0.5126953125 0.7783203125 0.015625 0.029296875
0 0.51171875 0.7548828125 0.015625 0.0234375
0 0.5078125 0.7255859375 0.0205078125 0.0185546875
0 0.5234375 0.7578125 0.013671875 0.0205078125
0 0.587890625 0.767578125 0.0361328125 0.0361328125
0 0.556640625 0.56640625 0.017578125 0.0263671875
0 0.5634765625 0.6259765625 0.0205078125 0.0283203125
0 0.568359375 0.603515625 0.0234375 0.0234375
0 0.572265625 0.5771484375 0.0263671875 0.029296875
0 0.4306640625 0.3876953125 0.0234375 0.03125
0 0.427734375 0.3662109375 0.0185546875 0.03125
0 0.419921875 0.34375 0.0185546875 0.0283203125
0 0.435546875 0.3369140625 0.0205078125 0.029296875
0 0.451171875 0.369140625 0.0185546875 0.0390625
0 0.451171875 0.3154296875 0.0234375 0.0234375
0 0.4697265625 0.37109375 0.025390625 0.0283203125
0 0.466796875 0.3408203125 0.0205078125 0.0283203125
0 0.4619140625 0.302734375 0.0205078125 0.0234375
0 0.4921875 0.333984375 0.03125 0.0263671875
0 0.4833984375 0.306640625 0.025390625 0.0234375
0 0.3515625 0.5947265625 0.0263671875 0.037109375
0 0.4208984375 0.6650390625 0.0185546875 0.0234375
0 0.431640625 0.6513671875 0.021484375 0.0185546875
0 0.4423828125 0.6474609375 0.017578125 0.0234375
0 0.431640625 0.626953125 0.017578125 0.0185546875
0 0.435546875 0.5244140625 0.017578125 0.0205078125
0 0.4873046875 0.6494140625 0.0234375 0.0205078125
0 0.4794921875 0.6162109375 0.0185546875 0.0283203125
0 0.505859375 0.642578125 0.0234375 0.0205078125
0 0.5 0.623046875 0.0234375 0.0185546875
0 0.494140625 0.6025390625 0.0205078125 0.0234375
0 0.3896484375 0.4677734375 0.021484375 0.0234375
0 0.404296875 0.462890625 0.017578125 0.0263671875
0 0.40234375 0.4404296875 0.0185546875 0.0283203125
0 0.982421875 0.517578125 0.0283203125 0.0390625