0 0.6962890625 0.509765625 0.0546875 0.064453125
0 0.5859375 0.5859375 0.041015625 0.044921875
0 0.5595703125 0.541015625 0.044921875 0.052734375
0 0.783203125 0.5224609375 0.0234375 0.0283203125
0 0.765625 0.5078125 0.0263671875 0.03125
0 0.68359375 0.578125 0.046875 0.056640625
0 0.849609375 0.544921875 0.0205078125 0.0234375
0 0.83984375 0.490234375 0.017578125 0.0234375
0 0.841796875 0.5 0.0185546875 0.025390625
0 0.828125 0.5908203125 0.0234375 0.0283203125
0 0.525390625 0.580078125 0.0263671875 0.03125
0 0.4912109375 0.5341796875 0.044921875 0.046875
0 0.423828125 0.462890625 0.021484375 0.033203125
0 0.404296875 0.537109375 0.044921875 0.048828125
0 0.4033203125 0.5859375 0.0283203125 0.037109375
0 0.375 0.5986328125 0.0283203125 0.037109375
0 0.365234375 0.595703125 0.0283203125 0.033203125
0 0.2919921875 0.546875 0.0390625 0.044921875
0 0.2763671875 0.6005859375 0.0419921875 0.046875
0 0.2734375 0.552734375 0.0390625 0.0498046875
0 0.2353515625 0.5263671875 0.033203125 0.037109375
0 0.212890625 0.591796875 0.041015625 0.044921875
0 0.203125 0.54296875 0.0361328125 0.037109375
0 0.173828125 0.5947265625 0.0361328125 0.041015625
0 0.1162109375 0.580078125 0.0234375 0.025390625
0 0.1201171875 0.548828125 0.029296875 0.037109375
0 0.048828125 0.599609375 0.029296875 0.037109375
0 0.0263671875 0.5634765625 0.025390625 0.025390625
0 0.0341796875 0.546875 0.0205078125 0.0234375
0 0.0302734375 0.578125 0.0205078125 0.0283203125