0 0.267578125 0.1748046875 0.056640625 0.0830078125
0 0.19140625 0.404296875 0.076171875 0.1064453125
0 0.18359375 0.2978515625 0.181640625 0.255859375
0 0.1298828125 0.392578125 0.130859375 0.1796875
0 0.498046875 0.236328125 0.0986328125 0.138671875
0 0.583984375 0.3251953125 0.0673828125 0.095703125
0 0.435546875 0.451171875 0.1923828125 0.271484375
0 0.244140625 0.7001953125 0.099609375 0.138671875
0 0.361328125 0.685546875 0.1640625 0.240234375
0 0.4638671875 0.8701171875 0.056640625 0.0859375
0 0.720703125 0.1767578125 0.0986328125 0.1435546875
0 0.7412109375 0.5810546875 0.134765625 0.1953125
0 0.583984375 0.599609375 0.3173828125 0.4580078125
0 0.7841796875 0.767578125 0.095703125 0.1328125
0 0.7841796875 0.134765625 0.1513671875 0.216796875