0 0.6962890625 0.509765625 0.0546875 0.064453125
0 0.5869140625 0.5869140625 0.0390625 0.044921875
0 0.5595703125 0.541015625 0.044921875 0.052734375
0 0.783203125 0.5224609375 0.0234375 0.0283203125
0 0.7666015625 0.5087890625 0.0263671875 0.03125
0 0.68359375 0.580078125 0.046875 0.056640625
0 0.849609375 0.544921875 0.0205078125 0.0234375
0 0.83984375 0.490234375 0.017578125 0.0234375
0 0.841796875 0.501953125 0.0185546875 0.025390625
0 0.828125 0.5908203125 0.0234375 0.0283203125
0 0.5263671875 0.58203125 0.0263671875 0.03125
0 0.4921875 0.53515625 0.044921875 0.048828125
0 0.423828125 0.462890625 0.021484375 0.033203125
0 0.4052734375 0.537109375 0.044921875 0.048828125
0 0.404296875 0.5859375 0.0283203125 0.037109375
0 0.3759765625 0.5986328125 0.0283203125 0.037109375
0 0.365234375 0.595703125 0.0283203125 0.033203125
0 0.29296875 0.546875 0.041015625 0.044921875
0 0.27734375 0.6005859375 0.0419921875 0.046875
0 0.2744140625 0.5537109375 0.0390625 0.0498046875
0 0.236328125 0.52734375 0.033203125 0.037109375
0 0.212890625 0.591796875 0.041015625 0.044921875
0 0.2041015625 0.54296875 0.0361328125 0.037109375
0 0.173828125 0.5947265625 0.0361328125 0.041015625
0 0.1162109375 0.58203125 0.0234375 0.025390625
0 0.1201171875 0.5498046875 0.029296875 0.037109375
0 0.0498046875 0.6005859375 0.029296875 0.037109375
0 0.02734375 0.564453125 0.025390625 0.025390625
0 0.03515625 0.5478515625 0.0205078125 0.0234375
0 0.0322265625 0.578125 0.0205078125 0.0283203125