0 0.4111328125 0.162109375 0.046875 0.0654296875
0 0.435546875 0.0986328125 0.0361328125 0.048828125
0 0.5205078125 0.1572265625 0.0439453125 0.060546875
0 0.7890625 0.333984375 0.052734375 0.078125
0 0.716796875 0.466796875 0.0205078125 0.037109375
0 0.716796875 0.443359375 0.0263671875 0.0341796875
0 0.7412109375 0.41796875 0.033203125 0.044921875
0 0.7861328125 0.61328125 0.029296875 0.048828125
0 0.240234375 0.234375 0.0234375 0.0283203125
0 0.166015625 0.3359375 0.029296875 0.0390625
0 0.2177734375 0.42578125 0.0283203125 0.0439453125
0 0.7646484375 0.80078125 0.0263671875 0.0263671875
0 0.806640625 0.798828125 0.041015625 0.064453125
0 0.763671875 0.775390625 0.025390625 0.029296875
0 0.177734375 0.517578125 0.017578125 0.029296875
0 0.189453125 0.615234375 0.029296875 0.037109375
0 0.2080078125 0.70703125 0.029296875 0.0419921875
0 0.2421875 0.658203125 0.0283203125 0.0390625
0 0.423828125 0.4521484375 0.021484375 0.033203125
0 0.4443359375 0.458984375 0.0361328125 0.0341796875
0 0.4609375 0.427734375 0.021484375 0.029296875
0 0.470703125 0.466796875 0.0234375 0.029296875
0 0.4345703125 0.2109375 0.03125 0.048828125
0 0.4619140625 0.208984375 0.048828125 0.083984375
0 0.474609375 0.2412109375 0.017578125 0.0234375
0 0.4912109375 0.2255859375 0.041015625 0.0625
0 0.4248046875 0.529296875 0.0234375 0.029296875
0 0.513671875 0.4072265625 0.0205078125 0.0234375
0 0.517578125 0.39453125 0.0126953125 0.013671875
0 0.5478515625 0.3544921875 0.0234375 0.03125
0 0.59765625 0.29296875 0.0234375 0.0361328125
0 0.599609375 0.35546875 0.0283203125 0.0263671875
0 0.6142578125 0.3076171875 0.0205078125 0.0283203125
0 0.6279296875 0.2138671875 0.0234375 0.029296875
0 0.638671875 0.1748046875 0.0234375 0.029296875
0 0.6669921875 0.21875 0.0185546875 0.0234375
0 0.267578125 0.837890625 0.041015625 0.0576171875
0 0.3427734375 0.892578125 0.0341796875 0.044921875
0 0.404296875 0.9140625 0.029296875 0.0390625
0 0.4677734375 0.8876953125 0.025390625 0.0361328125
0 0.5107421875 0.9013671875 0.0263671875 0.0390625
0 0.5703125 0.939453125 0.0185546875 0.025390625
0 0.576171875 0.91796875 0.0234375 0.033203125
0 0.75 0.1494140625 0.0185546875 0.029296875
0 0.78125 0.2119140625 0.052734375 0.0546875
0 0.767578125 0.1689453125 0.0283203125 0.029296875
0 0.8076171875 0.09375 0.0205078125 0.0341796875
0 0.7919921875 0.064453125 0.0205078125 0.0283203125
0 0.810546875 0.240234375 0.0185546875 0.025390625
0 0.8203125 0.1982421875 0.017578125 0.0234375
0 0.8173828125 0.181640625 0.0107421875 0.017578125
0 0.833984375 0.197265625 0.017578125 0.025390625
0 0.8330078125 0.16015625 0.0205078125 0.033203125
0 0.861328125 0.1982421875 0.029296875 0.037109375
0 0.6298828125 0.6572265625 0.017578125 0.0234375
0 0.638671875 0.63671875 0.0185546875 0.0341796875
0 0.6611328125 0.4326171875 0.0234375 0.0341796875
0 0.7333984375 0.4990234375 0.013671875 0.025390625
0 0.736328125 0.4736328125 0.025390625 0.033203125
0 0.6455078125 0.7646484375 0.025390625 0.0361328125
0 0.689453125 0.748046875 0.0263671875 0.0361328125
0 0.6923828125 0.923828125 0.0185546875 0.0361328125
0 0.7099609375 0.9140625 0.037109375 0.0546875
0 0.7177734375 0.8916015625 0.0205078125 0.0263671875
0 0.6845703125 0.9921875 0.0185546875 0.015625
0 0.72265625 0.9736328125 0.017578125 0.0263671875
0 0.5888671875 0.845703125 0.0283203125 0.0419921875
0 0.5927734375 0.8212890625 0.0341796875 0.0341796875
0 0.5791015625 0.818359375 0.0185546875 0.033203125
0 0.587890625 0.7998046875 0.017578125 0.0263671875
0 0.60546875 0.796875 0.0263671875 0.044921875
0 0.701171875 0.642578125 0.0361328125 0.0576171875
0 0.6923828125 0.6142578125 0.0205078125 0.029296875
0 0.7158203125 0.6640625 0.0205078125 0.0263671875
0 0.654296875 0.6923828125 0.0185546875 0.0283203125
0 0.6640625 0.6689453125 0.0263671875 0.03125
0 0.66796875 0.6953125 0.017578125 0.0341796875
0 0.8798828125 0.845703125 0.017578125 0.0263671875
0 0.880859375 0.822265625 0.0283203125 0.0341796875
0 0.892578125 0.845703125 0.0234375 0.0341796875
0 0.904296875 0.8681640625 0.0234375 0.0361328125
0 0.90625 0.84375 0.017578125 0.025390625
0 0.7666015625 0.478515625 0.015625 0.0283203125
0 0.78125 0.486328125 0.029296875 0.0361328125
0 0.77734375 0.462890625 0.021484375 0.0361328125
0 0.861328125 0.439453125 0.0283203125 0.048828125
0 0.8837890625 0.443359375 0.033203125 0.046875
0 0.7890625 0.5 0.0234375 0.029296875
0 0.580078125 0.197265625 0.013671875 0.025390625
0 0.8642578125 0.6240234375 0.0126953125 0.0234375
0 0.8984375 0.6142578125 0.017578125 0.0234375
0 0.556640625 0.4560546875 0.025390625 0.0361328125
0 0.53125 0.4072265625 0.0234375 0.029296875
0 0.640625 0.6162109375 0.0234375 0.029296875
0 0.736328125 0.2275390625 0.0205078125 0.0341796875
0 0.818359375 0.2587890625 0.017578125 0.0205078125
0 0.5341796875 0.5224609375 0.0283203125 0.0361328125
0 0.53125 0.5078125 0.0126953125 0.0234375
0 0.8232421875 0.5546875 0.025390625 0.037109375
0 0.923828125 0.685546875 0.029296875 0.0361328125
0 0.3662109375 0.7607421875 0.033203125 0.0341796875
0 0.373046875 0.734375 0.0263671875 0.0283203125
0 0.404296875 0.8095703125 0.017578125 0.0234375
0 0.4052734375 0.794921875 0.025390625 0.025390625
0 0.4267578125 0.7890625 0.025390625 0.029296875
0 0.4482421875 0.7919921875 0.029296875 0.0234375
0 0.443359375 0.8115234375 0.0263671875 0.0263671875
0 0.408203125 0.7724609375 0.015625 0.0234375
0 0.4189453125 0.767578125 0.0205078125 0.0263671875
0 0.439453125 0.7734375 0.0341796875 0.0361328125
0 0.4482421875 0.748046875 0.0234375 0.0283203125
0 0.451171875 0.720703125 0.017578125 0.0234375
0 0.4638671875 0.798828125 0.021484375 0.0361328125
0 0.458984375 0.7744140625 0.0283203125 0.029296875
0 0.458984375 0.755859375 0.025390625 0.0283203125
0 0.458984375 0.7060546875 0.017578125 0.0205078125
0 0.4697265625 0.7314453125 0.0263671875 0.0283203125
0 0.4765625 0.7705078125 0.0205078125 0.03125
0 0.4794921875 0.75 0.0234375 0.025390625
0 0.4765625 0.708984375 0.025390625 0.029296875
0 0.4892578125 0.734375 0.021484375 0.0341796875
0 0.4931640625 0.7783203125 0.017578125 0.03125
0 0.494140625 0.7548828125 0.017578125 0.0263671875
0 0.4921875 0.7255859375 0.021484375 0.0234375
0 0.5048828125 0.759765625 0.015625 0.0234375
0 0.568359375 0.779296875 0.0390625 0.0419921875
0 0.5517578125 0.5751953125 0.0185546875 0.0283203125
0 0.5546875 0.634765625 0.0234375 0.033203125
0 0.560546875 0.6142578125 0.025390625 0.0234375
0 0.56640625 0.5888671875 0.029296875 0.0341796875
0 0.439453125 0.376953125 0.025390625 0.0361328125
0 0.4375 0.35546875 0.021484375 0.0361328125
0 0.431640625 0.3310546875 0.0205078125 0.029296875
0 0.4482421875 0.3291015625 0.0234375 0.0341796875
0 0.4609375 0.36328125 0.0234375 0.0439453125
0 0.4638671875 0.3095703125 0.0234375 0.0283203125
0 0.478515625 0.3662109375 0.0263671875 0.03125
0 0.478515625 0.3359375 0.0234375 0.033203125
0 0.4765625 0.2978515625 0.021484375 0.0283203125
0 0.50390625 0.333984375 0.033203125 0.03125
0 0.498046875 0.306640625 0.0263671875 0.0263671875
0 0.345703125 0.5712890625 0.029296875 0.0419921875
0 0.41015625 0.6513671875 0.0205078125 0.0263671875
0 0.421875 0.640625 0.0234375 0.0234375
0 0.4326171875 0.6376953125 0.017578125 0.0283203125
0 0.423828125 0.615234375 0.017578125 0.0234375
0 0.435546875 0.513671875 0.0185546875 0.0234375
0 0.4765625 0.646484375 0.025390625 0.025390625
0 0.47265625 0.6123046875 0.021484375 0.03125
0 0.49609375 0.642578125 0.0234375 0.025390625
0 0.4912109375 0.623046875 0.025390625 0.0234375
0 0.486328125 0.599609375 0.021484375 0.0263671875
0 0.392578125 0.451171875 0.0234375 0.025390625
0 0.408203125 0.4482421875 0.0205078125 0.029296875
0 0.408203125 0.42578125 0.0205078125 0.029296875
0 0.978515625 0.5927734375 0.03125 0.0439453125