0 0.3076171875 0.5556640625 0.0517578125 0.0498046875
0 0.423828125 0.60546875 0.037109375 0.037109375
0 0.4453125 0.552734375 0.041015625 0.0439453125
0 0.22265625 0.5888671875 0.0205078125 0.0234375
0 0.23828125 0.5703125 0.0234375 0.0234375
0 0.326171875 0.619140625 0.0439453125 0.044921875
0 0.16015625 0.626953125 0.0185546875 0.0205078125
0 0.1630859375 0.5703125 0.013671875 0.0205078125
0 0.162109375 0.580078125 0.017578125 0.0234375
0 0.185546875 0.666015625 0.0205078125 0.0234375
0 0.482421875 0.5869140625 0.025390625 0.025390625
0 0.51171875 0.53125 0.041015625 0.041015625
0 0.572265625 0.4443359375 0.0205078125 0.03125
0 0.59765625 0.513671875 0.0419921875 0.037109375
0 0.603515625 0.5615234375 0.025390625 0.033203125
0 0.6337890625 0.568359375 0.0263671875 0.03125
0 0.642578125 0.5634765625 0.0263671875 0.0283203125
0 0.7099609375 0.498046875 0.0361328125 0.037109375
0 0.73046875 0.546875 0.0390625 0.041015625
0 0.728515625 0.498046875 0.0361328125 0.0439453125
0 0.763671875 0.462890625 0.0283203125 0.03125
0 0.79296875 0.5244140625 0.037109375 0.0361328125
0 0.7978515625 0.470703125 0.033203125 0.03125
0 0.83203125 0.5166015625 0.033203125 0.033203125
0 0.88671875 0.48828125 0.021484375 0.0205078125
0 0.8798828125 0.458984375 0.0263671875 0.033203125
0 0.955078125 0.4912109375 0.0283203125 0.03125
0 0.9736328125 0.4501953125 0.0234375 0.0205078125
0 0.96484375 0.435546875 0.0185546875 0.0185546875
0 0.9716796875 0.466796875 0.0185546875 0.0234375