0 0.742500 0.418539 0.017500 0.031835
0 0.642500 0.767790 0.025000 0.029963
0 0.838125 0.606742 0.023750 0.029963
0 0.266250 0.832397 0.030000 0.031835
0 0.448750 0.764045 0.037500 0.026217
0 0.482500 0.719101 0.027500 0.029963
0 0.653750 0.435393 0.037500 0.028090
0 0.413125 0.163858 0.033750 0.043071
0 0.777500 0.475655 0.032500 0.063670
0 0.660000 0.685393 0.040000 0.059925
0 0.723125 0.455056 0.038750 0.059925
0 0.703125 0.911049 0.046250 0.054307
0 0.788125 0.336142 0.041250 0.058052
0 0.873750 0.440075 0.047500 0.052434
0 0.698125 0.646067 0.051250 0.082397
0 0.586250 0.807116 0.082500 0.086142
0 0.466250 0.211610 0.080000 0.074906
0 0.468750 0.344569 0.085000 0.116105
0 0.764375 0.816479 0.153750 0.101124
