0 0.1357421875 0.2255859375 0.056640625 0.095703125
0 0.2041015625 0.091796875 0.052734375 0.080078125
0 0.32421875 0.095703125 0.0986328125 0.130859375
0 0.130859375 0.443359375 0.1142578125 0.1611328125
0 0.1044921875 0.6591796875 0.0673828125 0.095703125
0 0.169921875 0.7724609375 0.046875 0.0703125
0 0.2080078125 0.779296875 0.0498046875 0.080078125
0 0.201171875 0.8837890625 0.0361328125 0.046875
0 0.169921875 0.9248046875 0.056640625 0.080078125
0 0.294921875 0.939453125 0.064453125 0.1015625
0 0.3623046875 0.8115234375 0.0625 0.0908203125
0 0.607421875 0.0478515625 0.0751953125 0.095703125
0 0.5830078125 0.0986328125 0.0419921875 0.056640625
0 0.4287109375 0.1552734375 0.0859375 0.107421875
0 0.5166015625 0.029296875 0.0654296875 0.0576171875
0 0.5458984375 0.224609375 0.09375 0.1298828125
0 0.306640625 0.4736328125 0.0361328125 0.046875
0 0.2578125 0.306640625 0.033203125 0.044921875
0 0.3154296875 0.369140625 0.0966796875 0.1591796875
0 0.197265625 0.5576171875 0.068359375 0.1064453125
0 0.2919921875 0.5244140625 0.056640625 0.076171875
0 0.0244140625 0.677734375 0.0361328125 0.0986328125
0 0.458984375 0.908203125 0.046875 0.0732421875
0 0.79296875 0.3623046875 0.0751953125 0.1142578125
0 0.92578125 0.4951171875 0.0654296875 0.099609375
0 0.9541015625 0.748046875 0.091796875 0.1455078125
0 0.85546875 0.7939453125 0.056640625 0.0732421875
0 0.8515625 0.703125 0.099609375 0.146484375
0 0.8330078125 0.5654296875 0.0859375 0.1357421875
0 0.740234375 0.4453125 0.029296875 0.0390625
0 0.7607421875 0.7001953125 0.046875 0.0703125
0 0.740234375 0.650390625 0.0283203125 0.0439453125
0 0.6015625 0.4150390625 0.0283203125 0.0419921875
0 0.576171875 0.39453125 0.0419921875 0.056640625
0 0.544921875 0.58984375 0.046875 0.076171875
0 0.607421875 0.5029296875 0.0283203125 0.044921875
0 0.7138671875 0.6318359375 0.0234375 0.0439453125
0 0.6923828125 0.640625 0.03125 0.0390625
0 0.634765625 0.6689453125 0.0283203125 0.046875
0 0.642578125 0.640625 0.0234375 0.029296875
0 0.6513671875 0.5888671875 0.015625 0.0234375
0 0.630859375 0.623046875 0.0234375 0.037109375
0 0.6201171875 0.5947265625 0.0205078125 0.0341796875
0 0.6162109375 0.673828125 0.0205078125 0.0341796875
0 0.6279296875 0.7548828125 0.0185546875 0.029296875
0 0.5908203125 0.7255859375 0.0341796875 0.0517578125
0 0.6015625 0.6845703125 0.017578125 0.0263671875
0 0.5849609375 0.689453125 0.025390625 0.037109375
0 0.5849609375 0.658203125 0.0263671875 0.0361328125
0 0.564453125 0.6708984375 0.025390625 0.0341796875
0 0.546875 0.7060546875 0.0439453125 0.0546875
0 0.5439453125 0.67578125 0.0283203125 0.037109375
0 0.462890625 0.2578125 0.0361328125 0.044921875
0 0.44140625 0.216796875 0.029296875 0.037109375
0 0.392578125 0.220703125 0.029296875 0.037109375
0 0.3662109375 0.2421875 0.0341796875 0.0439453125
0 0.5048828125 0.3857421875 0.0390625 0.048828125
0 0.498046875 0.419921875 0.0205078125 0.0341796875
0 0.474609375 0.400390625 0.033203125 0.041015625
0 0.4814453125 0.341796875 0.0205078125 0.037109375
0 0.462890625 0.349609375 0.0341796875 0.0546875
0 0.66015625 0.8896484375 0.0419921875 0.0576171875
0 0.650390625 0.9287109375 0.0361328125 0.0546875
0 0.6220703125 0.9501953125 0.0439453125 0.0576171875
0 0.6259765625 0.9130859375 0.0263671875 0.0361328125
0 0.6005859375 0.96875 0.029296875 0.037109375
0 0.6015625 0.923828125 0.0361328125 0.052734375
0 0.58203125 0.9521484375 0.0419921875 0.056640625
0 0.5419921875 0.4609375 0.0263671875 0.037109375
0 0.697265625 0.150390625 0.044921875 0.072265625
0 0.5234375 0.7353515625 0.044921875 0.0654296875
0 0.498046875 0.697265625 0.0419921875 0.0625
0 0.466796875 0.68359375 0.029296875 0.0439453125
0 0.4462890625 0.5927734375 0.029296875 0.0439453125
0 0.40234375 0.6416015625 0.0341796875 0.0517578125
0 0.486328125 0.603515625 0.0546875 0.072265625
0 0.4765625 0.57421875 0.033203125 0.0419921875
0 0.376953125 0.5029296875 0.0361328125 0.046875
0 0.384765625 0.47265625 0.029296875 0.044921875
0 0.419921875 0.5390625 0.03125 0.0439453125
0 0.4013671875 0.58984375 0.048828125 0.0625
0 0.4658203125 0.853515625 0.0263671875 0.0419921875
0 0.439453125 0.8525390625 0.029296875 0.0517578125
0 0.4736328125 0.794921875 0.0234375 0.0341796875
0 0.4794921875 0.767578125 0.0234375 0.0341796875
0 0.564453125 0.740234375 0.0361328125 0.048828125
0 0.5625 0.873046875 0.0419921875 0.0625
0 0.599609375 0.8828125 0.041015625 0.052734375
0 0.5908203125 0.85546875 0.0283203125 0.046875
0 0.5732421875 0.833984375 0.0283203125 0.0439453125
0 0.544921875 0.826171875 0.0419921875 0.0703125
0 0.623046875 0.8154296875 0.025390625 0.037109375