0 0.474609375 0.2958984375 0.037109375 0.0576171875
0 0.4384765625 0.1982421875 0.0263671875 0.0390625
0 0.3212890625 0.58203125 0.0283203125 0.0576171875
0 0.916015625 0.017578125 0.05078125 0.03515625
0 0.912109375 0.0517578125 0.0439453125 0.0751953125
0 0.689453125 0.3447265625 0.0546875 0.0966796875
0 0.935546875 0.373046875 0.0498046875 0.0888671875
0 0.9892578125 0.677734375 0.021484375 0.078125
0 0.7861328125 0.7587890625 0.0439453125 0.0751953125
0 0.796875 0.81640625 0.0390625 0.060546875
0 0.7958984375 0.4638671875 0.158203125 0.2578125
0 0.6982421875 0.48046875 0.083984375 0.138671875
0 0.7109375 0.6484375 0.0908203125 0.146484375
0 0.5615234375 0.01953125 0.046875 0.0390625
0 0.3525390625 0.6806640625 0.0263671875 0.046875
0 0.970703125 0.751953125 0.0234375 0.0390625
0 0.4990234375 0.4267578125 0.0263671875 0.046875
0 0.6640625 0.7001953125 0.0234375 0.0439453125
0 0.044921875 0.216796875 0.033203125 0.060546875
0 0.052734375 0.1513671875 0.0419921875 0.044921875
0 0.0283203125 0.158203125 0.021484375 0.033203125
0 0.009765625 0.1962890625 0.0185546875 0.0361328125
0 0.0078125 0.1708984375 0.015625 0.0361328125
0 0.0205078125 0.1767578125 0.0234375 0.0390625
0 0.037109375 0.3037109375 0.021484375 0.0361328125
0 0.0048828125 0.298828125 0.009765625 0.03125