0 0.3876953125 0.177734375 0.0439453125 0.0595703125
0 0.408203125 0.111328125 0.033203125 0.0439453125
0 0.49609375 0.15625 0.041015625 0.052734375
0 0.7763671875 0.2900390625 0.048828125 0.0703125
0 0.712890625 0.4326171875 0.0205078125 0.0341796875
0 0.712890625 0.41015625 0.025390625 0.03125
0 0.7333984375 0.3798828125 0.029296875 0.041015625
0 0.79296875 0.5693359375 0.0263671875 0.0439453125
0 0.224609375 0.27734375 0.0205078125 0.0263671875
0 0.1572265625 0.388671875 0.025390625 0.0361328125
0 0.21484375 0.470703125 0.025390625 0.0390625
0 0.78515625 0.7568359375 0.025390625 0.0234375
0 0.826171875 0.75 0.037109375 0.0576171875
0 0.78125 0.732421875 0.0234375 0.0283203125
0 0.1806640625 0.56640625 0.015625 0.0283203125
0 0.19921875 0.662109375 0.0263671875 0.033203125
0 0.22265625 0.7529296875 0.0263671875 0.037109375
0 0.2548828125 0.697265625 0.025390625 0.0361328125
0 0.4208984375 0.4638671875 0.0205078125 0.029296875
0 0.4423828125 0.466796875 0.0341796875 0.0283203125
0 0.45703125 0.435546875 0.0205078125 0.0283203125
0 0.4677734375 0.47265625 0.0205078125 0.0283203125
0 0.4140625 0.22265625 0.029296875 0.044921875
0 0.44140625 0.216796875 0.0439453125 0.078125
0 0.4560546875 0.2470703125 0.015625 0.021484375
0 0.47265625 0.228515625 0.0361328125 0.0576171875
0 0.427734375 0.541015625 0.0205078125 0.0283203125
0 0.5068359375 0.404296875 0.0205078125 0.0205078125
0 0.509765625 0.3916015625 0.0126953125 0.0126953125
0 0.537109375 0.34765625 0.021484375 0.029296875
0 0.5830078125 0.279296875 0.0205078125 0.033203125
0 0.5888671875 0.3408203125 0.0263671875 0.021484375
0 0.599609375 0.291015625 0.0205078125 0.0234375
0 0.607421875 0.197265625 0.0205078125 0.0263671875
0 0.6162109375 0.154296875 0.0205078125 0.0283203125
0 0.6474609375 0.193359375 0.017578125 0.0205078125
0 0.291015625 0.873046875 0.037109375 0.052734375
0 0.3720703125 0.916015625 0.03125 0.041015625
0 0.4326171875 0.92578125 0.0283203125 0.0341796875
0 0.4951171875 0.890625 0.0234375 0.033203125
0 0.5400390625 0.8984375 0.0234375 0.0361328125
0 0.6005859375 0.9248046875 0.017578125 0.021484375
0 0.60546875 0.904296875 0.021484375 0.029296875
0 0.7236328125 0.111328125 0.017578125 0.0283203125
0 0.759765625 0.169921875 0.0498046875 0.046875
0 0.7431640625 0.12890625 0.0263671875 0.0263671875
0 0.7783203125 0.0478515625 0.0185546875 0.03125
0 0.7607421875 0.021484375 0.0205078125 0.025390625
0 0.791015625 0.1943359375 0.017578125 0.021484375
0 0.796875 0.150390625 0.013671875 0.0205078125
0 0.7939453125 0.134765625 0.0107421875 0.013671875
0 0.8115234375 0.1455078125 0.015625 0.021484375
0 0.806640625 0.1103515625 0.0185546875 0.029296875
0 0.837890625 0.1435546875 0.0283203125 0.033203125
0 0.640625 0.6357421875 0.015625 0.0205078125
0 0.646484375 0.615234375 0.017578125 0.03125
0 0.6552734375 0.4072265625 0.021484375 0.03125
0 0.732421875 0.462890625 0.0126953125 0.0234375
0 0.734375 0.4375 0.0234375 0.029296875
0 0.662109375 0.740234375 0.0234375 0.03125
0 0.7060546875 0.716796875 0.025390625 0.033203125
0 0.720703125 0.890625 0.017578125 0.033203125
0 0.73828125 0.87890625 0.0341796875 0.0498046875
0 0.744140625 0.8544921875 0.0185546875 0.025390625
0 0.71875 0.9697265625 0.017578125 0.029296875
0 0.75390625 0.9365234375 0.015625 0.0234375
0 0.6123046875 0.8310546875 0.0263671875 0.037109375
0 0.615234375 0.8046875 0.033203125 0.029296875
0 0.599609375 0.802734375 0.017578125 0.029296875
0 0.609375 0.783203125 0.017578125 0.025390625
0 0.6259765625 0.779296875 0.0234375 0.041015625
0 0.7109375 0.611328125 0.033203125 0.0546875
0 0.7001953125 0.583984375 0.0205078125 0.0283203125
0 0.7265625 0.630859375 0.0185546875 0.025390625
0 0.6669921875 0.666015625 0.017578125 0.0263671875
0 0.6748046875 0.6416015625 0.025390625 0.0283203125
0 0.681640625 0.6689453125 0.015625 0.03125
0 0.9013671875 0.78515625 0.015625 0.0234375
0 0.9013671875 0.7607421875 0.0263671875 0.03125
0 0.9130859375 0.783203125 0.021484375 0.029296875
0 0.927734375 0.802734375 0.021484375 0.03125
0 0.927734375 0.779296875 0.013671875 0.021484375
0 0.7626953125 0.435546875 0.0126953125 0.0263671875
0 0.779296875 0.443359375 0.0283203125 0.03125
0 0.7734375 0.4189453125 0.0205078125 0.033203125
0 0.85546875 0.3837890625 0.025390625 0.044921875
0 0.876953125 0.384765625 0.029296875 0.0439453125
0 0.787109375 0.455078125 0.0205078125 0.0263671875
0 0.55859375 0.185546875 0.0126953125 0.0234375
0 0.8701171875 0.56640625 0.0107421875 0.0205078125
0 0.904296875 0.5498046875 0.017578125 0.021484375
0 0.552734375 0.4482421875 0.0234375 0.03125
0 0.525390625 0.4033203125 0.0205078125 0.0283203125
0 0.6474609375 0.59375 0.0205078125 0.0263671875
0 0.7158203125 0.19140625 0.0205078125 0.03125
0 0.798828125 0.208984375 0.015625 0.0185546875
0 0.5361328125 0.517578125 0.025390625 0.03125
0 0.5322265625 0.501953125 0.0107421875 0.0205078125
0 0.8251953125 0.5048828125 0.0234375 0.0361328125
0 0.93359375 0.619140625 0.0263671875 0.03125
0 0.384765625 0.7802734375 0.03125 0.0283203125
0 0.3896484375 0.751953125 0.025390625 0.025390625
0 0.42578125 0.822265625 0.013671875 0.0205078125
0 0.4267578125 0.8076171875 0.0234375 0.0205078125
0 0.447265625 0.7998046875 0.0234375 0.0263671875
0 0.46875 0.7978515625 0.0283203125 0.0205078125
0 0.46484375 0.818359375 0.025390625 0.0234375
0 0.4267578125 0.7861328125 0.015625 0.021484375
0 0.4384765625 0.7783203125 0.0185546875 0.0234375
0 0.4580078125 0.78125 0.03125 0.029296875
0 0.466796875 0.75390625 0.021484375 0.025390625
0 0.466796875 0.7275390625 0.017578125 0.0205078125
0 0.484375 0.802734375 0.0205078125 0.033203125
0 0.478515625 0.779296875 0.0263671875 0.025390625
0 0.4765625 0.7607421875 0.0234375 0.0234375
0 0.474609375 0.7119140625 0.015625 0.0205078125
0 0.4853515625 0.7333984375 0.025390625 0.025390625
0 0.4951171875 0.7724609375 0.0185546875 0.0283203125
0 0.4970703125 0.751953125 0.021484375 0.021484375
0 0.4912109375 0.7119140625 0.0234375 0.0263671875
0 0.5048828125 0.734375 0.0205078125 0.029296875
0 0.5126953125 0.77734375 0.015625 0.029296875
0 0.51171875 0.75390625 0.015625 0.025390625
0 0.5078125 0.724609375 0.0205078125 0.0205078125
0 0.5234375 0.7568359375 0.013671875 0.0205078125
0 0.587890625 0.7685546875 0.0361328125 0.0361328125
0 0.556640625 0.5673828125 0.017578125 0.0263671875
0 0.5634765625 0.625 0.021484375 0.029296875
0 0.568359375 0.6044921875 0.0234375 0.021484375
0 0.572265625 0.5791015625 0.0263671875 0.029296875
0 0.4296875 0.388671875 0.0234375 0.033203125
0 0.427734375 0.3662109375 0.0205078125 0.033203125
0 0.419921875 0.34375 0.0185546875 0.0283203125
0 0.435546875 0.337890625 0.0205078125 0.029296875
0 0.451171875 0.3701171875 0.0205078125 0.0390625
0 0.4501953125 0.3154296875 0.0234375 0.025390625
0 0.470703125 0.3701171875 0.025390625 0.029296875
0 0.466796875 0.3408203125 0.0205078125 0.029296875
0 0.462890625 0.302734375 0.0205078125 0.025390625
0 0.4921875 0.3349609375 0.03125 0.0263671875
0 0.4833984375 0.306640625 0.025390625 0.0234375
0 0.349609375 0.595703125 0.025390625 0.037109375
0 0.421875 0.6650390625 0.0185546875 0.0234375
0 0.431640625 0.6513671875 0.021484375 0.0205078125
0 0.443359375 0.6474609375 0.017578125 0.025390625
0 0.431640625 0.626953125 0.017578125 0.0205078125
0 0.4365234375 0.5234375 0.0185546875 0.0205078125
0 0.486328125 0.6484375 0.025390625 0.0205078125
0 0.4794921875 0.615234375 0.0205078125 0.0283203125
0 0.505859375 0.6416015625 0.0234375 0.0205078125
0 0.5009765625 0.6240234375 0.0234375 0.0205078125
0 0.494140625 0.6015625 0.0205078125 0.0234375
0 0.3896484375 0.4677734375 0.021484375 0.021484375
0 0.4052734375 0.462890625 0.0185546875 0.0263671875
0 0.4033203125 0.4404296875 0.0185546875 0.0283203125
0 0.9814453125 0.517578125 0.0283203125 0.0390625