0 0.6904296875 0.5654296875 0.0517578125 0.052734375
0 0.5732421875 0.609375 0.0361328125 0.041015625
0 0.552734375 0.556640625 0.0419921875 0.044921875
0 0.775390625 0.6044921875 0.021484375 0.025390625
0 0.759765625 0.583984375 0.025390625 0.025390625
0 0.669921875 0.6279296875 0.0439453125 0.046875
0 0.837890625 0.64453125 0.0185546875 0.0205078125
0 0.8349609375 0.587890625 0.015625 0.0205078125
0 0.8359375 0.5986328125 0.017578125 0.0234375
0 0.810546875 0.68359375 0.021484375 0.025390625
0 0.5146484375 0.5869140625 0.025390625 0.0283203125
0 0.4873046875 0.53125 0.0419921875 0.041015625
0 0.4287109375 0.4404296875 0.0205078125 0.03125
0 0.4013671875 0.5087890625 0.0439453125 0.041015625
0 0.39453125 0.556640625 0.025390625 0.033203125
0 0.365234375 0.5615234375 0.0263671875 0.033203125
0 0.3544921875 0.5556640625 0.0263671875 0.03125
0 0.2900390625 0.486328125 0.0390625 0.041015625
0 0.267578125 0.5341796875 0.0390625 0.0439453125
0 0.271484375 0.486328125 0.0361328125 0.0439453125
0 0.236328125 0.4501953125 0.029296875 0.033203125
0 0.205078125 0.5078125 0.0390625 0.037109375
0 0.203125 0.4560546875 0.0341796875 0.033203125
0 0.16796875 0.498046875 0.033203125 0.0361328125
0 0.11328125 0.46875 0.0234375 0.0205078125
0 0.12109375 0.4384765625 0.0283203125 0.033203125
0 0.044921875 0.466796875 0.0283203125 0.033203125
0 0.02734375 0.423828125 0.0234375 0.0234375
0 0.037109375 0.412109375 0.0185546875 0.0205078125
0 0.029296875 0.4423828125 0.017578125 0.025390625