0 0.501953125 0.2890625 0.03125 0.0498046875
0 0.525390625 0.1845703125 0.021484375 0.033203125
0 0.685546875 0.525390625 0.0234375 0.0498046875
0 0.029296875 0.1328125 0.0419921875 0.0732421875
0 0.044921875 0.189453125 0.037109375 0.0654296875
0 0.1259765625 0.060546875 0.0703125 0.1123046875
0 0.296875 0.4052734375 0.046875 0.0830078125
0 0.0556640625 0.5126953125 0.0419921875 0.076171875
0 0.025390625 0.833984375 0.0390625 0.068359375
0 0.25 0.845703125 0.037109375 0.0625
0 0.244140625 0.904296875 0.0341796875 0.0498046875
0 0.205078125 0.5595703125 0.134765625 0.21875
0 0.302734375 0.544921875 0.0703125 0.119140625
0 0.310546875 0.712890625 0.078125 0.126953125
0 0.3828125 0.0322265625 0.041015625 0.064453125
0 0.666015625 0.6279296875 0.0234375 0.0419921875
0 0.068359375 0.896484375 0.0205078125 0.0341796875
0 0.4921875 0.4267578125 0.021484375 0.0390625
0 0.3603515625 0.7470703125 0.021484375 0.037109375
0 0.916015625 0.076171875 0.0283203125 0.052734375
0 0.900390625 0.017578125 0.0390625 0.0341796875
0 0.9248046875 0.017578125 0.0185546875 0.0283203125
0 0.947265625 0.05078125 0.021484375 0.029296875
0 0.951171875 0.021484375 0.0234375 0.029296875
0 0.935546875 0.03125 0.021484375 0.0341796875
0 0.931640625 0.158203125 0.0185546875 0.03125
0 0.9677734375 0.146484375 0.017578125 0.029296875
0 0.9638671875 0.0595703125 0.0234375 0.033203125