0 0.013671875 0.580078125 0.02734375 0.0390625
0 0.0283203125 0.5517578125 0.0234375 0.0390625
0 0.1220703125 0.4912109375 0.03125 0.0361328125
0 0.142578125 0.4599609375 0.03125 0.029296875
0 0.060546875 0.638671875 0.0341796875 0.0439453125
0 0.0107421875 0.7451171875 0.021484375 0.0439453125
0 0.0947265625 0.720703125 0.041015625 0.0419921875
0 0.17578125 0.76171875 0.0576171875 0.0625
0 0.244140625 0.6748046875 0.1064453125 0.1064453125
0 0.2919921875 0.576171875 0.0341796875 0.0419921875
0 0.318359375 0.5205078125 0.072265625 0.0830078125
0 0.3837890625 0.4794921875 0.0361328125 0.0390625
0 0.341796875 0.611328125 0.029296875 0.0419921875
0 0.3603515625 0.6767578125 0.0283203125 0.0263671875
0 0.53125 0.6513671875 0.1923828125 0.2158203125
0 0.5087890625 0.525390625 0.0625 0.0625
0 0.380859375 0.6083984375 0.0390625 0.0390625
0 0.4267578125 0.6064453125 0.0263671875 0.0439453125
0 0.4443359375 0.6015625 0.021484375 0.029296875
0 0.48046875 0.58984375 0.0595703125 0.0625
0 0.6689453125 0.5234375 0.076171875 0.0830078125
0 0.703125 0.7177734375 0.046875 0.0439453125
0 0.7060546875 0.681640625 0.0498046875 0.052734375
0 0.783203125 0.482421875 0.0341796875 0.033203125
0 0.501953125 0.7451171875 0.03125 0.046875
0 0.658203125 0.76171875 0.0439453125 0.046875
0 0.798828125 0.603515625 0.046875 0.0498046875
0 0.7705078125 0.6982421875 0.0341796875 0.0390625
0 0.7412109375 0.646484375 0.0185546875 0.0234375
0 0.755859375 0.931640625 0.0419921875 0.0419921875
0 0.810546875 0.84375 0.0283203125 0.029296875
0 0.8330078125 0.7880859375 0.029296875 0.03125
0 0.94140625 0.5986328125 0.0341796875 0.0419921875
0 0.916015625 0.810546875 0.0419921875 0.0419921875
0 0.9365234375 0.849609375 0.0576171875 0.0595703125
0 0.8427734375 0.505859375 0.029296875 0.033203125
0 0.9501953125 0.5087890625 0.099609375 0.1767578125
0 0.9423828125 0.70703125 0.064453125 0.0654296875
0 0.548828125 0.970703125 0.048828125 0.0498046875
0 0.58203125 0.6650390625 0.0419921875 0.0703125