0 0.3046875 0.279296875 0.1513671875 0.203125
0 0.580078125 0.927734375 0.0517578125 0.0732421875
0 0.45703125 0.5078125 0.1796875 0.228515625
0 0.271484375 0.8876953125 0.2236328125 0.224609375
0 0.798828125 0.3974609375 0.1376953125 0.1923828125
0 0.056640625 0.2880859375 0.11328125 0.205078125
0 0.119140625 0.248046875 0.0703125 0.0654296875
0 0.150390625 0.2998046875 0.0908203125 0.1640625
0 0.513671875 0.107421875 0.0986328125 0.154296875
0 0.4345703125 0.0673828125 0.099609375 0.126953125
0 0.4443359375 0.1298828125 0.080078125 0.1142578125
0 0.83984375 0.625 0.171875 0.259765625
0 0.9365234375 0.2958984375 0.126953125 0.1923828125
0 0.931640625 0.626953125 0.015625 0.029296875
0 0.9375 0.611328125 0.013671875 0.0234375
0 0.955078125 0.6572265625 0.025390625 0.0283203125
0 0.96875 0.603515625 0.033203125 0.0390625
0 0.873046875 0.95703125 0.037109375 0.0546875
0 0.98828125 0.916015625 0.0234375 0.0576171875