0 0.1201171875 0.1650390625 0.1611328125 0.2314453125
0 0.197265625 0.330078125 0.076171875 0.109375
0 0.232421875 0.474609375 0.064453125 0.1015625
0 0.107421875 0.517578125 0.150390625 0.2265625
0 0.0595703125 0.765625 0.078125 0.1171875
0 0.115234375 0.9345703125 0.076171875 0.1171875
0 0.2109375 0.736328125 0.166015625 0.240234375
0 0.35546875 0.2216796875 0.2216796875 0.330078125
0 0.5224609375 0.1220703125 0.078125 0.119140625
0 0.5341796875 0.3583984375 0.109375 0.1669921875
0 0.3779296875 0.537109375 0.169921875 0.251953125
0 0.365234375 0.7705078125 0.1171875 0.1767578125
0 0.47265625 0.76953125 0.0625 0.095703125
0 0.3017578125 0.9287109375 0.080078125 0.126953125
0 0.716796875 0.0673828125 0.0654296875 0.095703125
0 0.66796875 0.216796875 0.103515625 0.1455078125
0 0.619140625 0.4306640625 0.0654296875 0.0966796875
0 0.57421875 0.6220703125 0.1513671875 0.2265625
0 0.470703125 0.9033203125 0.123046875 0.1796875
0 0.69140625 0.58203125 0.0673828125 0.091796875
0 0.708984375 0.734375 0.0751953125 0.119140625
0 0.611328125 0.8759765625 0.123046875 0.1845703125
0 0.7333984375 0.9052734375 0.0673828125 0.099609375
0 0.7802734375 0.4169921875 0.154296875 0.228515625
0 0.8740234375 0.1689453125 0.1357421875 0.203125
0 0.935546875 0.419921875 0.0888671875 0.126953125
0 0.8759765625 0.712890625 0.232421875 0.345703125
0 0.83203125 0.9423828125 0.078125 0.115234375
0 0.955078125 0.94140625 0.064453125 0.091796875