0 0.208984375 0.701171875 0.1796875 0.140625
0 0.193359375 0.560546875 0.3359375 0.2919921875
0 0.0615234375 0.751953125 0.123046875 0.197265625
0 0.1025390625 0.9140625 0.205078125 0.171875
0 0.193359375 0.8857421875 0.2783203125 0.203125
0 0.4169921875 0.8271484375 0.119140625 0.1015625
0 0.4326171875 0.7373046875 0.1513671875 0.09375
0 0.5400390625 0.7158203125 0.064453125 0.048828125
0 0.654296875 0.484375 0.2158203125 0.205078125
0 0.6103515625 0.5546875 0.197265625 0.15625
0 0.568359375 0.638671875 0.197265625 0.1669921875
0 0.673828125 0.6787109375 0.056640625 0.0830078125
0 0.685546875 0.6376953125 0.0751953125 0.0908203125
0 0.728515625 0.666015625 0.1015625 0.0859375
0 0.7451171875 0.6318359375 0.1064453125 0.0908203125
0 0.81640625 0.626953125 0.099609375 0.0888671875
0 0.880859375 0.619140625 0.064453125 0.0595703125
0 0.9404296875 0.6083984375 0.080078125 0.064453125
0 0.974609375 0.501953125 0.0498046875 0.060546875
0 0.9609375 0.470703125 0.0576171875 0.044921875
0 0.892578125 0.71484375 0.041015625 0.056640625
0 0.9033203125 0.6591796875 0.0517578125 0.046875
0 0.8603515625 0.6962890625 0.044921875 0.0419921875
0 0.94921875 0.662109375 0.048828125 0.0419921875
0 0.9404296875 0.7109375 0.0625 0.0595703125
0 0.958984375 0.68359375 0.0498046875 0.0361328125
0 0.984375 0.712890625 0.03125 0.046875
0 0.9853515625 0.67578125 0.029296875 0.033203125