0 0.786667 0.977667 0.063333 0.039702
0 0.446667 0.761787 0.050000 0.074442
0 0.753333 0.119107 0.053333 0.079404
0 0.236667 0.418114 0.053333 0.081886
0 0.693333 0.950372 0.050000 0.079404
0 0.681667 0.621588 0.053333 0.081886
0 0.623333 0.457816 0.056667 0.081886
0 0.214167 0.266749 0.065000 0.096774
0 0.038333 0.669975 0.063333 0.099256
0 0.556667 0.130273 0.066667 0.096774
0 0.076667 0.849876 0.063333 0.096774
0 0.684167 0.775434 0.065000 0.096774
0 0.261667 0.885856 0.066667 0.099256
0 0.936667 0.512407 0.070000 0.101737
0 0.690833 0.256824 0.088333 0.136476
0 0.545000 0.369727 0.093333 0.143921
0 0.340833 0.743176 0.105000 0.151365
0 0.432500 0.895782 0.108333 0.168734
0 0.575833 0.894541 0.108333 0.166253
0 0.901667 0.250620 0.113333 0.168734
0 0.110000 0.436725 0.133333 0.203474
0 0.562500 0.638958 0.135000 0.205955
0 0.784167 0.477667 0.135000 0.205955
0 0.155000 0.099256 0.136667 0.198511
0 0.189167 0.676179 0.148333 0.225806
0 0.374167 0.513648 0.151667 0.233251
0 0.382500 0.197270 0.208333 0.310174
0 0.851667 0.792804 0.216667 0.325062
