0 0.025390625 0.048828125 0.0234375 0.0966796875
0 0.095703125 0.099609375 0.171875 0.1982421875
0 0.126953125 0.2958984375 0.1669921875 0.2919921875
0 0.064453125 0.19921875 0.0341796875 0.0654296875
0 0.03125 0.2431640625 0.0576171875 0.296875
0 0.18359375 0.1591796875 0.03125 0.0751953125
0 0.25 0.248046875 0.125 0.1904296875
0 0.2109375 0.1689453125 0.0390625 0.044921875
0 0.244140625 0.0859375 0.15625 0.171875
0 0.3359375 0.1708984375 0.1015625 0.1767578125
0 0.326171875 0.0908203125 0.029296875 0.046875
0 0.34375 0.0625 0.046875 0.083984375
0 0.470703125 0.2451171875 0.224609375 0.408203125
0 0.39453125 0.0966796875 0.0654296875 0.115234375
0 0.369140625 0.052734375 0.029296875 0.046875
0 0.34375 0.0048828125 0.021484375 0.009765625
0 0.376953125 0.0166015625 0.048828125 0.033203125
0 0.20703125 0.4931640625 0.208984375 0.384765625
0 0.4140625 0.025390625 0.046875 0.05078125
0 0.435546875 0.0693359375 0.0390625 0.056640625
0 0.40625 0.5927734375 0.1201171875 0.259765625
0 0.423828125 0.447265625 0.037109375 0.080078125
0 0.3515625 0.3984375 0.15625 0.306640625
0 0.30859375 0.6181640625 0.1201171875 0.2216796875
0 0.365234375 0.759765625 0.091796875 0.1845703125
0 0.23828125 0.701171875 0.0732421875 0.111328125
0 0.291015625 0.7666015625 0.076171875 0.134765625
0 0.46875 0.689453125 0.0625 0.115234375
0 0.490234375 0.6435546875 0.0234375 0.0517578125
0 0.43359375 0.7548828125 0.060546875 0.115234375
0 0.4140625 0.888671875 0.130859375 0.21875
0 0.462890625 0.0458984375 0.037109375 0.060546875
0 0.4619140625 0.013671875 0.060546875 0.02734375
0 0.5009765625 0.037109375 0.0546875 0.0732421875
0 0.5390625 0.076171875 0.0419921875 0.0654296875
0 0.556640625 0.0322265625 0.0498046875 0.056640625
0 0.6328125 0.2822265625 0.1357421875 0.2314453125
0 0.58203125 0.185546875 0.0341796875 0.0751953125
0 0.630859375 0.1552734375 0.0390625 0.060546875
0 0.501953125 0.509765625 0.15625 0.287109375
0 0.5703125 0.3701171875 0.0419921875 0.060546875
0 0.564453125 0.67578125 0.1513671875 0.259765625
0 0.6015625 0.541015625 0.0625 0.0888671875
0 0.578125 0.4931640625 0.03125 0.060546875
0 0.490234375 0.826171875 0.1123046875 0.205078125
0 0.4873046875 0.953125 0.1064453125 0.09375
0 0.595703125 0.099609375 0.0888671875 0.1484375
0 0.59765625 0.0234375 0.0419921875 0.0283203125
0 0.623046875 0.0341796875 0.0390625 0.046875
0 0.71875 0.1416015625 0.1796875 0.25
0 0.646484375 0.05078125 0.0341796875 0.060546875
0 0.7265625 0.287109375 0.0703125 0.087890625
0 0.705078125 0.263671875 0.0439453125 0.056640625
0 0.607421875 0.44921875 0.0908203125 0.1435546875
0 0.669921875 0.646484375 0.0908203125 0.1953125
0 0.64453125 0.5439453125 0.0390625 0.0595703125
0 0.623046875 0.8310546875 0.171875 0.259765625
0 0.630859375 0.6923828125 0.0341796875 0.0751953125
0 0.681640625 0.7333984375 0.0439453125 0.0703125
0 0.53515625 0.92578125 0.0390625 0.0751953125
0 0.05859375 0.4677734375 0.1171875 0.2783203125
0 0.736328125 0.458984375 0.1767578125 0.2783203125
0 0.775390625 0.3193359375 0.0654296875 0.1015625
0 0.771484375 0.2568359375 0.0595703125 0.0703125
0 0.890625 0.5556640625 0.21875 0.435546875
0 0.826171875 0.3916015625 0.0654296875 0.0966796875
0 0.759765625 0.771484375 0.1513671875 0.2685546875
0 0.7421875 0.6201171875 0.0810546875 0.1064453125
0 0.814453125 0.689453125 0.060546875 0.1064453125
0 0.869140625 0.82421875 0.1015625 0.171875
0 0.837890625 0.736328125 0.0419921875 0.0751953125
0 0.712890625 0.9375 0.1015625 0.125
0 0.75390625 0.9033203125 0.03125 0.046875
0 0.908203125 0.9375 0.138671875 0.125
0 0.8671875 0.9140625 0.0546875 0.09375
0 0.630859375 0.9697265625 0.109375 0.060546875
0 0.892578125 0.224609375 0.0576171875 0.111328125
0 0.880859375 0.162109375 0.0234375 0.0517578125
0 0.896484375 0.1083984375 0.052734375 0.09375
0 0.82421875 0.2734375 0.109375 0.1953125
0 0.81640625 0.1484375 0.0263671875 0.056640625
0 0.830078125 0.1015625 0.0341796875 0.060546875
0 0.80859375 0.0625 0.044921875 0.056640625
0 0.845703125 0.1484375 0.0390625 0.0703125
0 0.857421875 0.0908203125 0.0341796875 0.0703125
0 0.861328125 0.1943359375 0.03125 0.0654296875
0 0.916015625 0.1572265625 0.0341796875 0.0517578125
0 0.884765625 0.3173828125 0.0498046875 0.0888671875
0 0.912109375 0.2734375 0.0234375 0.037109375
0 0.912109375 0.3583984375 0.0263671875 0.046875
0 0.953125 0.3173828125 0.09375 0.21875
0 0.9453125 0.1923828125 0.0498046875 0.083984375
0 0.93359375 0.1298828125 0.029296875 0.056640625
0 0.927734375 0.0810546875 0.037109375 0.056640625
0 0.953125 0.126953125 0.0234375 0.0419921875
0 0.962890625 0.0859375 0.0419921875 0.060546875
0 0.974609375 0.1572265625 0.0341796875 0.056640625
0 0.9853515625 0.203125 0.029296875 0.0751953125
0 0.9970703125 0.154296875 0.005859375 0.041015625
0 0.9921875 0.0966796875 0.015625 0.046875
0 0.98828125 0.0693359375 0.0234375 0.0283203125
0 0.951171875 0.833984375 0.078125 0.1611328125
0 0.8046875 0.916015625 0.109375 0.1669921875
0 0.791015625 0.98828125 0.1328125 0.0234375