0 0.1259765625 0.2783203125 0.083984375 0.1357421875
0 0.2509765625 0.125 0.0751953125 0.119140625
0 0.595703125 0.4951171875 0.076171875 0.1220703125
0 0.69140625 0.6220703125 0.0703125 0.1064453125
0 0.5888671875 0.66796875 0.0732421875 0.115234375
0 0.5322265625 0.630859375 0.103515625 0.1640625
0 0.470703125 0.712890625 0.0810546875 0.1279296875
0 0.384765625 0.62109375 0.0517578125 0.0810546875
0 0.3193359375 0.52734375 0.0576171875 0.091796875
0 0.31640625 0.255859375 0.1435546875 0.21875
0 0.345703125 0.3017578125 0.060546875 0.0908203125
0 0.41796875 0.384765625 0.076171875 0.1171875
0 0.228515625 0.302734375 0.0654296875 0.099609375
0 0.26953125 0.3115234375 0.068359375 0.1142578125
0 0.2451171875 0.259765625 0.0498046875 0.080078125
0 0.234375 0.4091796875 0.0703125 0.1123046875
0 0.244140625 0.419921875 0.0498046875 0.072265625
0 0.36328125 0.357421875 0.0732421875 0.109375
0 0.1572265625 0.66015625 0.0859375 0.1328125
0 0.1044921875 0.798828125 0.1767578125 0.287109375
0 0.2412109375 0.8076171875 0.1142578125 0.171875
0 0.33984375 0.9375 0.1376953125 0.125
0 0.720703125 0.833984375 0.0888671875 0.1357421875
0 0.73828125 0.7763671875 0.111328125 0.1796875
0 0.9638671875 0.56640625 0.072265625 0.177734375