0 0.802734375 0.654296875 0.189453125 0.1669921875
0 0.810546875 0.5126953125 0.353515625 0.34375
0 0.9423828125 0.6806640625 0.115234375 0.212890625
0 0.9072265625 0.849609375 0.185546875 0.203125
0 0.8330078125 0.8349609375 0.291015625 0.2451171875
0 0.60546875 0.8125 0.125 0.119140625
0 0.5830078125 0.7255859375 0.15625 0.1171875
0 0.4755859375 0.720703125 0.0673828125 0.0595703125
0 0.345703125 0.5078125 0.228515625 0.236328125
0 0.39453125 0.572265625 0.2060546875 0.185546875
0 0.4423828125 0.6474609375 0.2080078125 0.197265625
0 0.3388671875 0.705078125 0.0625 0.091796875
0 0.326171875 0.666015625 0.0810546875 0.1015625
0 0.2841796875 0.701171875 0.107421875 0.1015625
0 0.265625 0.669921875 0.1123046875 0.107421875
0 0.1943359375 0.67578125 0.1064453125 0.103515625
0 0.1298828125 0.677734375 0.068359375 0.0703125
0 0.068359375 0.6767578125 0.0830078125 0.0751953125
0 0.0283203125 0.5771484375 0.0546875 0.068359375
0 0.0400390625 0.5419921875 0.0595703125 0.0546875
0 0.123046875 0.775390625 0.044921875 0.0625
0 0.111328125 0.7216796875 0.052734375 0.0546875
0 0.1552734375 0.751953125 0.046875 0.048828125
0 0.064453125 0.732421875 0.0517578125 0.0498046875
0 0.076171875 0.779296875 0.0673828125 0.0673828125
0 0.0556640625 0.7548828125 0.052734375 0.0439453125
0 0.033203125 0.787109375 0.0341796875 0.0517578125
0 0.029296875 0.7509765625 0.03125 0.0361328125