0 0.1376953125 0.060546875 0.115234375 0.12109375
0 0.201171875 0.03125 0.0205078125 0.0390625
0 0.203125 0.087890625 0.0283203125 0.0419921875
0 0.142578125 0.119140625 0.025390625 0.0283203125
0 0.017578125 0.15234375 0.03125 0.1826171875
0 0.037109375 0.048828125 0.021484375 0.037109375
0 0.044921875 0.1630859375 0.03125 0.0595703125
0 0.548828125 0.470703125 0.189453125 0.3359375
0 0.6181640625 0.3154296875 0.0546875 0.0966796875
0 0.5673828125 0.50390625 0.0361328125 0.0732421875
0 0.439453125 0.619140625 0.044921875 0.083984375
0 0.3984375 0.646484375 0.0732421875 0.1435546875
0 0.33203125 0.8369140625 0.029296875 0.0654296875
0 0.4033203125 0.9052734375 0.0986328125 0.185546875
0 0.3681640625 0.822265625 0.0234375 0.044921875
0 0.33984375 0.8017578125 0.017578125 0.0283203125
0 0.28125 0.7958984375 0.1123046875 0.2080078125
0 0.24609375 0.7001953125 0.021484375 0.0341796875
0 0.1240234375 0.732421875 0.171875 0.310546875
0 0.1474609375 0.5380859375 0.013671875 0.03125
0 0.779296875 0.0791015625 0.0419921875 0.0703125
0 0.0419921875 0.7998046875 0.0205078125 0.0361328125
0 0.291015625 0.9619140625 0.025390625 0.056640625
0 0.5146484375 0.837890625 0.015625 0.03125
0 0.349609375 0.4755859375 0.072265625 0.1123046875
0 0.3349609375 0.423828125 0.09375 0.125
0 0.8427734375 0.5283203125 0.1015625 0.177734375
0 0.822265625 0.4365234375 0.017578125 0.0283203125
0 0.853515625 0.423828125 0.015625 0.03125
0 0.6474609375 0.5927734375 0.0439453125 0.0546875
0 0.90625 0.498046875 0.033203125 0.0419921875
0 0.8876953125 0.599609375 0.0126953125 0.0234375
0 0.904296875 0.58984375 0.0341796875 0.0625
0 0.869140625 0.455078125 0.0205078125 0.025390625
0 0.724609375 0.548828125 0.1484375 0.2626953125
0 0.681640625 0.4384765625 0.0263671875 0.0419921875
0 0.6767578125 0.412109375 0.03125 0.037109375
0 0.650390625 0.51953125 0.0517578125 0.0703125
0 0.8984375 0.072265625 0.1513671875 0.125
0 0.9697265625 0.4384765625 0.060546875 0.126953125
0 0.9736328125 0.748046875 0.0498046875 0.1640625
0 0.9697265625 0.6630859375 0.0595703125 0.1123046875
0 0.9912109375 0.587890625 0.015625 0.0673828125
0 0.9658203125 0.7314453125 0.0419921875 0.0732421875