0 0.009765625 0.0791015625 0.017578125 0.158203125
0 0.08203125 0.1318359375 0.1640625 0.21875
0 0.041015625 0.0185546875 0.029296875 0.037109375
0 0.119140625 0.3427734375 0.15625 0.2734375
0 0.0546875 0.251953125 0.03125 0.060546875
0 0.0234375 0.302734375 0.046875 0.2919921875
0 0.171875 0.19921875 0.029296875 0.0703125
0 0.240234375 0.2802734375 0.1171875 0.1767578125
0 0.197265625 0.2060546875 0.037109375 0.0419921875
0 0.228515625 0.0966796875 0.150390625 0.193359375
0 0.322265625 0.1923828125 0.095703125 0.1669921875
0 0.310546875 0.11328125 0.029296875 0.046875
0 0.326171875 0.0810546875 0.044921875 0.080078125
0 0.458984375 0.25 0.2109375 0.3798828125
0 0.37890625 0.111328125 0.060546875 0.1064453125
0 0.353515625 0.0693359375 0.025390625 0.0419921875
0 0.3251953125 0.013671875 0.017578125 0.02734375
0 0.357421875 0.0234375 0.048828125 0.046875
0 0.20703125 0.5283203125 0.1953125 0.361328125
0 0.396484375 0.0302734375 0.046875 0.060546875
0 0.419921875 0.0791015625 0.037109375 0.056640625
0 0.41015625 0.603515625 0.1123046875 0.2451171875
0 0.421875 0.4560546875 0.0341796875 0.0751953125
0 0.349609375 0.416015625 0.142578125 0.287109375
0 0.314453125 0.6435546875 0.111328125 0.2080078125
0 0.376953125 0.775390625 0.083984375 0.1767578125
0 0.24609375 0.7333984375 0.068359375 0.1015625
0 0.302734375 0.791015625 0.072265625 0.125
0 0.4765625 0.6943359375 0.0576171875 0.111328125
0 0.49609375 0.646484375 0.0234375 0.046875
0 0.443359375 0.763671875 0.0576171875 0.111328125
0 0.4287109375 0.8974609375 0.123046875 0.205078125
0 0.4453125 0.052734375 0.0341796875 0.056640625
0 0.443359375 0.0166015625 0.060546875 0.033203125
0 0.4833984375 0.037109375 0.0517578125 0.0732421875
0 0.5234375 0.072265625 0.0390625 0.060546875
0 0.5390625 0.025390625 0.046875 0.05078125
0 0.623046875 0.2666015625 0.1279296875 0.21875
0 0.568359375 0.17578125 0.03125 0.0703125
0 0.6171875 0.138671875 0.037109375 0.056640625
0 0.501953125 0.5068359375 0.1455078125 0.2685546875
0 0.564453125 0.361328125 0.0390625 0.0546875
0 0.5703125 0.6689453125 0.140625 0.240234375
0 0.603515625 0.5302734375 0.0595703125 0.078125
0 0.578125 0.4814453125 0.029296875 0.060546875
0 0.50390625 0.826171875 0.1044921875 0.1904296875
0 0.505859375 0.9580078125 0.1044921875 0.083984375
0 0.580078125 0.087890625 0.0830078125 0.138671875
0 0.578125 0.01171875 0.0419921875 0.0234375
0 0.603515625 0.021484375 0.0361328125 0.0419921875
0 0.705078125 0.11328125 0.171875 0.2265625
0 0.626953125 0.0341796875 0.03125 0.056640625
0 0.716796875 0.259765625 0.0673828125 0.080078125
0 0.693359375 0.23828125 0.0419921875 0.0517578125
0 0.60546875 0.435546875 0.0859375 0.1298828125
0 0.67578125 0.625 0.0859375 0.181640625
0 0.646484375 0.525390625 0.0390625 0.056640625
0 0.634765625 0.814453125 0.1640625 0.240234375
0 0.63671875 0.67578125 0.03125 0.0703125
0 0.69140625 0.7109375 0.0419921875 0.0654296875
0 0.552734375 0.9208984375 0.0361328125 0.0703125
0 0.056640625 0.525390625 0.1123046875 0.263671875
0 0.732421875 0.4306640625 0.1669921875 0.259765625
0 0.767578125 0.287109375 0.0595703125 0.09375
0 0.76171875 0.224609375 0.0576171875 0.0654296875
0 0.8955078125 0.5087890625 0.208984375 0.408203125
0 0.822265625 0.3515625 0.0625 0.0888671875
0 0.76953125 0.73828125 0.140625 0.2548828125
0 0.74609375 0.5908203125 0.076171875 0.0966796875
0 0.822265625 0.650390625 0.0546875 0.1015625
0 0.880859375 0.7783203125 0.09375 0.162109375
0 0.845703125 0.6923828125 0.0390625 0.0703125
0 0.732421875 0.927734375 0.0966796875 0.1435546875
0 0.767578125 0.8701171875 0.03125 0.046875
0 0.923828125 0.916015625 0.1328125 0.1669921875
0 0.8828125 0.8681640625 0.052734375 0.0888671875
0 0.6484375 0.96484375 0.109375 0.0703125
0 0.880859375 0.17578125 0.052734375 0.1064453125
0 0.8671875 0.115234375 0.021484375 0.0517578125
0 0.880859375 0.0625 0.0498046875 0.0888671875
0 0.814453125 0.2333984375 0.1015625 0.181640625
0 0.802734375 0.1083984375 0.0234375 0.0546875
0 0.814453125 0.060546875 0.03125 0.056640625
0 0.7900390625 0.025390625 0.044921875 0.05078125
0 0.830078125 0.103515625 0.037109375 0.068359375
0 0.841796875 0.0458984375 0.03125 0.0654296875
0 0.849609375 0.150390625 0.03125 0.060546875
0 0.900390625 0.1064453125 0.03125 0.046875
0 0.876953125 0.271484375 0.046875 0.083984375
0 0.900390625 0.2216796875 0.0234375 0.033203125
0 0.904296875 0.3076171875 0.0234375 0.046875
0 0.951171875 0.26171875 0.0966796875 0.205078125
0 0.931640625 0.13671875 0.046875 0.080078125
0 0.91796875 0.076171875 0.0263671875 0.0517578125
0 0.912109375 0.0283203125 0.037109375 0.056640625
0 0.9375 0.07421875 0.021484375 0.037109375
0 0.9453125 0.0283203125 0.0390625 0.056640625
0 0.9609375 0.099609375 0.03125 0.0517578125
0 0.98046875 0.146484375 0.0390625 0.0703125
0 0.9892578125 0.091796875 0.021484375 0.037109375
0 0.982421875 0.0390625 0.0234375 0.0419921875
0 0.970703125 0.01171875 0.0234375 0.0234375
0 0.990234375 0.01171875 0.0185546875 0.0234375
0 0.962890625 0.775390625 0.0732421875 0.1533203125
0 0.822265625 0.884765625 0.1015625 0.162109375
0 0.8095703125 0.9736328125 0.130859375 0.052734375
0 0.9775390625 0.970703125 0.044921875 0.0546875