0 0.298828125 0.298828125 0.158203125 0.21875
0 0.591796875 0.9189453125 0.0546875 0.078125
0 0.4580078125 0.5107421875 0.185546875 0.2451171875
0 0.283203125 0.8935546875 0.228515625 0.212890625
0 0.794921875 0.3671875 0.142578125 0.2060546875
0 0.056640625 0.333984375 0.1123046875 0.216796875
0 0.1123046875 0.287109375 0.0703125 0.072265625
0 0.1455078125 0.3359375 0.095703125 0.171875
0 0.5029296875 0.1064453125 0.1015625 0.1640625
0 0.4228515625 0.0751953125 0.103515625 0.1357421875
0 0.4345703125 0.1357421875 0.0830078125 0.1220703125
0 0.8427734375 0.5908203125 0.1767578125 0.2763671875
0 0.9306640625 0.251953125 0.130859375 0.205078125
0 0.93359375 0.5830078125 0.015625 0.03125
0 0.939453125 0.568359375 0.013671875 0.0234375
0 0.958984375 0.6103515625 0.025390625 0.029296875
0 0.970703125 0.556640625 0.033203125 0.0419921875
0 0.884765625 0.9189453125 0.037109375 0.0576171875
0 0.9931640625 0.865234375 0.013671875 0.0595703125