0 0.1611328125 0.17578125 0.0703125 0.1171875
0 0.302734375 0.060546875 0.0625 0.1044921875
0 0.595703125 0.521484375 0.0654296875 0.1064453125
0 0.671875 0.673828125 0.060546875 0.0908203125
0 0.5654296875 0.6904296875 0.0625 0.0986328125
0 0.5146484375 0.63671875 0.0859375 0.140625
0 0.443359375 0.701171875 0.068359375 0.111328125
0 0.3720703125 0.5869140625 0.0439453125 0.0703125
0 0.3193359375 0.474609375 0.046875 0.080078125
0 0.3505859375 0.208984375 0.123046875 0.1875
0 0.375 0.2607421875 0.0517578125 0.078125
0 0.4345703125 0.365234375 0.064453125 0.1015625
0 0.2587890625 0.228515625 0.0546875 0.0859375
0 0.2978515625 0.248046875 0.0576171875 0.0986328125
0 0.2802734375 0.19140625 0.041015625 0.0703125
0 0.2509765625 0.3349609375 0.0595703125 0.095703125
0 0.259765625 0.3486328125 0.041015625 0.060546875
0 0.384765625 0.3203125 0.064453125 0.095703125
0 0.142578125 0.55859375 0.0732421875 0.1123046875
0 0.07421875 0.6806640625 0.1484375 0.248046875
0 0.20703125 0.728515625 0.0966796875 0.146484375
0 0.28125 0.9169921875 0.119140625 0.166015625
0 0.6748046875 0.8916015625 0.0732421875 0.115234375
0 0.69921875 0.83984375 0.091796875 0.15625
0 0.958984375 0.701171875 0.0810546875 0.158203125