0 0.97265625 0.7119140625 0.03125 0.046875
0 0.9609375 0.681640625 0.0283203125 0.0439453125
0 0.873046875 0.595703125 0.033203125 0.0439453125
0 0.857421875 0.560546875 0.0341796875 0.0390625
0 0.921875 0.755859375 0.037109375 0.052734375
0 0.9619140625 0.875 0.0263671875 0.0498046875
0 0.8798828125 0.830078125 0.0439453125 0.052734375
0 0.7978515625 0.8466796875 0.0625 0.076171875
0 0.736328125 0.744140625 0.1142578125 0.1357421875
0 0.69921875 0.6337890625 0.0361328125 0.0498046875
0 0.6787109375 0.568359375 0.080078125 0.103515625
0 0.6162109375 0.51171875 0.0390625 0.046875
0 0.646484375 0.654296875 0.033203125 0.0498046875
0 0.623046875 0.712890625 0.0283203125 0.033203125
0 0.455078125 0.6416015625 0.2080078125 0.265625
0 0.490234375 0.521484375 0.068359375 0.080078125
0 0.607421875 0.6396484375 0.0419921875 0.0498046875
0 0.5634765625 0.625 0.0283203125 0.0498046875
0 0.5458984375 0.615234375 0.0234375 0.0361328125
0 0.51171875 0.59375 0.064453125 0.076171875
0 0.3310546875 0.4794921875 0.0830078125 0.099609375
0 0.2802734375 0.66015625 0.0498046875 0.056640625
0 0.2802734375 0.623046875 0.052734375 0.0654296875
0 0.2216796875 0.40625 0.037109375 0.0419921875
0 0.4765625 0.7431640625 0.0341796875 0.056640625
0 0.3203125 0.71484375 0.048828125 0.0595703125
0 0.1962890625 0.521484375 0.048828125 0.0625
0 0.2158203125 0.623046875 0.037109375 0.046875
0 0.2490234375 0.580078125 0.0205078125 0.029296875
0 0.208984375 0.8583984375 0.046875 0.052734375
0 0.162109375 0.755859375 0.03125 0.0361328125
0 0.146484375 0.693359375 0.03125 0.0419921875
0 0.0556640625 0.478515625 0.0361328125 0.0498046875
0 0.0615234375 0.693359375 0.046875 0.052734375
0 0.037109375 0.728515625 0.060546875 0.0732421875
0 0.16015625 0.412109375 0.033203125 0.041015625
0 0.0556640625 0.384765625 0.111328125 0.2001953125
0 0.044921875 0.5849609375 0.0703125 0.0830078125
0 0.41015625 0.951171875 0.0517578125 0.0625
0 0.404296875 0.6416015625 0.048828125 0.0830078125