0 0.119140625 0.1650390625 0.1611328125 0.2314453125
0 0.197265625 0.330078125 0.076171875 0.109375
0 0.23046875 0.474609375 0.064453125 0.1015625
0 0.10546875 0.5166015625 0.150390625 0.2265625
0 0.0595703125 0.763671875 0.078125 0.1171875
0 0.115234375 0.9326171875 0.076171875 0.1171875
0 0.2099609375 0.736328125 0.166015625 0.240234375
0 0.35546875 0.2216796875 0.2216796875 0.330078125
0 0.521484375 0.1201171875 0.078125 0.119140625
0 0.5341796875 0.357421875 0.109375 0.166015625
0 0.3779296875 0.537109375 0.169921875 0.251953125
0 0.3642578125 0.7705078125 0.1171875 0.1767578125
0 0.47265625 0.767578125 0.0625 0.095703125
0 0.30078125 0.927734375 0.080078125 0.126953125
0 0.716796875 0.0673828125 0.0654296875 0.095703125
0 0.66796875 0.2158203125 0.103515625 0.146484375
0 0.6181640625 0.4306640625 0.0654296875 0.0966796875
0 0.5732421875 0.6220703125 0.1513671875 0.2265625
0 0.470703125 0.90234375 0.123046875 0.1796875
0 0.6904296875 0.580078125 0.0673828125 0.091796875
0 0.708984375 0.7333984375 0.0751953125 0.119140625
0 0.611328125 0.875 0.123046875 0.1845703125
0 0.7333984375 0.904296875 0.0673828125 0.099609375
0 0.779296875 0.416015625 0.154296875 0.228515625
0 0.8740234375 0.1689453125 0.1357421875 0.203125
0 0.935546875 0.419921875 0.0888671875 0.126953125
0 0.875 0.712890625 0.232421875 0.345703125
0 0.83203125 0.9423828125 0.078125 0.115234375
0 0.955078125 0.94140625 0.064453125 0.091796875