0 0.134765625 0.068359375 0.1142578125 0.1298828125
0 0.197265625 0.041015625 0.0205078125 0.0390625
0 0.19921875 0.0966796875 0.0283203125 0.0419921875
0 0.138671875 0.1318359375 0.025390625 0.0283203125
0 0.013671875 0.1669921875 0.02734375 0.181640625
0 0.033203125 0.0654296875 0.0205078125 0.0361328125
0 0.0419921875 0.177734375 0.03125 0.0576171875
0 0.548828125 0.46875 0.1845703125 0.330078125
0 0.6171875 0.310546875 0.052734375 0.09375
0 0.568359375 0.50390625 0.0341796875 0.0732421875
0 0.4423828125 0.6220703125 0.0439453125 0.0830078125
0 0.400390625 0.6513671875 0.0732421875 0.142578125
0 0.3349609375 0.8427734375 0.029296875 0.064453125
0 0.40625 0.9091796875 0.0966796875 0.181640625
0 0.37109375 0.828125 0.025390625 0.044921875
0 0.3427734375 0.8056640625 0.017578125 0.0283203125
0 0.2841796875 0.8037109375 0.109375 0.203125
0 0.248046875 0.708984375 0.021484375 0.033203125
0 0.126953125 0.744140625 0.1689453125 0.3046875
0 0.1494140625 0.5498046875 0.013671875 0.029296875
0 0.775390625 0.072265625 0.041015625 0.0703125
0 0.0458984375 0.8154296875 0.0185546875 0.0361328125
0 0.294921875 0.9677734375 0.025390625 0.0546875
0 0.5185546875 0.837890625 0.015625 0.03125
0 0.3486328125 0.4814453125 0.0703125 0.111328125
0 0.333984375 0.4306640625 0.091796875 0.123046875
0 0.8427734375 0.517578125 0.0986328125 0.173828125
0 0.822265625 0.427734375 0.017578125 0.0263671875
0 0.853515625 0.4150390625 0.015625 0.029296875
0 0.6484375 0.5888671875 0.044921875 0.0517578125
0 0.9072265625 0.48828125 0.03125 0.041015625
0 0.888671875 0.5888671875 0.0126953125 0.0234375
0 0.904296875 0.580078125 0.0341796875 0.060546875
0 0.869140625 0.443359375 0.0205078125 0.025390625
0 0.724609375 0.54296875 0.1455078125 0.2578125
0 0.6806640625 0.4345703125 0.0263671875 0.041015625
0 0.67578125 0.4091796875 0.029296875 0.0361328125
0 0.6513671875 0.5166015625 0.0498046875 0.068359375
0 0.89453125 0.0595703125 0.150390625 0.119140625
0 0.9697265625 0.423828125 0.060546875 0.125
0 0.9755859375 0.734375 0.048828125 0.162109375
0 0.970703125 0.650390625 0.0576171875 0.1123046875
0 0.9921875 0.572265625 0.015625 0.0673828125
0 0.9677734375 0.7177734375 0.041015625 0.0732421875