0 0.1806640625 0.1318359375 0.076171875 0.125
0 0.3291015625 0.0458984375 0.0703125 0.091796875
0 0.5927734375 0.5341796875 0.0703125 0.1142578125
0 0.662109375 0.6962890625 0.0654296875 0.0986328125
0 0.5546875 0.6982421875 0.068359375 0.1064453125
0 0.5068359375 0.638671875 0.09375 0.1513671875
0 0.431640625 0.693359375 0.0732421875 0.1201171875
0 0.3671875 0.5693359375 0.046875 0.0751953125
0 0.322265625 0.451171875 0.0517578125 0.0859375
0 0.3681640625 0.189453125 0.1328125 0.203125
0 0.388671875 0.2451171875 0.056640625 0.083984375
0 0.4423828125 0.357421875 0.0703125 0.109375
0 0.275390625 0.197265625 0.0595703125 0.091796875
0 0.3134765625 0.2236328125 0.0625 0.1064453125
0 0.298828125 0.1630859375 0.044921875 0.0751953125
0 0.2607421875 0.302734375 0.0654296875 0.103515625
0 0.2685546875 0.318359375 0.044921875 0.0654296875
0 0.3955078125 0.306640625 0.068359375 0.1015625
0 0.140625 0.51171875 0.080078125 0.1220703125
0 0.0732421875 0.623046875 0.146484375 0.267578125
0 0.1953125 0.689453125 0.1064453125 0.1611328125
0 0.259765625 0.888671875 0.1279296875 0.1796875
0 0.650390625 0.912109375 0.0810546875 0.125
0 0.677734375 0.865234375 0.099609375 0.1689453125
0 0.947265625 0.76171875 0.0888671875 0.1689453125