0 0.134765625 0.06640625 0.1142578125 0.1298828125
0 0.1953125 0.041015625 0.0205078125 0.0390625
0 0.19921875 0.0966796875 0.0283203125 0.0419921875
0 0.138671875 0.130859375 0.025390625 0.0283203125
0 0.013671875 0.1669921875 0.02734375 0.181640625
0 0.033203125 0.064453125 0.0205078125 0.0361328125
0 0.041015625 0.17578125 0.03125 0.056640625
0 0.548828125 0.46875 0.185546875 0.330078125
0 0.6162109375 0.310546875 0.0517578125 0.09375
0 0.568359375 0.5029296875 0.0361328125 0.0732421875
0 0.44140625 0.623046875 0.044921875 0.083984375
0 0.400390625 0.650390625 0.072265625 0.1435546875
0 0.3349609375 0.841796875 0.029296875 0.0654296875
0 0.4072265625 0.908203125 0.0966796875 0.1826171875
0 0.37109375 0.826171875 0.025390625 0.044921875
0 0.3427734375 0.8056640625 0.017578125 0.0283203125
0 0.2841796875 0.802734375 0.109375 0.203125
0 0.248046875 0.708984375 0.021484375 0.0341796875
0 0.126953125 0.744140625 0.1689453125 0.3046875
0 0.1484375 0.548828125 0.013671875 0.0283203125
0 0.775390625 0.0703125 0.0419921875 0.0703125
0 0.044921875 0.814453125 0.0205078125 0.0361328125
0 0.294921875 0.96875 0.025390625 0.056640625
0 0.51953125 0.837890625 0.015625 0.03125
0 0.349609375 0.482421875 0.072265625 0.1123046875
0 0.333984375 0.4296875 0.091796875 0.125
0 0.84375 0.517578125 0.099609375 0.1748046875
0 0.822265625 0.4267578125 0.017578125 0.0283203125
0 0.8525390625 0.4140625 0.015625 0.03125
0 0.6484375 0.5888671875 0.044921875 0.0517578125
0 0.90625 0.4873046875 0.033203125 0.0390625
0 0.888671875 0.5888671875 0.0126953125 0.0234375
0 0.904296875 0.5791015625 0.0341796875 0.0595703125
0 0.869140625 0.443359375 0.0205078125 0.025390625
0 0.724609375 0.5439453125 0.146484375 0.255859375
0 0.6806640625 0.43359375 0.0263671875 0.0390625
0 0.67578125 0.408203125 0.029296875 0.037109375
0 0.6513671875 0.515625 0.0498046875 0.068359375
0 0.89453125 0.0595703125 0.150390625 0.119140625
0 0.9697265625 0.423828125 0.060546875 0.125
0 0.9755859375 0.7333984375 0.048828125 0.1640625
0 0.9697265625 0.646484375 0.060546875 0.11328125
0 0.9921875 0.572265625 0.015625 0.0673828125
0 0.9677734375 0.716796875 0.0419921875 0.0732421875