0 0.9853515625 0.5048828125 0.029296875 0.044921875
0 0.97265625 0.4814453125 0.0263671875 0.0439453125
0 0.876953125 0.43359375 0.033203125 0.0419921875
0 0.853515625 0.4072265625 0.033203125 0.0361328125
0 0.943359375 0.572265625 0.0361328125 0.0498046875
0 0.9931640625 0.669921875 0.013671875 0.046875
0 0.9140625 0.658203125 0.0419921875 0.046875
0 0.8369140625 0.7119140625 0.060546875 0.0703125
0 0.7626953125 0.634765625 0.111328125 0.1201171875
0 0.7099609375 0.5439453125 0.0361328125 0.0439453125
0 0.6826171875 0.4931640625 0.078125 0.09375
0 0.6142578125 0.4619140625 0.037109375 0.0439453125
0 0.6630859375 0.587890625 0.03125 0.046875
0 0.6484375 0.654296875 0.0283203125 0.029296875
0 0.4765625 0.65625 0.201171875 0.2421875
0 0.4931640625 0.525390625 0.064453125 0.0732421875
0 0.623046875 0.591796875 0.041015625 0.0439453125
0 0.5791015625 0.59375 0.0283203125 0.046875
0 0.560546875 0.5927734375 0.0234375 0.03125
0 0.5244140625 0.5869140625 0.0625 0.0703125
0 0.3330078125 0.548828125 0.080078125 0.0908203125
0 0.30859375 0.7470703125 0.048828125 0.0498046875
0 0.302734375 0.7119140625 0.0517578125 0.0625
0 0.216796875 0.525390625 0.0361328125 0.0390625
0 0.509765625 0.744140625 0.033203125 0.052734375
0 0.35546875 0.783203125 0.046875 0.052734375
0 0.2080078125 0.646484375 0.048828125 0.056640625
0 0.240234375 0.73828125 0.037109375 0.0439453125
0 0.267578125 0.681640625 0.0205078125 0.0263671875
0 0.267578125 0.9677734375 0.0439453125 0.046875
0 0.208984375 0.8896484375 0.029296875 0.033203125
0 0.181640625 0.837890625 0.03125 0.0390625
0 0.0654296875 0.6650390625 0.0361328125 0.0439453125
0 0.1005859375 0.8720703125 0.0439453125 0.046875
0 0.08203125 0.9150390625 0.0595703125 0.0654296875
0 0.158203125 0.556640625 0.03125 0.0390625
0 0.052734375 0.57421875 0.1044921875 0.1923828125
0 0.0693359375 0.7734375 0.0673828125 0.076171875
0 0.4755859375 0.9736328125 0.0498046875 0.052734375
0 0.4267578125 0.6767578125 0.046875 0.076171875