0 0.3193359375 0.236328125 0.1640625 0.2373046875
0 0.5517578125 0.943359375 0.056640625 0.0859375
0 0.45703125 0.4970703125 0.193359375 0.2685546875
0 0.248046875 0.83203125 0.236328125 0.275390625
0 0.802734375 0.4677734375 0.1484375 0.2216796875
0 0.07421875 0.1875 0.1279296875 0.2314453125
0 0.1376953125 0.162109375 0.0732421875 0.0830078125
0 0.166015625 0.2197265625 0.099609375 0.1826171875
0 0.5390625 0.1142578125 0.107421875 0.177734375
0 0.4619140625 0.064453125 0.107421875 0.1279296875
0 0.46875 0.119140625 0.0859375 0.130859375
0 0.8291015625 0.703125 0.1875 0.298828125
0 0.9384765625 0.3994140625 0.123046875 0.220703125
0 0.919921875 0.7265625 0.017578125 0.0341796875
0 0.9267578125 0.712890625 0.015625 0.025390625
0 0.9423828125 0.7626953125 0.0263671875 0.0341796875
0 0.958984375 0.712890625 0.0341796875 0.046875