0 0.9931640625 0.103515625 0.013671875 0.1533203125
0 0.9189453125 0.158203125 0.162109375 0.2265625
0 0.970703125 0.048828125 0.029296875 0.0419921875
0 0.884765625 0.3681640625 0.162109375 0.283203125
0 0.951171875 0.2802734375 0.03125 0.060546875
0 0.9765625 0.3310546875 0.046875 0.2919921875
0 0.833984375 0.2197265625 0.029296875 0.0703125
0 0.763671875 0.298828125 0.1201171875 0.181640625
0 0.806640625 0.2265625 0.037109375 0.046875
0 0.779296875 0.115234375 0.154296875 0.205078125
0 0.681640625 0.2060546875 0.0986328125 0.169921875
0 0.69921875 0.125 0.029296875 0.046875
0 0.68359375 0.0927734375 0.044921875 0.083984375
0 0.544921875 0.251953125 0.2158203125 0.3935546875
0 0.630859375 0.1201171875 0.0625 0.111328125
0 0.658203125 0.0791015625 0.0283203125 0.046875
0 0.685546875 0.0283203125 0.0185546875 0.0283203125
0 0.65234375 0.0341796875 0.0498046875 0.0517578125
0 0.791015625 0.548828125 0.203125 0.375
0 0.611328125 0.037109375 0.046875 0.0654296875
0 0.587890625 0.083984375 0.0361328125 0.056640625
0 0.58984375 0.611328125 0.1171875 0.25
0 0.580078125 0.4609375 0.0361328125 0.080078125
0 0.654296875 0.42578125 0.1513671875 0.296875
0 0.68359375 0.6572265625 0.1171875 0.2138671875
0 0.619140625 0.7841796875 0.0888671875 0.1796875
0 0.748046875 0.751953125 0.0703125 0.1064453125
0 0.693359375 0.8056640625 0.0732421875 0.1298828125
0 0.51953125 0.697265625 0.060546875 0.115234375
0 0.501953125 0.646484375 0.0234375 0.0517578125
0 0.55078125 0.7685546875 0.060546875 0.111328125
0 0.560546875 0.8974609375 0.126953125 0.205078125
0 0.5625 0.0556640625 0.037109375 0.0546875
0 0.564453125 0.021484375 0.0595703125 0.033203125
0 0.525390625 0.037109375 0.052734375 0.0732421875
0 0.486328125 0.072265625 0.0419921875 0.060546875
0 0.4697265625 0.025390625 0.048828125 0.05078125
0 0.380859375 0.26171875 0.1328125 0.2265625
0 0.4375 0.173828125 0.03125 0.0703125
0 0.392578125 0.1318359375 0.0390625 0.060546875
0 0.498046875 0.509765625 0.1513671875 0.2783203125
0 0.4375 0.3583984375 0.0419921875 0.060546875
0 0.427734375 0.666015625 0.146484375 0.25
0 0.396484375 0.5234375 0.0625 0.083984375
0 0.423828125 0.478515625 0.029296875 0.0595703125
0 0.490234375 0.8291015625 0.109375 0.1953125
0 0.4833984375 0.955078125 0.1044921875 0.0888671875
0 0.427734375 0.0859375 0.0859375 0.1435546875
0 0.427734375 0.0068359375 0.0390625 0.013671875
0 0.4033203125 0.013671875 0.037109375 0.02734375
0 0.302734375 0.111328125 0.177734375 0.2216796875
0 0.380859375 0.0283203125 0.033203125 0.056640625
0 0.287109375 0.2451171875 0.0703125 0.083984375
0 0.3125 0.2265625 0.0419921875 0.056640625
0 0.396484375 0.4306640625 0.087890625 0.138671875
0 0.322265625 0.61328125 0.087890625 0.1904296875
0 0.353515625 0.5166015625 0.0390625 0.060546875
0 0.361328125 0.8056640625 0.169921875 0.25
0 0.359375 0.6689453125 0.03125 0.0703125
0 0.3046875 0.69921875 0.0419921875 0.0654296875
0 0.44140625 0.9189453125 0.0390625 0.0703125
0 0.94140625 0.55078125 0.1171875 0.2685546875
0 0.267578125 0.416015625 0.171875 0.2685546875
0 0.240234375 0.271484375 0.0625 0.0966796875
0 0.24609375 0.2109375 0.060546875 0.0703125
0 0.10546875 0.4833984375 0.2109375 0.421875
0 0.181640625 0.333984375 0.0625 0.09375
0 0.2265625 0.7216796875 0.146484375 0.259765625
0 0.251953125 0.5791015625 0.078125 0.1015625
0 0.177734375 0.6318359375 0.0576171875 0.1064453125
0 0.115234375 0.7548828125 0.0986328125 0.1669921875
0 0.150390625 0.673828125 0.041015625 0.0703125
0 0.259765625 0.9140625 0.099609375 0.1533203125
0 0.224609375 0.8564453125 0.03125 0.046875
0 0.068359375 0.8935546875 0.1357421875 0.1767578125
0 0.111328125 0.8427734375 0.0546875 0.09375
0 0.34375 0.9560546875 0.109375 0.080078125
0 0.126953125 0.1533203125 0.0546875 0.111328125
0 0.142578125 0.0947265625 0.0234375 0.0517578125
0 0.1259765625 0.041015625 0.052734375 0.08203125
0 0.189453125 0.2177734375 0.1044921875 0.185546875
0 0.205078125 0.0927734375 0.025390625 0.0546875
0 0.193359375 0.0439453125 0.033203125 0.060546875
0 0.2158203125 0.013671875 0.041015625 0.02734375
0 0.177734375 0.0859375 0.037109375 0.0703125
0 0.16796875 0.0302734375 0.0341796875 0.060546875
0 0.158203125 0.1298828125 0.03125 0.064453125
0 0.107421875 0.0810546875 0.0341796875 0.0517578125
0 0.126953125 0.248046875 0.046875 0.0888671875
0 0.10546875 0.19921875 0.0234375 0.037109375
0 0.099609375 0.2822265625 0.0263671875 0.046875
0 0.052734375 0.236328125 0.1015625 0.2138671875
0 0.076171875 0.11328125 0.046875 0.080078125
0 0.091796875 0.052734375 0.0263671875 0.0517578125
0 0.0986328125 0.013671875 0.037109375 0.02734375
0 0.0703125 0.048828125 0.021484375 0.0419921875
0 0.064453125 0.0166015625 0.0419921875 0.033203125
0 0.048828125 0.07421875 0.033203125 0.056640625
0 0.02734375 0.115234375 0.0390625 0.0751953125
0 0.017578125 0.0625 0.017578125 0.0419921875
0 0.02734375 0.013671875 0.0234375 0.02734375
0 0.033203125 0.7431640625 0.06640625 0.158203125
0 0.169921875 0.86328125 0.107421875 0.171875
0 0.1796875 0.9560546875 0.130859375 0.060546875
0 0.015625 0.9423828125 0.03125 0.060546875