0 0.80078125 0.662109375 0.1875 0.162109375
0 0.8095703125 0.5205078125 0.3515625 0.3359375
0 0.9423828125 0.693359375 0.115234375 0.212890625
0 0.90625 0.8603515625 0.1875 0.1982421875
0 0.8291015625 0.8447265625 0.2890625 0.2373046875
0 0.6015625 0.8154296875 0.125 0.1171875
0 0.580078125 0.7275390625 0.15625 0.1142578125
0 0.4736328125 0.7197265625 0.0673828125 0.0576171875
0 0.345703125 0.50390625 0.2265625 0.2314453125
0 0.3935546875 0.5693359375 0.205078125 0.1796875
0 0.4404296875 0.646484375 0.2060546875 0.1923828125
0 0.3369140625 0.701171875 0.060546875 0.0908203125
0 0.3232421875 0.6611328125 0.0810546875 0.0986328125
0 0.283203125 0.6953125 0.1064453125 0.0986328125
0 0.263671875 0.6630859375 0.111328125 0.1064453125
0 0.1923828125 0.66796875 0.103515625 0.1015625
0 0.1279296875 0.66796875 0.0673828125 0.068359375
0 0.0673828125 0.666015625 0.083984375 0.0732421875
0 0.02734375 0.564453125 0.052734375 0.0673828125
0 0.0390625 0.5302734375 0.0595703125 0.0517578125
0 0.1201171875 0.765625 0.0439453125 0.060546875
0 0.107421875 0.7119140625 0.052734375 0.052734375
0 0.1533203125 0.7421875 0.046875 0.046875
0 0.0625 0.720703125 0.0517578125 0.048828125
0 0.0732421875 0.767578125 0.0654296875 0.0673828125
0 0.052734375 0.7431640625 0.0517578125 0.0439453125
0 0.029296875 0.775390625 0.033203125 0.0517578125
0 0.0263671875 0.73828125 0.03125 0.0361328125