0 0.8525390625 0.05078125 0.1171875 0.1015625
0 0.7900390625 0.015625 0.021484375 0.03125
0 0.7890625 0.0703125 0.029296875 0.044921875
0 0.849609375 0.0986328125 0.0263671875 0.03125
0 0.974609375 0.1240234375 0.0341796875 0.185546875
0 0.9541015625 0.021484375 0.021484375 0.037109375
0 0.9482421875 0.134765625 0.033203125 0.0595703125
0 0.451171875 0.4736328125 0.1953125 0.3466796875
0 0.3779296875 0.322265625 0.056640625 0.0986328125
0 0.4326171875 0.5087890625 0.037109375 0.076171875
0 0.5625 0.6171875 0.046875 0.087890625
0 0.6044921875 0.640625 0.076171875 0.150390625
0 0.673828125 0.8251953125 0.03125 0.0654296875
0 0.6044921875 0.900390625 0.1015625 0.1923828125
0 0.638671875 0.814453125 0.0263671875 0.048828125
0 0.666015625 0.7900390625 0.0205078125 0.03125
0 0.724609375 0.7822265625 0.1142578125 0.2138671875
0 0.7568359375 0.6845703125 0.0234375 0.0341796875
0 0.8798828125 0.708984375 0.177734375 0.318359375
0 0.8525390625 0.515625 0.015625 0.03125
0 0.212890625 0.095703125 0.0439453125 0.0732421875
0 0.962890625 0.771484375 0.0205078125 0.0390625
0 0.71875 0.94921875 0.0263671875 0.056640625
0 0.4912109375 0.8388671875 0.015625 0.03125
0 0.650390625 0.4677734375 0.0751953125 0.119140625
0 0.6630859375 0.4140625 0.09375 0.1298828125
0 0.158203125 0.548828125 0.1044921875 0.1826171875
0 0.1767578125 0.4560546875 0.017578125 0.0283203125
0 0.1455078125 0.4462890625 0.017578125 0.03125
0 0.3544921875 0.6015625 0.046875 0.056640625
0 0.0947265625 0.5244140625 0.033203125 0.044921875
0 0.115234375 0.6240234375 0.0126953125 0.0234375
0 0.0986328125 0.615234375 0.0361328125 0.0654296875
0 0.130859375 0.4775390625 0.0205078125 0.0283203125
0 0.2763671875 0.5634765625 0.1533203125 0.2705078125
0 0.318359375 0.44921875 0.0283203125 0.0419921875
0 0.322265625 0.423828125 0.03125 0.037109375
0 0.349609375 0.5283203125 0.052734375 0.0732421875
0 0.0927734375 0.095703125 0.1533203125 0.1328125
0 0.029296875 0.466796875 0.05859375 0.12890625
0 0.03125 0.775390625 0.052734375 0.1669921875
0 0.0341796875 0.69140625 0.0625 0.115234375
0 0.0107421875 0.6171875 0.017578125 0.068359375
0 0.0390625 0.759765625 0.0439453125 0.0751953125