0 0.15234375 0.1103515625 0.1796875 0.220703125
0 0.2158203125 0.267578125 0.087890625 0.125
0 0.236328125 0.41796875 0.072265625 0.1123046875
0 0.107421875 0.4345703125 0.169921875 0.2529296875
0 0.041015625 0.6689453125 0.0810546875 0.130859375
0 0.078125 0.8486328125 0.087890625 0.130859375
0 0.1904296875 0.673828125 0.185546875 0.2705078125
0 0.3837890625 0.1962890625 0.25 0.3720703125
0 0.556640625 0.12890625 0.0888671875 0.134765625
0 0.546875 0.365234375 0.123046875 0.189453125
0 0.3759765625 0.5126953125 0.1923828125 0.283203125
0 0.33984375 0.740234375 0.1328125 0.1982421875
0 0.447265625 0.759765625 0.0703125 0.1064453125
0 0.2626953125 0.8837890625 0.091796875 0.142578125
0 0.755859375 0.1162109375 0.0732421875 0.107421875
0 0.693359375 0.2529296875 0.1142578125 0.1669921875
0 0.623046875 0.455078125 0.0732421875 0.109375
0 0.5615234375 0.634765625 0.169921875 0.2529296875
0 0.43359375 0.892578125 0.140625 0.203125
0 0.681640625 0.6201171875 0.0751953125 0.1044921875
0 0.685546875 0.7744140625 0.0859375 0.134765625
0 0.576171875 0.89453125 0.140625 0.208984375
0 0.6923828125 0.9462890625 0.0751953125 0.107421875
0 0.78515625 0.474609375 0.1748046875 0.2578125
0 0.9013671875 0.2490234375 0.1513671875 0.228515625
0 0.939453125 0.5126953125 0.099609375 0.140625
0 0.8515625 0.787109375 0.2626953125 0.390625
0 0.7861328125 0.970703125 0.0888671875 0.0576171875