0 0.318681 0.474465 0.037363 0.059308
0 0.673077 0.675453 0.040659 0.075783
0 0.595604 0.521417 0.048352 0.077430
0 0.300000 0.062603 0.050549 0.085667
0 0.348901 0.264415 0.223077 0.291598
0 0.250549 0.336903 0.054945 0.090610
0 0.443407 0.700165 0.060440 0.102142
0 0.160440 0.173806 0.063736 0.100494
0 0.207692 0.729819 0.079121 0.131796
0 0.963187 0.701812 0.071429 0.138385
0 0.278571 0.923394 0.091209 0.149918
0 0.533516 0.654860 0.115385 0.163097
0 0.690110 0.856672 0.094505 0.168040
0 0.084615 0.654860 0.169231 0.278418
