0 0.119140625 0.166015625 0.1591796875 0.2314453125
0 0.197265625 0.330078125 0.076171875 0.109375
0 0.2294921875 0.474609375 0.0625 0.1015625
0 0.1044921875 0.517578125 0.150390625 0.224609375
0 0.0595703125 0.7626953125 0.078125 0.115234375
0 0.115234375 0.931640625 0.076171875 0.1171875
0 0.2109375 0.7353515625 0.166015625 0.240234375
0 0.35546875 0.2216796875 0.2216796875 0.330078125
0 0.5205078125 0.119140625 0.078125 0.1201171875
0 0.5341796875 0.3583984375 0.109375 0.1669921875
0 0.3779296875 0.537109375 0.169921875 0.251953125
0 0.36328125 0.7705078125 0.1171875 0.1748046875
0 0.47265625 0.7685546875 0.0625 0.09375
0 0.2998046875 0.9287109375 0.0810546875 0.126953125
0 0.7177734375 0.06640625 0.0654296875 0.09375
0 0.66796875 0.21484375 0.103515625 0.1484375
0 0.6181640625 0.4306640625 0.0654296875 0.0966796875
0 0.5732421875 0.62109375 0.1513671875 0.224609375
0 0.470703125 0.900390625 0.125 0.1796875
0 0.689453125 0.58203125 0.0673828125 0.091796875
0 0.708984375 0.732421875 0.0751953125 0.1201171875
0 0.611328125 0.8759765625 0.125 0.1845703125
0 0.7333984375 0.9033203125 0.0673828125 0.099609375
0 0.779296875 0.416015625 0.15625 0.228515625
0 0.873046875 0.16796875 0.134765625 0.203125
0 0.935546875 0.419921875 0.0888671875 0.126953125
0 0.8759765625 0.712890625 0.2314453125 0.345703125
0 0.83203125 0.9423828125 0.078125 0.115234375
0 0.955078125 0.9423828125 0.064453125 0.091796875