0 0.0078125 0.15234375 0.015625 0.0830078125
0 0.033203125 0.134765625 0.052734375 0.0703125
0 0.0087890625 0.0888671875 0.017578125 0.076171875
0 0.0322265625 0.0830078125 0.025390625 0.044921875
0 0.0537109375 0.0888671875 0.025390625 0.0419921875
0 0.3193359375 0.1064453125 0.0546875 0.0888671875
0 0.068359375 0.0361328125 0.13671875 0.072265625
0 0.0068359375 0.0458984375 0.013671875 0.0361328125
0 0.302734375 0.041015625 0.1484375 0.08203125
0 0.181640625 0.2060546875 0.251953125 0.412109375
0 0.029296875 0.251953125 0.0576171875 0.162109375
0 0.0419921875 0.4052734375 0.083984375 0.1611328125
0 0.1171875 0.44921875 0.095703125 0.1435546875
0 0.1787109375 0.2060546875 0.2548828125 0.412109375
0 0.158203125 0.544921875 0.052734375 0.0888671875
0 0.173828125 0.4794921875 0.0390625 0.0576171875
0 0.1650390625 0.4140625 0.0283203125 0.0361328125
0 0.185546875 0.435546875 0.03125 0.048828125
0 0.1982421875 0.658203125 0.109375 0.1689453125
0 0.193359375 0.5634765625 0.0283203125 0.0439453125
0 0.1875 0.5185546875 0.0283203125 0.044921875
0 0.0732421875 0.6064453125 0.1455078125 0.25
0 0.126953125 0.53515625 0.0283203125 0.0390625
0 0.21484375 0.576171875 0.025390625 0.033203125
0 0.248046875 0.4951171875 0.1220703125 0.1845703125
0 0.27734375 0.3857421875 0.064453125 0.1015625
0 0.37109375 0.4140625 0.1611328125 0.2734375
0 0.3017578125 0.322265625 0.03125 0.044921875
0 0.314453125 0.2861328125 0.0283203125 0.046875
0 0.248046875 0.603515625 0.029296875 0.048828125
0 0.0205078125 0.76953125 0.041015625 0.197265625
0 0.078125 0.7919921875 0.078125 0.1328125
0 0.04296875 0.7353515625 0.029296875 0.0419921875
0 0.0244140625 0.9345703125 0.048828125 0.130859375
0 0.0400390625 0.8681640625 0.0595703125 0.107421875
0 0.181640625 0.865234375 0.154296875 0.2548828125
0 0.1162109375 0.7490234375 0.0419921875 0.080078125
0 0.0830078125 0.935546875 0.0703125 0.111328125
0 0.0615234375 0.9833984375 0.0546875 0.033203125
0 0.1064453125 0.984375 0.0390625 0.029296875
0 0.1201171875 0.958984375 0.021484375 0.033203125
0 0.1474609375 0.9833984375 0.0576171875 0.033203125
0 0.189453125 0.9892578125 0.029296875 0.021484375
0 0.2041015625 0.7509765625 0.0234375 0.0419921875
0 0.232421875 0.751953125 0.041015625 0.0673828125
0 0.279296875 0.630859375 0.0576171875 0.091796875
0 0.26171875 0.955078125 0.0625 0.0888671875
0 0.2763671875 0.884765625 0.041015625 0.064453125
0 0.333984375 0.5986328125 0.0751953125 0.1279296875
0 0.310546875 0.76171875 0.1220703125 0.21875
0 0.3701171875 0.845703125 0.064453125 0.111328125
0 0.3291015625 0.9326171875 0.080078125 0.134765625
0 0.392578125 0.6728515625 0.072265625 0.111328125
0 0.388671875 0.583984375 0.044921875 0.0732421875
0 0.4052734375 0.76953125 0.0576171875 0.0888671875
0 0.5537109375 0.849609375 0.0908203125 0.1591796875
0 0.533203125 0.759765625 0.0283203125 0.0419921875
0 0.4453125 0.9033203125 0.1533203125 0.193359375
0 0.396484375 0.259765625 0.0283203125 0.048828125
0 0.4501953125 0.3125 0.044921875 0.0673828125
0 0.408203125 0.0556640625 0.0654296875 0.095703125
0 0.376953125 0.103515625 0.0673828125 0.111328125
0 0.388671875 0.0302734375 0.0390625 0.060546875
0 0.3515625 0.2138671875 0.087890625 0.1435546875
0 0.4697265625 0.0556640625 0.0751953125 0.111328125
0 0.4501953125 0.1923828125 0.115234375 0.193359375
0 0.525390625 0.2509765625 0.048828125 0.0888671875
0 0.501953125 0.37109375 0.1044921875 0.177734375
0 0.537109375 0.2998046875 0.0283203125 0.044921875
0 0.51171875 0.484375 0.0341796875 0.0517578125
0 0.4716796875 0.501953125 0.0576171875 0.095703125
0 0.439453125 0.587890625 0.064453125 0.1142578125
0 0.5009765625 0.580078125 0.0625 0.0986328125
0 0.48046875 0.716796875 0.111328125 0.177734375
0 0.544921875 0.6259765625 0.0517578125 0.0830078125
0 0.5615234375 0.712890625 0.0625 0.107421875
0 0.591796875 0.767578125 0.0390625 0.0703125
0 0.556640625 0.1142578125 0.1220703125 0.212890625
0 0.5859375 0.3046875 0.0966796875 0.1689453125
0 0.5830078125 0.4892578125 0.1123046875 0.193359375
0 0.6083984375 0.373046875 0.0234375 0.044921875
0 0.673828125 0.66796875 0.1640625 0.2451171875
0 0.634765625 0.544921875 0.0205078125 0.0361328125
0 0.654296875 0.5078125 0.0439453125 0.0703125
0 0.646484375 0.4541015625 0.033203125 0.0546875
0 0.6513671875 0.203125 0.0966796875 0.1591796875
0 0.6845703125 0.126953125 0.0361328125 0.0517578125
0 0.7138671875 0.3232421875 0.0966796875 0.146484375
0 0.7021484375 0.23046875 0.041015625 0.0673828125
0 0.833984375 0.490234375 0.220703125 0.3564453125
0 0.8271484375 0.291015625 0.033203125 0.044921875
0 0.759765625 0.1474609375 0.130859375 0.212890625
0 0.7392578125 0.0234375 0.0283203125 0.046875
0 0.666015625 0.0615234375 0.1279296875 0.123046875
0 0.646484375 0.3740234375 0.0673828125 0.111328125
0 0.6533203125 0.322265625 0.0576171875 0.0859375
0 0.69921875 0.509765625 0.0654296875 0.107421875
0 0.6748046875 0.4521484375 0.0283203125 0.048828125
0 0.7080078125 0.421875 0.0517578125 0.076171875
0 0.6728515625 0.9189453125 0.1611328125 0.162109375
0 0.6142578125 0.810546875 0.0419921875 0.0830078125
0 0.6484375 0.8095703125 0.041015625 0.064453125
0 0.685546875 0.8125 0.0419921875 0.076171875
0 0.583984375 0.615234375 0.041015625 0.0595703125
0 0.7392578125 0.8076171875 0.078125 0.123046875
0 0.740234375 0.8154296875 0.0517578125 0.076171875
0 0.744140625 0.8876953125 0.0341796875 0.0517578125
0 0.552734375 0.9619140625 0.091796875 0.076171875
0 0.7861328125 0.2783203125 0.056640625 0.080078125
0 0.78515625 0.283203125 0.0595703125 0.0986328125
0 0.8095703125 0.0478515625 0.03125 0.0546875
0 0.791015625 0.0234375 0.095703125 0.046875
0 0.8935546875 0.3095703125 0.048828125 0.080078125
0 0.8603515625 0.2236328125 0.111328125 0.166015625
0 0.8876953125 0.138671875 0.0283203125 0.0390625
0 0.8359375 0.1396484375 0.03125 0.0419921875
0 0.86328125 0.0693359375 0.0859375 0.138671875
0 0.9296875 0.1259765625 0.0654296875 0.1279296875
0 0.9248046875 0.029296875 0.044921875 0.0576171875
0 0.9833984375 0.1494140625 0.033203125 0.0830078125
0 0.978515625 0.146484375 0.0419921875 0.080078125
0 0.802734375 0.740234375 0.0986328125 0.1591796875
0 0.794921875 0.890625 0.087890625 0.1376953125
0 0.83203125 0.826171875 0.029296875 0.0390625
0 0.7802734375 0.9775390625 0.060546875 0.044921875
0 0.8642578125 0.845703125 0.056640625 0.1015625
0 0.8642578125 0.94921875 0.107421875 0.1015625
0 0.884765625 0.892578125 0.0234375 0.0361328125
0 0.9091796875 0.736328125 0.1142578125 0.177734375
0 0.921875 0.6201171875 0.044921875 0.0732421875
0 0.94921875 0.404296875 0.037109375 0.0546875
0 0.9658203125 0.6044921875 0.0654296875 0.1328125
0 0.951171875 0.521484375 0.052734375 0.0859375
0 0.9365234375 0.8857421875 0.0888671875 0.15625
0 0.98046875 0.845703125 0.03125 0.048828125
0 0.9873046875 0.8828125 0.025390625 0.0517578125
0 0.955078125 0.9775390625 0.078125 0.044921875
0 0.98828125 0.94921875 0.0234375 0.1015625
0 0.955078125 0.287109375 0.0888671875 0.208984375
0 0.97265625 0.462890625 0.0546875 0.1298828125
0 0.9892578125 0.392578125 0.021484375 0.041015625
0 0.9736328125 0.0556640625 0.052734375 0.111328125
0 0.9814453125 0.759765625 0.037109375 0.2216796875