0 0.98046875 0.111328125 0.017578125 0.0830078125
0 0.9541015625 0.095703125 0.0546875 0.076171875
0 0.978515625 0.0478515625 0.0205078125 0.080078125
0 0.955078125 0.04296875 0.025390625 0.048828125
0 0.9326171875 0.05078125 0.0283203125 0.044921875
0 0.666015625 0.091796875 0.056640625 0.095703125
0 0.9150390625 0.0185546875 0.138671875 0.037109375
0 0.9765625 0.0107421875 0.015625 0.021484375
0 0.681640625 0.03515625 0.150390625 0.0703125
0 0.8095703125 0.197265625 0.265625 0.3935546875
0 0.962890625 0.212890625 0.064453125 0.166015625
0 0.9541015625 0.3662109375 0.0908203125 0.171875
0 0.8798828125 0.416015625 0.0986328125 0.1484375
0 0.80859375 0.197265625 0.2685546875 0.3935546875
0 0.841796875 0.513671875 0.056640625 0.095703125
0 0.8251953125 0.4521484375 0.0390625 0.060546875
0 0.8310546875 0.3857421875 0.029296875 0.0390625
0 0.810546875 0.408203125 0.033203125 0.046875
0 0.806640625 0.6337890625 0.115234375 0.177734375
0 0.80859375 0.5380859375 0.0283203125 0.0439453125
0 0.8134765625 0.4921875 0.0283203125 0.048828125
0 0.9267578125 0.568359375 0.146484375 0.2607421875
0 0.873046875 0.5029296875 0.0283203125 0.0419921875
0 0.787109375 0.552734375 0.025390625 0.0361328125
0 0.7509765625 0.474609375 0.1279296875 0.193359375
0 0.71875 0.3662109375 0.0654296875 0.1044921875
0 0.626953125 0.4033203125 0.1689453125 0.2890625
0 0.693359375 0.306640625 0.033203125 0.046875
0 0.677734375 0.26953125 0.0283203125 0.048828125
0 0.755859375 0.5810546875 0.0283203125 0.046875
0 0.9814453125 0.728515625 0.037109375 0.2001953125
0 0.9306640625 0.755859375 0.0810546875 0.140625
0 0.962890625 0.6953125 0.029296875 0.0419921875
0 0.98046875 0.892578125 0.0390625 0.134765625
0 0.96875 0.8271484375 0.0625 0.111328125
0 0.8291015625 0.8369140625 0.162109375 0.2705078125
0 0.8916015625 0.7158203125 0.044921875 0.0830078125
0 0.9306640625 0.8984375 0.0732421875 0.1142578125
0 0.951171875 0.9462890625 0.056640625 0.0361328125
0 0.9091796875 0.951171875 0.0390625 0.033203125
0 0.8935546875 0.92578125 0.0234375 0.033203125
0 0.8662109375 0.9521484375 0.0576171875 0.0390625
0 0.826171875 0.9619140625 0.029296875 0.0263671875
0 0.802734375 0.7236328125 0.0234375 0.0419921875
0 0.7744140625 0.728515625 0.0419921875 0.0703125
0 0.724609375 0.611328125 0.0625 0.0986328125
0 0.751953125 0.935546875 0.064453125 0.095703125
0 0.7353515625 0.865234375 0.0419921875 0.0673828125
0 0.6689453125 0.583984375 0.078125 0.134765625
0 0.697265625 0.74609375 0.1298828125 0.2294921875
0 0.6416015625 0.8349609375 0.0673828125 0.1171875
0 0.6845703125 0.9169921875 0.0830078125 0.140625
0 0.6123046875 0.6630859375 0.0751953125 0.1171875
0 0.6142578125 0.57421875 0.046875 0.076171875
0 0.6025390625 0.76171875 0.0625 0.095703125
0 0.4580078125 0.8525390625 0.095703125 0.166015625
0 0.474609375 0.763671875 0.0283203125 0.0419921875
0 0.5673828125 0.896484375 0.158203125 0.2060546875
0 0.595703125 0.251953125 0.0283203125 0.0517578125
0 0.54296875 0.3095703125 0.046875 0.0703125
0 0.576171875 0.048828125 0.06640625 0.09765625
0 0.6103515625 0.091796875 0.0703125 0.1142578125
0 0.5947265625 0.025390625 0.041015625 0.05078125
0 0.6396484375 0.201171875 0.0908203125 0.150390625
0 0.5166015625 0.0556640625 0.078125 0.111328125
0 0.541015625 0.189453125 0.1220703125 0.203125
0 0.4658203125 0.251953125 0.0498046875 0.091796875
0 0.4931640625 0.37109375 0.111328125 0.1875
0 0.455078125 0.302734375 0.029296875 0.046875
0 0.4873046875 0.486328125 0.037109375 0.0546875
0 0.5283203125 0.498046875 0.0625 0.0986328125
0 0.5634765625 0.5810546875 0.0673828125 0.1201171875
0 0.5009765625 0.580078125 0.0673828125 0.1044921875
0 0.525390625 0.7158203125 0.115234375 0.1875
0 0.458984375 0.62890625 0.0546875 0.0859375
0 0.4453125 0.716796875 0.0673828125 0.111328125
0 0.416015625 0.7744140625 0.041015625 0.0732421875
0 0.431640625 0.1201171875 0.126953125 0.2216796875
0 0.408203125 0.3125 0.103515625 0.1748046875
0 0.416015625 0.4951171875 0.1171875 0.203125
0 0.3876953125 0.3828125 0.025390625 0.048828125
0 0.3310546875 0.6845703125 0.171875 0.2578125
0 0.3671875 0.5556640625 0.021484375 0.0361328125
0 0.3466796875 0.521484375 0.046875 0.0732421875
0 0.3525390625 0.466796875 0.0341796875 0.0576171875
0 0.33984375 0.2158203125 0.103515625 0.1689453125
0 0.302734375 0.142578125 0.037109375 0.0546875
0 0.2802734375 0.3427734375 0.099609375 0.1533203125
0 0.2890625 0.248046875 0.0419921875 0.0703125
0 0.166015625 0.5185546875 0.2294921875 0.375
0 0.166015625 0.318359375 0.0341796875 0.046875
0 0.228515625 0.169921875 0.138671875 0.2265625
0 0.2451171875 0.0458984375 0.029296875 0.046875
0 0.3193359375 0.076171875 0.130859375 0.134765625
0 0.349609375 0.3876953125 0.0703125 0.1142578125
0 0.341796875 0.3349609375 0.0625 0.091796875
0 0.3017578125 0.52734375 0.0703125 0.111328125
0 0.3232421875 0.4677734375 0.03125 0.0517578125
0 0.2900390625 0.439453125 0.0546875 0.080078125
0 0.341796875 0.921875 0.166015625 0.15625
0 0.396484375 0.8203125 0.044921875 0.0859375
0 0.3623046875 0.822265625 0.0419921875 0.0703125
0 0.3232421875 0.8291015625 0.044921875 0.080078125
0 0.419921875 0.6220703125 0.0419921875 0.0625
0 0.271484375 0.8291015625 0.0810546875 0.130859375
0 0.26953125 0.8369140625 0.0546875 0.080078125
0 0.2685546875 0.908203125 0.037109375 0.0546875
0 0.4619140625 0.9619140625 0.095703125 0.076171875
0 0.20703125 0.3017578125 0.0576171875 0.0859375
0 0.2080078125 0.3076171875 0.060546875 0.1015625
0 0.177734375 0.076171875 0.033203125 0.0576171875
0 0.193359375 0.0478515625 0.0986328125 0.0546875
0 0.099609375 0.3427734375 0.0498046875 0.0830078125
0 0.1318359375 0.255859375 0.115234375 0.173828125
0 0.1005859375 0.1728515625 0.029296875 0.041015625
0 0.15234375 0.169921875 0.033203125 0.044921875
0 0.123046875 0.1015625 0.0888671875 0.146484375
0 0.05859375 0.1630859375 0.0703125 0.134765625
0 0.060546875 0.06640625 0.046875 0.060546875
0 0.0107421875 0.189453125 0.021484375 0.0859375
0 0.0166015625 0.185546875 0.033203125 0.0859375
0 0.205078125 0.7666015625 0.103515625 0.1689453125
0 0.2177734375 0.916015625 0.091796875 0.1435546875
0 0.1787109375 0.853515625 0.029296875 0.0419921875
0 0.232421875 0.9892578125 0.0625 0.021484375
0 0.1474609375 0.8779296875 0.0595703125 0.107421875
0 0.1513671875 0.9619140625 0.111328125 0.076171875
0 0.126953125 0.923828125 0.0234375 0.0390625
0 0.0986328125 0.771484375 0.1201171875 0.1875
0 0.08203125 0.6572265625 0.046875 0.076171875
0 0.048828125 0.4443359375 0.0390625 0.0576171875
0 0.0380859375 0.64453125 0.072265625 0.140625
0 0.048828125 0.5615234375 0.056640625 0.091796875
0 0.076171875 0.919921875 0.095703125 0.1591796875
0 0.0302734375 0.8876953125 0.03125 0.0517578125
0 0.0244140625 0.921875 0.025390625 0.0517578125
0 0.0576171875 0.9931640625 0.080078125 0.013671875
0 0.02734375 0.9677734375 0.0283203125 0.064453125
0 0.04296875 0.326171875 0.0859375 0.2158203125
0 0.02734375 0.5029296875 0.0546875 0.1376953125
0 0.009765625 0.4326171875 0.0185546875 0.041015625
0 0.0205078125 0.095703125 0.041015625 0.1142578125
0 0.02734375 0.8017578125 0.044921875 0.2265625