0 0.958984375 0.04296875 0.0234375 0.0859375
0 0.9306640625 0.037109375 0.0576171875 0.0732421875
0 0.951171875 0.009765625 0.0234375 0.0185546875
0 0.9052734375 0.005859375 0.029296875 0.01171875
0 0.64453125 0.0693359375 0.0595703125 0.1015625
0 0.6552734375 0.02734375 0.1533203125 0.0546875
0 0.7900390625 0.1845703125 0.2861328125 0.369140625
0 0.9453125 0.1474609375 0.072265625 0.1748046875
0 0.9453125 0.3017578125 0.0986328125 0.181640625
0 0.873046875 0.361328125 0.1044921875 0.162109375
0 0.791015625 0.1826171875 0.287109375 0.365234375
0 0.841796875 0.46484375 0.0595703125 0.1015625
0 0.8212890625 0.404296875 0.0419921875 0.064453125
0 0.8251953125 0.337890625 0.03125 0.041015625
0 0.8056640625 0.36328125 0.0341796875 0.0546875
0 0.8125 0.5888671875 0.123046875 0.1904296875
0 0.8095703125 0.494140625 0.029296875 0.048828125
0 0.810546875 0.447265625 0.029296875 0.0517578125
0 0.9248046875 0.5078125 0.150390625 0.279296875
0 0.8720703125 0.44921875 0.029296875 0.044921875
0 0.7890625 0.509765625 0.0283203125 0.0390625
0 0.748046875 0.4384765625 0.1357421875 0.208984375
0 0.7109375 0.3349609375 0.072265625 0.1142578125
0 0.62109375 0.3857421875 0.181640625 0.3076171875
0 0.681640625 0.279296875 0.0341796875 0.0517578125
0 0.6650390625 0.24609375 0.03125 0.0517578125
0 0.7578125 0.544921875 0.03125 0.0517578125
0 0.984375 0.6572265625 0.03125 0.203125
0 0.9423828125 0.6923828125 0.087890625 0.1484375
0 0.970703125 0.626953125 0.03125 0.048828125
0 0.98828125 0.822265625 0.0234375 0.140625
0 0.9755859375 0.7587890625 0.048828125 0.1201171875
0 0.845703125 0.7890625 0.173828125 0.2890625
0 0.900390625 0.658203125 0.048828125 0.0859375
0 0.9501953125 0.8349609375 0.078125 0.123046875
0 0.97265625 0.8798828125 0.0546875 0.044921875
0 0.931640625 0.890625 0.041015625 0.0361328125
0 0.9140625 0.8662109375 0.025390625 0.0361328125
0 0.888671875 0.8984375 0.0595703125 0.044921875
0 0.849609375 0.912109375 0.03125 0.029296875
0 0.814453125 0.6796875 0.025390625 0.044921875
0 0.78515625 0.689453125 0.046875 0.076171875
0 0.728515625 0.580078125 0.0654296875 0.1044921875
0 0.7744140625 0.896484375 0.0703125 0.1015625
0 0.7529296875 0.830078125 0.0439453125 0.0732421875
0 0.6728515625 0.560546875 0.0859375 0.1435546875
0 0.7099609375 0.7158203125 0.138671875 0.2451171875
0 0.658203125 0.8125 0.072265625 0.123046875
0 0.705078125 0.888671875 0.0888671875 0.1533203125
0 0.6201171875 0.646484375 0.078125 0.1279296875
0 0.6171875 0.55859375 0.0498046875 0.0830078125
0 0.615234375 0.74609375 0.0654296875 0.1015625
0 0.4755859375 0.857421875 0.103515625 0.177734375
0 0.4892578125 0.7646484375 0.029296875 0.046875
0 0.587890625 0.884765625 0.1689453125 0.2294921875
0 0.5830078125 0.240234375 0.03125 0.0546875
0 0.533203125 0.302734375 0.048828125 0.076171875
0 0.552734375 0.0458984375 0.072265625 0.091796875
0 0.587890625 0.078125 0.078125 0.123046875
0 0.5673828125 0.021484375 0.044921875 0.04296875
0 0.623046875 0.1826171875 0.0966796875 0.162109375
0 0.4921875 0.05859375 0.0830078125 0.1171875
0 0.5244140625 0.1845703125 0.130859375 0.21875
0 0.453125 0.2587890625 0.0546875 0.0986328125
0 0.486328125 0.373046875 0.1171875 0.2001953125
0 0.4462890625 0.3095703125 0.03125 0.0517578125
0 0.486328125 0.4873046875 0.0390625 0.0576171875
0 0.5283203125 0.4951171875 0.0654296875 0.1044921875
0 0.5673828125 0.5712890625 0.0732421875 0.1279296875
0 0.5048828125 0.578125 0.0703125 0.111328125
0 0.537109375 0.7109375 0.123046875 0.203125
0 0.466796875 0.634765625 0.0576171875 0.091796875
0 0.45703125 0.7255859375 0.0732421875 0.1201171875
0 0.4306640625 0.7861328125 0.0419921875 0.076171875
0 0.412109375 0.1318359375 0.1376953125 0.2392578125
0 0.3994140625 0.326171875 0.109375 0.1875
0 0.416015625 0.5078125 0.1279296875 0.21875
0 0.380859375 0.400390625 0.0283203125 0.0517578125
0 0.341796875 0.7080078125 0.1826171875 0.279296875
0 0.37109375 0.57421875 0.0234375 0.0390625
0 0.3486328125 0.544921875 0.0498046875 0.080078125
0 0.3515625 0.4892578125 0.0390625 0.064453125
0 0.326171875 0.240234375 0.109375 0.181640625
0 0.2861328125 0.1708984375 0.041015625 0.056640625
0 0.2724609375 0.3740234375 0.1064453125 0.166015625
0 0.2763671875 0.279296875 0.046875 0.076171875
0 0.16796875 0.56640625 0.2470703125 0.4033203125
0 0.158203125 0.3681640625 0.037109375 0.0517578125
0 0.212890625 0.208984375 0.1484375 0.2421875
0 0.22265625 0.083984375 0.03125 0.0517578125
0 0.298828125 0.1044921875 0.1376953125 0.1533203125
0 0.34375 0.4091796875 0.0751953125 0.123046875
0 0.333984375 0.3583984375 0.0654296875 0.0986328125
0 0.302734375 0.5556640625 0.0732421875 0.1201171875
0 0.322265625 0.494140625 0.033203125 0.0546875
0 0.287109375 0.4697265625 0.0576171875 0.0888671875
0 0.36328125 0.9267578125 0.173828125 0.146484375
0 0.4130859375 0.833984375 0.048828125 0.091796875
0 0.3798828125 0.841796875 0.046875 0.0732421875
0 0.341796875 0.8525390625 0.048828125 0.0859375
0 0.4267578125 0.6337890625 0.044921875 0.0673828125
0 0.2890625 0.8603515625 0.087890625 0.140625
0 0.2880859375 0.8681640625 0.0576171875 0.0888671875
0 0.291015625 0.939453125 0.0390625 0.0576171875
0 0.486328125 0.9599609375 0.0986328125 0.080078125
0 0.197265625 0.3447265625 0.0625 0.091796875
0 0.1982421875 0.3505859375 0.0673828125 0.111328125
0 0.15625 0.123046875 0.037109375 0.060546875
0 0.169921875 0.09375 0.0986328125 0.0673828125
0 0.09375 0.4013671875 0.0546875 0.0888671875
0 0.1201171875 0.3095703125 0.123046875 0.1904296875
0 0.0859375 0.23046875 0.03125 0.044921875
0 0.13671875 0.220703125 0.0341796875 0.048828125
0 0.103515625 0.1572265625 0.0966796875 0.154296875
0 0.04296875 0.2275390625 0.0751953125 0.138671875
0 0.0400390625 0.130859375 0.048828125 0.0673828125
0 0.00390625 0.259765625 0.0078125 0.0888671875
0 0.009765625 0.2568359375 0.0185546875 0.0888671875
0 0.2197265625 0.8076171875 0.111328125 0.181640625
0 0.240234375 0.9384765625 0.0986328125 0.123046875
0 0.1982421875 0.8984375 0.03125 0.044921875
0 0.1689453125 0.927734375 0.064453125 0.1142578125
0 0.1767578125 0.9814453125 0.115234375 0.037109375
0 0.1513671875 0.9765625 0.025390625 0.0390625
0 0.115234375 0.8291015625 0.1298828125 0.203125
0 0.091796875 0.716796875 0.0498046875 0.0830078125
0 0.046875 0.509765625 0.041015625 0.064453125
0 0.048828125 0.7109375 0.078125 0.150390625
0 0.0537109375 0.626953125 0.0595703125 0.0986328125
0 0.1005859375 0.947265625 0.103515625 0.1044921875
0 0.052734375 0.9521484375 0.033203125 0.0546875
0 0.0478515625 0.98046875 0.0263671875 0.0390625
0 0.041015625 0.392578125 0.08203125 0.2265625
0 0.029296875 0.5712890625 0.05859375 0.142578125
0 0.009765625 0.50390625 0.0185546875 0.044921875
0 0.01171875 0.16796875 0.0234375 0.1201171875
0 0.044921875 0.8681640625 0.056640625 0.2294921875