0 0.623046875 0.2158203125 0.0810546875 0.0859375
0 0.240234375 0.3515625 0.064453125 0.0654296875
0 0.228515625 0.544921875 0.0859375 0.0888671875
0 0.2998046875 0.505859375 0.0810546875 0.099609375
0 0.451171875 0.5517578125 0.0673828125 0.078125
0 0.3681640625 0.6708984375 0.109375 0.1142578125
0 0.310546875 0.775390625 0.0986328125 0.091796875
0 0.4072265625 0.412109375 0.078125 0.080078125
0 0.4853515625 0.470703125 0.0576171875 0.072265625
0 0.3720703125 0.2880859375 0.078125 0.078125
0 0.3349609375 0.275390625 0.0888671875 0.095703125
0 0.5390625 0.4208984375 0.0595703125 0.0654296875
0 0.4853515625 0.5927734375 0.060546875 0.0654296875
0 0.490234375 0.6728515625 0.029296875 0.0439453125
0 0.509765625 0.869140625 0.083984375 0.0830078125
0 0.505859375 0.8115234375 0.037109375 0.0390625
0 0.6787109375 0.8017578125 0.048828125 0.068359375
0 0.7548828125 0.8271484375 0.048828125 0.0576171875
0 0.81640625 0.7998046875 0.0673828125 0.0703125
0 0.6162109375 0.8623046875 0.0810546875 0.0830078125
0 0.5439453125 0.72265625 0.0859375 0.1064453125
0 0.53515625 0.322265625 0.0654296875 0.0654296875
0 0.5693359375 0.2861328125 0.0830078125 0.091796875
0 0.68359375 0.560546875 0.078125 0.0908203125
0 0.78515625 0.49609375 0.080078125 0.091796875
0 0.7431640625 0.412109375 0.0859375 0.087890625
0 0.6640625 0.318359375 0.111328125 0.1171875
0 0.6943359375 0.47265625 0.1015625 0.1171875
0 0.55859375 0.5986328125 0.087890625 0.0888671875
0 0.5302734375 0.5380859375 0.0751953125 0.0888671875
0 0.599609375 0.5087890625 0.0966796875 0.1171875
0 0.7109375 0.9013671875 0.0263671875 0.03125