0 0.363889 0.480000 0.257407 0.274286
0 0.462963 0.412857 0.048148 0.042857
0 0.599074 0.427143 0.053704 0.042857
0 0.438889 0.707143 0.059259 0.048571
0 0.754630 0.384286 0.068519 0.065714
0 0.514815 0.471429 0.055556 0.057143
0 0.673148 0.811429 0.064815 0.057143
0 0.529630 0.572857 0.077778 0.082857
0 0.397222 0.207143 0.072222 0.077143
0 0.652778 0.310000 0.087037 0.060000
0 0.731481 0.562857 0.125926 0.114286
0 0.455556 0.297143 0.100000 0.108571
0 0.350926 0.292857 0.105556 0.094286
0 0.617593 0.697143 0.109259 0.097143
