0 0.728515625 0.173828125 0.099609375 0.1201171875
0 0.833984375 0.1376953125 0.0419921875 0.0439453125
0 0.830078125 0.0859375 0.0361328125 0.0361328125
0 0.6279296875 0.23828125 0.064453125 0.0703125
0 0.884765625 0.556640625 0.0498046875 0.0498046875
0 0.845703125 0.65234375 0.1064453125 0.107421875
0 0.0751953125 0.39453125 0.0751953125 0.076171875
0 0.380859375 0.23828125 0.037109375 0.0390625
0 0.10546875 0.056640625 0.029296875 0.033203125
0 0.1220703125 0.845703125 0.0439453125 0.0439453125
0 0.29296875 0.7236328125 0.0341796875 0.0439453125
0 0.9267578125 0.2822265625 0.044921875 0.0390625