0 0.6357421875 0.2294921875 0.080078125 0.078125
0 0.248046875 0.32421875 0.060546875 0.060546875
0 0.2265625 0.513671875 0.083984375 0.080078125
0 0.30078125 0.484375 0.076171875 0.095703125
0 0.44921875 0.546875 0.0654296875 0.072265625
0 0.3603515625 0.6572265625 0.1064453125 0.1064453125
0 0.298828125 0.75390625 0.09375 0.0830078125
0 0.412109375 0.4013671875 0.0751953125 0.072265625
0 0.486328125 0.470703125 0.0546875 0.0654296875
0 0.3818359375 0.275390625 0.0751953125 0.072265625
0 0.345703125 0.2587890625 0.0859375 0.0859375
0 0.54296875 0.427734375 0.0576171875 0.060546875
0 0.4814453125 0.591796875 0.0595703125 0.0595703125
0 0.482421875 0.6708984375 0.0283203125 0.0390625
0 0.4931640625 0.869140625 0.080078125 0.0751953125
0 0.4912109375 0.8115234375 0.037109375 0.037109375
0 0.6650390625 0.8203125 0.046875 0.0654296875
0 0.740234375 0.853515625 0.0439453125 0.0546875
0 0.802734375 0.833984375 0.0654296875 0.0654296875
0 0.599609375 0.8759765625 0.080078125 0.078125
0 0.5341796875 0.7275390625 0.0810546875 0.099609375
0 0.5439453125 0.3271484375 0.0625 0.060546875
0 0.5791015625 0.294921875 0.080078125 0.0830078125
0 0.6806640625 0.580078125 0.0751953125 0.0830078125
0 0.78515625 0.525390625 0.078125 0.0830078125
0 0.74609375 0.4375 0.083984375 0.080078125
0 0.671875 0.3359375 0.1064453125 0.1064453125
0 0.6953125 0.494140625 0.0986328125 0.1064453125
0 0.5537109375 0.603515625 0.0830078125 0.080078125
0 0.529296875 0.54296875 0.0703125 0.0830078125
0 0.599609375 0.5205078125 0.0908203125 0.109375
0 0.693359375 0.9228515625 0.025390625 0.029296875