0 0.478704 0.590000 0.038889 0.037143
0 0.631481 0.234286 0.044444 0.028571
0 0.409259 0.401429 0.051852 0.037143
0 0.446296 0.544286 0.048148 0.048571
0 0.538889 0.425714 0.062963 0.051429
0 0.484259 0.470000 0.053704 0.054286
0 0.531481 0.722857 0.062963 0.057143
0 0.228704 0.512857 0.064815 0.060000
0 0.299074 0.482857 0.068519 0.062857
0 0.294444 0.755714 0.074074 0.065714
0 0.371296 0.272857 0.083333 0.065714
0 0.671296 0.334286 0.090741 0.074286
0 0.565741 0.305714 0.101852 0.085714
0 0.362963 0.657143 0.103704 0.085714
0 0.572222 0.560000 0.137037 0.154286
0 0.724074 0.508571 0.166667 0.200000
