0 0.28125 0.1533203125 0.0966796875 0.111328125
0 0.1767578125 0.107421875 0.041015625 0.041015625
0 0.1826171875 0.056640625 0.0361328125 0.033203125
0 0.3798828125 0.2265625 0.0625 0.064453125
0 0.115234375 0.5205078125 0.048828125 0.0439453125
0 0.150390625 0.619140625 0.103515625 0.0986328125
0 0.927734375 0.4345703125 0.0732421875 0.0673828125
0 0.626953125 0.25 0.0361328125 0.0361328125
0 0.9072265625 0.09375 0.0283203125 0.029296875
0 0.8681640625 0.880859375 0.0439453125 0.0390625
0 0.701171875 0.7431640625 0.033203125 0.041015625
0 0.080078125 0.2431640625 0.0439453125 0.0361328125