0 0.396484375 0.197265625 0.087890625 0.0966796875
0 0.767578125 0.39453125 0.0673828125 0.0751953125
0 0.767578125 0.587890625 0.0908203125 0.099609375
0 0.6982421875 0.537109375 0.0859375 0.1123046875
0 0.544921875 0.560546875 0.0703125 0.0859375
0 0.6201171875 0.69140625 0.1142578125 0.130859375
0 0.669921875 0.8037109375 0.1015625 0.1064453125
0 0.5986328125 0.427734375 0.0810546875 0.091796875
0 0.5166015625 0.474609375 0.060546875 0.080078125
0 0.640625 0.310546875 0.0810546875 0.087890625
0 0.6787109375 0.302734375 0.09375 0.109375
0 0.466796875 0.416015625 0.064453125 0.0751953125
0 0.5087890625 0.595703125 0.0654296875 0.0751953125
0 0.498046875 0.6728515625 0.03125 0.046875
0 0.4658203125 0.8642578125 0.087890625 0.095703125
0 0.474609375 0.80859375 0.0390625 0.046875
0 0.3017578125 0.7705078125 0.0517578125 0.0751953125
0 0.224609375 0.7841796875 0.0498046875 0.0625
0 0.1650390625 0.7470703125 0.0703125 0.080078125
0 0.3603515625 0.8427734375 0.0859375 0.09375
0 0.44140625 0.7138671875 0.0908203125 0.1201171875
0 0.4765625 0.318359375 0.068359375 0.078125
0 0.4453125 0.275390625 0.087890625 0.103515625
0 0.3134765625 0.529296875 0.0810546875 0.103515625
0 0.216796875 0.4482421875 0.0859375 0.103515625
0 0.2646484375 0.373046875 0.0908203125 0.099609375
0 0.349609375 0.29296875 0.1171875 0.134765625
0 0.30859375 0.443359375 0.107421875 0.130859375
0 0.435546875 0.587890625 0.0908203125 0.099609375
0 0.466796875 0.5341796875 0.078125 0.099609375
0 0.400390625 0.4931640625 0.1015625 0.130859375
0 0.263671875 0.8642578125 0.0283203125 0.0341796875