0 0.2802734375 0.154296875 0.0966796875 0.111328125
0 0.177734375 0.107421875 0.0390625 0.041015625
0 0.1826171875 0.056640625 0.0361328125 0.033203125
0 0.3798828125 0.2255859375 0.0625 0.0654296875
0 0.115234375 0.51953125 0.048828125 0.044921875
0 0.150390625 0.619140625 0.103515625 0.0986328125
0 0.927734375 0.4345703125 0.0732421875 0.068359375
0 0.626953125 0.251953125 0.0361328125 0.0361328125
0 0.9072265625 0.09375 0.0283203125 0.029296875
0 0.8681640625 0.87890625 0.0419921875 0.0390625
0 0.701171875 0.7431640625 0.0341796875 0.0419921875
0 0.080078125 0.2421875 0.0439453125 0.0361328125