0 0.9091796875 0.2568359375 0.095703125 0.1689453125
0 0.341796875 0.333984375 0.087890625 0.15625
0 0.2021484375 0.4521484375 0.060546875 0.1064453125
0 0.662109375 0.1689453125 0.177734375 0.294921875
0 0.7744140625 0.3662109375 0.037109375 0.064453125
0 0.8232421875 0.3564453125 0.0234375 0.041015625
0 0.873046875 0.498046875 0.033203125 0.0546875
0 0.6455078125 0.556640625 0.041015625 0.0732421875
0 0.8173828125 0.576171875 0.0439453125 0.0830078125
0 0.48046875 0.703125 0.052734375 0.099609375
0 0.67578125 0.787109375 0.123046875 0.203125
0 0.525390625 0.494140625 0.203125 0.337890625
0 0.345703125 0.556640625 0.083984375 0.1484375
0 0.2392578125 0.7392578125 0.052734375 0.095703125
0 0.3857421875 0.8388671875 0.033203125 0.052734375