0 0.099609375 0.2197265625 0.0908203125 0.1611328125
0 0.6630859375 0.349609375 0.0830078125 0.1484375
0 0.798828125 0.4794921875 0.0576171875 0.099609375
0 0.34765625 0.154296875 0.169921875 0.28125
0 0.23046875 0.341796875 0.0361328125 0.060546875
0 0.181640625 0.326171875 0.021484375 0.0390625
0 0.126953125 0.462890625 0.03125 0.052734375
0 0.353515625 0.5419921875 0.0390625 0.068359375
0 0.181640625 0.5458984375 0.041015625 0.080078125
0 0.513671875 0.7041015625 0.0517578125 0.09375
0 0.31640625 0.7705078125 0.119140625 0.193359375
0 0.474609375 0.4921875 0.193359375 0.322265625
0 0.6533203125 0.5703125 0.080078125 0.142578125
0 0.75390625 0.76171875 0.0517578125 0.091796875
0 0.603515625 0.8486328125 0.03125 0.0517578125