0 0.220703125 0.0810546875 0.015625 0.0283203125
0 0.0546875 0.0068359375 0.015625 0.013671875
0 0.3388671875 0.1279296875 0.015625 0.0283203125
0 0.3291015625 0.1259765625 0.015625 0.025390625
0 0.69921875 0.259765625 0.0205078125 0.029296875
0 0.8134765625 0.291015625 0.017578125 0.029296875
0 0.74609375 0.2685546875 0.0126953125 0.0263671875
0 0.8798828125 0.3310546875 0.013671875 0.0234375
0 0.857421875 0.427734375 0.068359375 0.1279296875
0 0.54296875 0.3798828125 0.1171875 0.220703125
0 0.6318359375 0.3681640625 0.1044921875 0.203125
0 0.986328125 0.544921875 0.0263671875 0.138671875
0 0.9375 0.5693359375 0.111328125 0.2890625
0 0.908203125 0.560546875 0.166015625 0.3154296875
0 0.87109375 0.568359375 0.0361328125 0.0810546875
0 0.7431640625 0.4990234375 0.232421875 0.4189453125
0 0.8046875 0.5458984375 0.0390625 0.099609375
0 0.83203125 0.501953125 0.037109375 0.095703125
0 0.833984375 0.6318359375 0.052734375 0.080078125
0 0.623046875 0.52734375 0.0595703125 0.09375
0 0.646484375 0.48046875 0.0361328125 0.076171875
0 0.60546875 0.443359375 0.091796875 0.1796875
0 0.451171875 0.333984375 0.1044921875 0.2109375
0 0.435546875 0.3642578125 0.056640625 0.1044921875
0 0.416015625 0.3984375 0.052734375 0.091796875
0 0.3759765625 0.416015625 0.083984375 0.1611328125
0 0.34765625 0.314453125 0.142578125 0.2734375
0 0.361328125 0.3623046875 0.046875 0.099609375
0 0.279296875 0.3740234375 0.1044921875 0.1904296875
0 0.322265625 0.330078125 0.046875 0.1064453125
0 0.2412109375 0.2548828125 0.1171875 0.2216796875
0 0.259765625 0.2958984375 0.037109375 0.080078125
0 0.208984375 0.3212890625 0.083984375 0.1279296875
0 0.2265625 0.2783203125 0.0439453125 0.0859375
0 0.14453125 0.2314453125 0.1279296875 0.2470703125
0 0.083984375 0.1201171875 0.087890625 0.173828125
0 0.0732421875 0.1337890625 0.0498046875 0.076171875
0 0.056640625 0.2333984375 0.0966796875 0.2529296875
0 0.0439453125 0.1142578125 0.03125 0.0595703125