0 0.0751953125 0.228515625 0.0595703125 0.0732421875
0 0.044921875 0.287109375 0.0576171875 0.080078125
0 0.119140625 0.2607421875 0.064453125 0.078125
0 0.080078125 0.349609375 0.0654296875 0.087890625
0 0.4365234375 0.1474609375 0.0625 0.095703125
0 0.318359375 0.4541015625 0.076171875 0.125
0 0.427734375 0.6162109375 0.0751953125 0.1376953125
0 0.3466796875 0.712890625 0.078125 0.123046875
0 0.2763671875 0.7333984375 0.078125 0.0986328125
0 0.072265625 0.7080078125 0.0751953125 0.0859375
0 0.091796875 0.7744140625 0.052734375 0.0576171875
0 0.115234375 0.8095703125 0.0625 0.0732421875
0 0.0234375 0.6494140625 0.0419921875 0.0908203125
0 0.01953125 0.7548828125 0.0283203125 0.078125
0 0.0361328125 0.84375 0.056640625 0.1123046875
0 0.1875 0.3125 0.068359375 0.0751953125
0 0.1181640625 0.427734375 0.0625 0.0810546875
0 0.181640625 0.455078125 0.087890625 0.126953125
0 0.189453125 0.369140625 0.078125 0.099609375
0 0.2802734375 0.3515625 0.076171875 0.111328125
0 0.244140625 0.392578125 0.0859375 0.134765625
0 0.24609375 0.494140625 0.09375 0.130859375
0 0.36328125 0.416015625 0.0703125 0.0830078125
0 0.4033203125 0.5361328125 0.0859375 0.138671875
0 0.392578125 0.4638671875 0.083984375 0.09375
0 0.287109375 0.58203125 0.0859375 0.115234375
0 0.345703125 0.5185546875 0.080078125 0.1015625
0 0.357421875 0.6171875 0.083984375 0.134765625
0 0.5166015625 0.255859375 0.046875 0.0595703125
0 0.4677734375 0.0625 0.0546875 0.0576171875
0 0.494140625 0.119140625 0.0595703125 0.0908203125
0 0.533203125 0.3251953125 0.0419921875 0.0595703125
0 0.548828125 0.080078125 0.060546875 0.095703125
0 0.7080078125 0.017578125 0.068359375 0.03515625
0 0.5771484375 0.033203125 0.0732421875 0.0654296875
0 0.623046875 0.078125 0.0751953125 0.087890625
0 0.6328125 0.146484375 0.0625 0.0986328125
0 0.9013671875 0.4013671875 0.0625 0.0908203125
0 0.8955078125 0.0400390625 0.056640625 0.080078125
0 0.953125 0.0302734375 0.0595703125 0.060546875
0 0.7412109375 0.1181640625 0.046875 0.068359375
0 0.685546875 0.0986328125 0.078125 0.09375
0 0.6787109375 0.037109375 0.056640625 0.07421875
0 0.6748046875 0.5927734375 0.0703125 0.125
0 0.6435546875 0.541015625 0.080078125 0.1044921875
0 0.716796875 0.513671875 0.068359375 0.1435546875
0 0.9560546875 0.4169921875 0.087890625 0.126953125
0 0.5966796875 0.8359375 0.0859375 0.142578125
0 0.9189453125 0.513671875 0.072265625 0.109375
0 0.787109375 0.4833984375 0.095703125 0.142578125
0 0.951171875 0.5078125 0.048828125 0.0830078125
0 0.912109375 0.67578125 0.087890625 0.138671875
0 0.888671875 0.5869140625 0.060546875 0.126953125
0 0.884765625 0.4931640625 0.0546875 0.0732421875
0 0.8212890625 0.59375 0.087890625 0.1455078125
0 0.84765625 0.5146484375 0.0654296875 0.0751953125
0 0.970703125 0.548828125 0.0576171875 0.1064453125
0 0.8466796875 0.658203125 0.0859375 0.1455078125
0 0.859375 0.544921875 0.048828125 0.0595703125
0 0.794921875 0.548828125 0.080078125 0.095703125
0 0.9697265625 0.658203125 0.060546875 0.140625
0 0.9580078125 0.7685546875 0.0498046875 0.0673828125
0 0.947265625 0.6025390625 0.056640625 0.0751953125
0 0.68359375 0.7734375 0.0732421875 0.109375
0 0.8046875 0.84375 0.0859375 0.1123046875
0 0.7841796875 0.8779296875 0.0751953125 0.1044921875
0 0.576171875 0.935546875 0.0810546875 0.1201171875
0 0.7451171875 0.802734375 0.09375 0.1611328125
0 0.7275390625 0.8193359375 0.091796875 0.1328125
0 0.7109375 0.8974609375 0.0751953125 0.1298828125
0 0.6953125 0.451171875 0.052734375 0.0859375
0 0.7041015625 0.66796875 0.052734375 0.076171875
0 0.654296875 0.943359375 0.080078125 0.0751953125
0 0.64453125 0.888671875 0.0576171875 0.078125