0 0.0810546875 0.1767578125 0.0576171875 0.0673828125
0 0.05078125 0.2314453125 0.056640625 0.072265625
0 0.1240234375 0.2158203125 0.0625 0.0703125
0 0.083984375 0.298828125 0.0625 0.080078125
0 0.4443359375 0.140625 0.060546875 0.087890625
0 0.3193359375 0.431640625 0.0751953125 0.1171875
0 0.42578125 0.607421875 0.0732421875 0.1298828125
0 0.341796875 0.693359375 0.076171875 0.1142578125
0 0.271484375 0.705078125 0.0751953125 0.0908203125
0 0.068359375 0.6552734375 0.0732421875 0.078125
0 0.087890625 0.724609375 0.052734375 0.0517578125
0 0.1083984375 0.76171875 0.060546875 0.0673828125
0 0.0205078125 0.5908203125 0.041015625 0.0859375
0 0.0146484375 0.697265625 0.0263671875 0.0751953125
0 0.029296875 0.787109375 0.0546875 0.1064453125
0 0.1923828125 0.275390625 0.0673828125 0.0673828125
0 0.1201171875 0.380859375 0.060546875 0.0751953125
0 0.1826171875 0.4169921875 0.0859375 0.1171875
0 0.193359375 0.33203125 0.0751953125 0.091796875
0 0.2841796875 0.3251953125 0.0751953125 0.1015625
0 0.2470703125 0.361328125 0.083984375 0.123046875
0 0.2470703125 0.462890625 0.0908203125 0.1201171875
0 0.365234375 0.400390625 0.068359375 0.0751953125
0 0.4033203125 0.5244140625 0.083984375 0.1279296875
0 0.39453125 0.451171875 0.0810546875 0.083984375
0 0.2861328125 0.556640625 0.083984375 0.1044921875
0 0.345703125 0.5 0.078125 0.091796875
0 0.35546875 0.599609375 0.0830078125 0.125
0 0.5224609375 0.2587890625 0.046875 0.0546875
0 0.4775390625 0.05859375 0.0546875 0.0517578125
0 0.5029296875 0.1201171875 0.056640625 0.083984375
0 0.537109375 0.3291015625 0.041015625 0.0546875
0 0.556640625 0.087890625 0.0595703125 0.087890625
0 0.720703125 0.029296875 0.0654296875 0.0576171875
0 0.5888671875 0.037109375 0.072265625 0.0732421875
0 0.6328125 0.09375 0.0732421875 0.080078125
0 0.640625 0.1630859375 0.060546875 0.091796875
0 0.9033203125 0.451171875 0.060546875 0.083984375
0 0.9052734375 0.0849609375 0.0546875 0.083984375
0 0.9638671875 0.0712890625 0.0576171875 0.087890625
0 0.75 0.1484375 0.044921875 0.064453125
0 0.6943359375 0.1220703125 0.076171875 0.083984375
0 0.689453125 0.0576171875 0.056640625 0.0732421875
0 0.6728515625 0.615234375 0.0673828125 0.1171875
0 0.642578125 0.55859375 0.078125 0.0966796875
0 0.7158203125 0.541015625 0.0654296875 0.1357421875
0 0.95703125 0.4736328125 0.0859375 0.115234375
0 0.58984375 0.84765625 0.083984375 0.130859375
0 0.91796875 0.564453125 0.0703125 0.099609375
0 0.787109375 0.51953125 0.091796875 0.130859375
0 0.951171875 0.5634765625 0.046875 0.078125
0 0.908203125 0.7265625 0.0859375 0.1279296875
0 0.88671875 0.634765625 0.0576171875 0.1201171875
0 0.884765625 0.5400390625 0.052734375 0.0673828125
0 0.818359375 0.6328125 0.083984375 0.134765625
0 0.8466796875 0.556640625 0.064453125 0.0673828125
0 0.970703125 0.607421875 0.0576171875 0.099609375
0 0.8427734375 0.7001953125 0.0830078125 0.1376953125
0 0.8583984375 0.58984375 0.046875 0.0546875
0 0.794921875 0.5849609375 0.078125 0.0859375
0 0.96875 0.7158203125 0.0625 0.134765625
0 0.951171875 0.8251953125 0.048828125 0.060546875
0 0.943359375 0.6572265625 0.056640625 0.0673828125
0 0.677734375 0.794921875 0.072265625 0.1015625
0 0.7958984375 0.880859375 0.0830078125 0.1015625
0 0.775390625 0.912109375 0.0732421875 0.0966796875
0 0.56640625 0.943359375 0.080078125 0.111328125
0 0.73828125 0.83203125 0.0908203125 0.1513671875
0 0.720703125 0.8466796875 0.0908203125 0.123046875
0 0.701171875 0.923828125 0.0732421875 0.1220703125
0 0.6962890625 0.474609375 0.0517578125 0.080078125
0 0.7001953125 0.6923828125 0.0517578125 0.0703125
0 0.6435546875 0.962890625 0.078125 0.0654296875
0 0.6357421875 0.9052734375 0.056640625 0.0703125