0 0.083984375 0.1591796875 0.0576171875 0.064453125
0 0.052734375 0.212890625 0.056640625 0.0703125
0 0.126953125 0.19921875 0.0625 0.068359375
0 0.0859375 0.2822265625 0.064453125 0.078125
0 0.447265625 0.138671875 0.060546875 0.0859375
0 0.3203125 0.4248046875 0.0732421875 0.1123046875
0 0.4248046875 0.6044921875 0.072265625 0.126953125
0 0.341796875 0.6875 0.0751953125 0.1123046875
0 0.2705078125 0.697265625 0.0751953125 0.087890625
0 0.0673828125 0.638671875 0.072265625 0.0751953125
0 0.0849609375 0.70703125 0.052734375 0.0498046875
0 0.107421875 0.74609375 0.060546875 0.064453125
0 0.0205078125 0.572265625 0.041015625 0.0859375
0 0.013671875 0.6767578125 0.0263671875 0.0751953125
0 0.02734375 0.767578125 0.052734375 0.1044921875
0 0.193359375 0.2626953125 0.0654296875 0.0654296875
0 0.12109375 0.365234375 0.060546875 0.072265625
0 0.18359375 0.404296875 0.083984375 0.1123046875
0 0.193359375 0.3193359375 0.0751953125 0.0888671875
0 0.2861328125 0.31640625 0.0732421875 0.099609375
0 0.248046875 0.3515625 0.0830078125 0.1201171875
0 0.2470703125 0.4521484375 0.0908203125 0.1171875
0 0.3662109375 0.3935546875 0.0673828125 0.072265625
0 0.40234375 0.5205078125 0.0830078125 0.125
0 0.39453125 0.447265625 0.0810546875 0.0810546875
0 0.2861328125 0.5478515625 0.0830078125 0.1015625
0 0.3447265625 0.494140625 0.078125 0.0888671875
0 0.3544921875 0.59375 0.0810546875 0.1220703125
0 0.5244140625 0.259765625 0.044921875 0.052734375
0 0.4814453125 0.05859375 0.052734375 0.0498046875
0 0.505859375 0.1201171875 0.056640625 0.0810546875
0 0.537109375 0.330078125 0.041015625 0.052734375
0 0.560546875 0.08984375 0.0595703125 0.0859375
0 0.7236328125 0.03515625 0.064453125 0.0654296875
0 0.591796875 0.0380859375 0.072265625 0.0751953125
0 0.6357421875 0.099609375 0.0732421875 0.0751953125
0 0.642578125 0.1689453125 0.0595703125 0.0888671875
0 0.904296875 0.4677734375 0.060546875 0.0810546875
0 0.908203125 0.1025390625 0.052734375 0.0810546875
0 0.966796875 0.0908203125 0.0576171875 0.0859375
0 0.751953125 0.158203125 0.0439453125 0.0625
0 0.697265625 0.130859375 0.0751953125 0.0810546875
0 0.693359375 0.06640625 0.0546875 0.0703125
0 0.671875 0.6220703125 0.0673828125 0.1142578125
0 0.642578125 0.564453125 0.078125 0.091796875
0 0.7158203125 0.5498046875 0.0654296875 0.1328125
0 0.95703125 0.4921875 0.0859375 0.1123046875
0 0.587890625 0.8505859375 0.0830078125 0.1279296875
0 0.9169921875 0.5810546875 0.0703125 0.0986328125
0 0.787109375 0.5302734375 0.0908203125 0.1279296875
0 0.951171875 0.5810546875 0.044921875 0.0751953125
0 0.90625 0.7431640625 0.083984375 0.125
0 0.884765625 0.650390625 0.0576171875 0.1171875
0 0.8837890625 0.556640625 0.0517578125 0.0654296875
0 0.8173828125 0.646484375 0.0830078125 0.130859375
0 0.845703125 0.572265625 0.064453125 0.0654296875
0 0.970703125 0.626953125 0.0576171875 0.0986328125
0 0.841796875 0.7138671875 0.0810546875 0.1328125
0 0.857421875 0.6044921875 0.046875 0.0517578125
0 0.7939453125 0.59765625 0.076171875 0.0830078125
0 0.96875 0.7373046875 0.0625 0.130859375
0 0.9482421875 0.8427734375 0.048828125 0.0576171875
0 0.943359375 0.67578125 0.0546875 0.0654296875
0 0.6748046875 0.802734375 0.0703125 0.0986328125
0 0.7939453125 0.892578125 0.0830078125 0.0986328125
0 0.7724609375 0.923828125 0.072265625 0.091796875
0 0.5634765625 0.9462890625 0.078125 0.107421875
0 0.736328125 0.841796875 0.0888671875 0.1484375
0 0.716796875 0.857421875 0.0888671875 0.1201171875
0 0.69921875 0.931640625 0.072265625 0.1171875
0 0.697265625 0.482421875 0.0498046875 0.078125
0 0.6982421875 0.7001953125 0.0517578125 0.068359375
0 0.6396484375 0.9677734375 0.078125 0.0625
0 0.6328125 0.9111328125 0.056640625 0.068359375