0 0.1611328125 0.30078125 0.013671875 0.0283203125
0 0.2802734375 0.263671875 0.015625 0.0283203125
0 0.2705078125 0.2685546875 0.015625 0.025390625
0 0.640625 0.138671875 0.0185546875 0.029296875
0 0.7529296875 0.091796875 0.015625 0.029296875
0 0.6865234375 0.1171875 0.0126953125 0.0263671875
0 0.8232421875 0.083984375 0.013671875 0.025390625
0 0.8193359375 0.189453125 0.0673828125 0.126953125
0 0.517578125 0.3583984375 0.1142578125 0.216796875
0 0.5986328125 0.287109375 0.103515625 0.201171875
0 0.9677734375 0.205078125 0.0361328125 0.1376953125
0 0.921875 0.267578125 0.109375 0.287109375
0 0.892578125 0.279296875 0.162109375 0.310546875
0 0.859375 0.3115234375 0.0361328125 0.0810546875
0 0.7265625 0.333984375 0.2314453125 0.4140625
0 0.7939453125 0.3359375 0.0390625 0.0986328125
0 0.810546875 0.2763671875 0.0361328125 0.09375
0 0.8369140625 0.3955078125 0.052734375 0.078125
0 0.62109375 0.4423828125 0.0595703125 0.0908203125
0 0.6328125 0.380859375 0.0361328125 0.0751953125
0 0.587890625 0.3759765625 0.0908203125 0.1796875
0 0.423828125 0.3798828125 0.1044921875 0.208984375
0 0.4140625 0.4169921875 0.056640625 0.103515625
0 0.4033203125 0.462890625 0.0517578125 0.0888671875
0 0.3681640625 0.505859375 0.0830078125 0.158203125
0 0.322265625 0.431640625 0.140625 0.2685546875
0 0.3447265625 0.4658203125 0.046875 0.099609375
0 0.2705078125 0.5341796875 0.1044921875 0.1875
0 0.302734375 0.462890625 0.044921875 0.1044921875
0 0.2119140625 0.4482421875 0.1171875 0.220703125
0 0.2373046875 0.4736328125 0.037109375 0.078125
0 0.193359375 0.533203125 0.0830078125 0.126953125
0 0.203125 0.4794921875 0.0439453125 0.0859375
0 0.1171875 0.4921875 0.126953125 0.244140625
0 0.041015625 0.4287109375 0.08203125 0.169921875
0 0.033203125 0.44921875 0.0498046875 0.076171875
0 0.041015625 0.552734375 0.08203125 0.25
0 0.0078125 0.451171875 0.015625 0.0576171875