0 0.81640625 0.1904296875 0.0126953125 0.0234375
0 0.986328125 0.1728515625 0.0126953125 0.021484375
0 0.6943359375 0.193359375 0.0126953125 0.0234375
0 0.705078125 0.1953125 0.015625 0.021484375
0 0.328125 0.1904296875 0.017578125 0.0234375
0 0.2138671875 0.1806640625 0.013671875 0.025390625
0 0.28125 0.1845703125 0.0107421875 0.0234375
0 0.1435546875 0.1962890625 0.0126953125 0.021484375
0 0.1572265625 0.2998046875 0.0576171875 0.109375
0 0.4697265625 0.3662109375 0.099609375 0.1875
0 0.384765625 0.322265625 0.087890625 0.1748046875
0 0.01171875 0.365234375 0.0234375 0.1328125
0 0.0634765625 0.4091796875 0.0859375 0.2626953125
0 0.09375 0.4111328125 0.140625 0.2685546875
0 0.12890625 0.4326171875 0.029296875 0.072265625
0 0.26171875 0.4111328125 0.201171875 0.353515625
0 0.1962890625 0.435546875 0.029296875 0.0888671875
0 0.173828125 0.3818359375 0.029296875 0.0859375
0 0.158203125 0.5087890625 0.048828125 0.064453125
0 0.3759765625 0.482421875 0.052734375 0.0751953125
0 0.3583984375 0.427734375 0.029296875 0.0673828125
0 0.40234375 0.4052734375 0.078125 0.15625
0 0.564453125 0.35546875 0.0888671875 0.1826171875
0 0.5771484375 0.390625 0.048828125 0.0888671875
0 0.591796875 0.4306640625 0.046875 0.076171875
0 0.630859375 0.462890625 0.072265625 0.1376953125
0 0.66796875 0.373046875 0.1220703125 0.232421875
0 0.6494140625 0.4150390625 0.0390625 0.0888671875
0 0.7294921875 0.45703125 0.0908203125 0.1611328125
0 0.6923828125 0.3984375 0.0361328125 0.09375
0 0.779296875 0.353515625 0.1015625 0.1875
0 0.755859375 0.3876953125 0.03125 0.068359375
0 0.8046875 0.4296875 0.0751953125 0.1015625
0 0.7900390625 0.3818359375 0.037109375 0.0751953125
0 0.8759765625 0.3662109375 0.109375 0.2109375
0 0.9462890625 0.2783203125 0.0751953125 0.150390625
0 0.955078125 0.294921875 0.0439453125 0.0625
0 0.9619140625 0.3994140625 0.076171875 0.228515625
0 0.986328125 0.287109375 0.0263671875 0.0517578125