0 0.828125 0.2412109375 0.0576171875 0.056640625
0 0.849609375 0.2880859375 0.0576171875 0.052734375
0 0.517578125 0.353515625 0.0205078125 0.0263671875
0 0.5107421875 0.333984375 0.0185546875 0.0234375
0 0.5517578125 0.3525390625 0.0419921875 0.048828125
0 0.587890625 0.349609375 0.0361328125 0.029296875
0 0.576171875 0.3310546875 0.0185546875 0.0185546875
0 0.595703125 0.3017578125 0.0283203125 0.0234375
0 0.6171875 0.3271484375 0.0283203125 0.0263671875
0 0.2001953125 0.54296875 0.078125 0.0859375
0 0.171875 0.4794921875 0.052734375 0.064453125
0 0.2177734375 0.4677734375 0.052734375 0.064453125
0 0.212890625 0.392578125 0.0185546875 0.0185546875
0 0.2197265625 0.373046875 0.0283203125 0.0263671875
0 0.244140625 0.36328125 0.0390625 0.0419921875
0 0.2763671875 0.35546875 0.0361328125 0.044921875
0 0.302734375 0.306640625 0.021484375 0.0234375
0 0.1005859375 0.32421875 0.025390625 0.0263671875
0 0.076171875 0.4326171875 0.0205078125 0.0263671875
0 0.115234375 0.4326171875 0.0390625 0.037109375
0 0.044921875 0.529296875 0.078125 0.0859375
0 0.0087890625 0.4912109375 0.017578125 0.029296875
0 0.021484375 0.486328125 0.017578125 0.0234375
0 0.419921875 0.369140625 0.052734375 0.052734375
0 0.474609375 0.3486328125 0.0498046875 0.056640625
0 0.3544921875 0.333984375 0.021484375 0.0263671875
0 0.3896484375 0.3369140625 0.046875 0.044921875
0 0.2958984375 0.5146484375 0.150390625 0.1796875
0 0.333984375 0.3955078125 0.017578125 0.0185546875
0 0.38671875 0.55078125 0.0419921875 0.044921875
0 0.3759765625 0.5107421875 0.013671875 0.0185546875
0 0.380859375 0.4794921875 0.046875 0.056640625
0 0.2763671875 0.6083984375 0.0361328125 0.029296875
0 0.251953125 0.59375 0.0283203125 0.0263671875
0 0.234375 0.7060546875 0.025390625 0.029296875
0 0.07421875 0.7587890625 0.046875 0.044921875
0 0.208984375 0.8408203125 0.0361328125 0.0419921875
0 0.07421875 0.9306640625 0.0283203125 0.037109375
0 0.322265625 0.6123046875 0.03125 0.0263671875
0 0.4130859375 0.5224609375 0.0419921875 0.0625
0 0.4130859375 0.4677734375 0.0185546875 0.0234375
0 0.439453125 0.4755859375 0.0361328125 0.037109375
0 0.462890625 0.505859375 0.052734375 0.0673828125
0 0.4873046875 0.4326171875 0.0283203125 0.0263671875
0 0.5087890625 0.40234375 0.025390625 0.0263671875
0 0.4521484375 0.6103515625 0.0419921875 0.0419921875
0 0.421875 0.755859375 0.033203125 0.029296875
0 0.484375 0.6904296875 0.025390625 0.0263671875
0 0.5087890625 0.677734375 0.0283203125 0.037109375
0 0.513671875 0.826171875 0.0283203125 0.029296875
0 0.5 0.90234375 0.0283203125 0.029296875
0 0.4599609375 0.98828125 0.0205078125 0.0234375
0 0.634765625 0.8857421875 0.0419921875 0.048828125
0 0.6953125 0.8896484375 0.033203125 0.037109375
0 0.7236328125 0.876953125 0.0390625 0.0419921875
0 0.7626953125 0.865234375 0.046875 0.048828125
0 0.5810546875 0.6123046875 0.0361328125 0.0263671875
0 0.580078125 0.5751953125 0.0498046875 0.044921875
0 0.6171875 0.529296875 0.021484375 0.029296875
0 0.6064453125 0.595703125 0.0361328125 0.029296875
0 0.623046875 0.6220703125 0.0283203125 0.0419921875
0 0.646484375 0.6142578125 0.0283203125 0.037109375
0 0.6630859375 0.5615234375 0.046875 0.0419921875
0 0.6298828125 0.7734375 0.064453125 0.064453125
0 0.685546875 0.732421875 0.0390625 0.037109375
0 0.73046875 0.7265625 0.033203125 0.037109375
0 0.5302734375 0.6259765625 0.03125 0.029296875
0 0.5234375 0.580078125 0.0498046875 0.064453125
0 0.5458984375 0.6044921875 0.025390625 0.0185546875
0 0.5693359375 0.728515625 0.0205078125 0.029296875
0 0.55859375 0.7080078125 0.025390625 0.0234375
0 0.5810546875 0.6875 0.0390625 0.037109375
0 0.6103515625 0.669921875 0.0361328125 0.0341796875
0 0.658203125 0.6904296875 0.0810546875 0.09375
0 0.7041015625 0.6943359375 0.0419921875 0.044921875
0 0.556640625 0.853515625 0.025390625 0.029296875
0 0.6259765625 0.833984375 0.025390625 0.0234375
0 0.501953125 0.990234375 0.033203125 0.0185546875
0 0.6826171875 0.9853515625 0.0205078125 0.0263671875
0 0.7109375 0.982421875 0.0419921875 0.0341796875
0 0.7587890625 0.8095703125 0.025390625 0.0263671875
0 0.828125 0.8740234375 0.025390625 0.029296875
0 0.828125 0.876953125 0.025390625 0.029296875
0 0.650390625 0.41796875 0.0283203125 0.029296875
0 0.6689453125 0.3671875 0.1064453125 0.1015625
0 0.73046875 0.439453125 0.033203125 0.029296875
0 0.736328125 0.4140625 0.025390625 0.0234375
0 0.7568359375 0.4384765625 0.03125 0.0341796875
0 0.8046875 0.45703125 0.0390625 0.037109375
0 0.833984375 0.5 0.0390625 0.037109375
0 0.880859375 0.505859375 0.025390625 0.0263671875
0 0.828125 0.3837890625 0.046875 0.052734375
0 0.9130859375 0.3427734375 0.033203125 0.029296875
0 0.9453125 0.3203125 0.033203125 0.0263671875
0 0.939453125 0.2958984375 0.0283203125 0.0263671875
0 0.9482421875 0.576171875 0.0419921875 0.044921875
0 0.98046875 0.603515625 0.025390625 0.0263671875
0 0.986328125 0.552734375 0.021484375 0.0263671875
0 0.9482421875 0.673828125 0.025390625 0.029296875
0 0.990234375 0.654296875 0.0185546875 0.021484375
0 0.841796875 0.810546875 0.025390625 0.0263671875
0 0.9130859375 0.86328125 0.125 0.1279296875
0 0.9130859375 0.7841796875 0.046875 0.044921875
0 0.9765625 0.7451171875 0.0361328125 0.037109375
0 0.9873046875 0.8486328125 0.025390625 0.0341796875
0 0.845703125 0.986328125 0.052734375 0.0263671875
0 0.8740234375 0.978515625 0.0419921875 0.0419921875
0 0.8740234375 0.91796875 0.0185546875 0.0263671875
0 0.921875 0.9814453125 0.052734375 0.037109375