0 0.1591796875 0.259765625 0.060546875 0.060546875
0 0.1396484375 0.306640625 0.060546875 0.056640625
0 0.474609375 0.35546875 0.025390625 0.0263671875
0 0.48046875 0.3349609375 0.0185546875 0.0234375
0 0.44140625 0.35546875 0.046875 0.052734375
0 0.404296875 0.35546875 0.0361328125 0.0341796875
0 0.416015625 0.3349609375 0.0185546875 0.0234375
0 0.3935546875 0.306640625 0.0283203125 0.0263671875
0 0.3740234375 0.333984375 0.0283203125 0.0263671875
0 0.8017578125 0.5263671875 0.0810546875 0.0908203125
0 0.828125 0.4609375 0.0576171875 0.0673828125
0 0.7802734375 0.453125 0.0576171875 0.064453125
0 0.7822265625 0.376953125 0.0185546875 0.0185546875
0 0.7734375 0.357421875 0.0283203125 0.0263671875
0 0.748046875 0.349609375 0.0390625 0.044921875
0 0.716796875 0.3447265625 0.0390625 0.044921875
0 0.6884765625 0.2958984375 0.0205078125 0.0234375
0 0.888671875 0.3017578125 0.025390625 0.0263671875
0 0.919921875 0.41015625 0.021484375 0.0263671875
0 0.880859375 0.41015625 0.0390625 0.0419921875
0 0.955078125 0.505859375 0.0810546875 0.0908203125
0 0.9892578125 0.466796875 0.0185546875 0.0341796875
0 0.9765625 0.4609375 0.021484375 0.0234375
0 0.572265625 0.365234375 0.052734375 0.056640625
0 0.517578125 0.345703125 0.052734375 0.060546875
0 0.63671875 0.326171875 0.025390625 0.0263671875
0 0.6005859375 0.3310546875 0.0498046875 0.048828125
0 0.705078125 0.50390625 0.15625 0.1904296875
0 0.662109375 0.3857421875 0.0205078125 0.0185546875
0 0.6171875 0.54296875 0.046875 0.048828125
0 0.6240234375 0.505859375 0.013671875 0.0185546875
0 0.619140625 0.4716796875 0.0498046875 0.060546875
0 0.728515625 0.595703125 0.0361328125 0.0341796875
0 0.75390625 0.580078125 0.033203125 0.0263671875
0 0.7763671875 0.6904296875 0.0283203125 0.029296875
0 0.9384765625 0.736328125 0.0498046875 0.048828125
0 0.80859375 0.82421875 0.0390625 0.0419921875
0 0.9453125 0.90625 0.033203125 0.037109375
0 0.6826171875 0.6005859375 0.0361328125 0.029296875
0 0.587890625 0.5185546875 0.046875 0.0673828125
0 0.5849609375 0.462890625 0.0205078125 0.0234375
0 0.560546875 0.4716796875 0.0361328125 0.037109375
0 0.537109375 0.50390625 0.0576171875 0.072265625
0 0.5087890625 0.4306640625 0.0283203125 0.0263671875
0 0.4873046875 0.40234375 0.025390625 0.0263671875
0 0.552734375 0.6083984375 0.0419921875 0.0419921875
0 0.5908203125 0.7529296875 0.0361328125 0.0341796875
0 0.525390625 0.689453125 0.025390625 0.0263671875
0 0.5 0.677734375 0.033203125 0.037109375
0 0.501953125 0.826171875 0.0283203125 0.029296875
0 0.51953125 0.900390625 0.0283203125 0.029296875
0 0.564453125 0.9853515625 0.0205078125 0.0263671875
0 0.384765625 0.892578125 0.046875 0.052734375
0 0.32421875 0.8994140625 0.0361328125 0.037109375
0 0.2958984375 0.8876953125 0.0419921875 0.044921875
0 0.255859375 0.8779296875 0.046875 0.052734375
0 0.423828125 0.6162109375 0.0361328125 0.029296875
0 0.42578125 0.5791015625 0.052734375 0.048828125
0 0.3828125 0.537109375 0.025390625 0.029296875
0 0.3994140625 0.6005859375 0.0361328125 0.0341796875
0 0.384765625 0.626953125 0.0283203125 0.0419921875
0 0.357421875 0.623046875 0.03125 0.037109375
0 0.3408203125 0.5712890625 0.0498046875 0.0419921875
0 0.3828125 0.78125 0.0673828125 0.0673828125
0 0.326171875 0.7412109375 0.0390625 0.0419921875
0 0.2822265625 0.740234375 0.03125 0.0419921875
0 0.4765625 0.626953125 0.033203125 0.0341796875
0 0.48046875 0.58203125 0.052734375 0.0673828125
0 0.458984375 0.607421875 0.025390625 0.0234375
0 0.443359375 0.732421875 0.025390625 0.029296875
0 0.4521484375 0.7119140625 0.025390625 0.0234375
0 0.427734375 0.6904296875 0.0419921875 0.0419921875
0 0.3994140625 0.67578125 0.0361328125 0.037109375
0 0.353515625 0.7001953125 0.0859375 0.0986328125
0 0.3046875 0.7060546875 0.046875 0.044921875
0 0.4609375 0.857421875 0.0283203125 0.0341796875
0 0.3896484375 0.8388671875 0.025390625 0.0234375
0 0.5185546875 0.98828125 0.03125 0.0234375
0 0.3408203125 0.990234375 0.021484375 0.0185546875
0 0.310546875 0.9853515625 0.046875 0.029296875
0 0.2568359375 0.822265625 0.025390625 0.029296875
0 0.19140625 0.8916015625 0.0283203125 0.0341796875
0 0.19140625 0.892578125 0.025390625 0.0341796875
0 0.345703125 0.427734375 0.03125 0.029296875
0 0.32421875 0.376953125 0.111328125 0.109375
0 0.267578125 0.451171875 0.03125 0.029296875
0 0.2607421875 0.427734375 0.025390625 0.0234375
0 0.2392578125 0.453125 0.033203125 0.0341796875
0 0.193359375 0.4736328125 0.0419921875 0.0419921875
0 0.1689453125 0.5185546875 0.0419921875 0.0419921875
0 0.1201171875 0.5283203125 0.025390625 0.0263671875
0 0.166015625 0.400390625 0.046875 0.052734375
0 0.080078125 0.365234375 0.0361328125 0.033203125
0 0.0458984375 0.3447265625 0.03125 0.0263671875
0 0.0498046875 0.3203125 0.0283203125 0.0263671875
0 0.0546875 0.6005859375 0.0419921875 0.048828125
0 0.025390625 0.62890625 0.025390625 0.0263671875
0 0.017578125 0.5791015625 0.025390625 0.029296875
0 0.0615234375 0.6982421875 0.025390625 0.029296875
0 0.015625 0.68359375 0.0185546875 0.0234375
0 0.173828125 0.830078125 0.025390625 0.029296875
0 0.1064453125 0.8857421875 0.130859375 0.1357421875
0 0.1005859375 0.806640625 0.0498046875 0.044921875
0 0.03515625 0.771484375 0.0361328125 0.037109375
0 0.0302734375 0.8740234375 0.025390625 0.0341796875
0 0.1787109375 0.994140625 0.052734375 0.0107421875
0 0.1494140625 0.986328125 0.0419921875 0.0263671875
0 0.146484375 0.9384765625 0.021484375 0.0263671875
0 0.099609375 0.990234375 0.056640625 0.0185546875