0 0.259765625 0.154296875 0.0439453125 0.048828125
0 0.2216796875 0.1982421875 0.0751953125 0.09375
0 0.181640625 0.158203125 0.0576171875 0.0595703125
0 0.2158203125 0.314453125 0.125 0.15625
0 0.197265625 0.2412109375 0.033203125 0.0439453125
0 0.142578125 0.228515625 0.115234375 0.1298828125
0 0.5703125 0.3662109375 0.349609375 0.4013671875
0 0.5546875 0.17578125 0.0439453125 0.0498046875
0 0.5244140625 0.1865234375 0.033203125 0.0419921875
0 0.50390625 0.197265625 0.0341796875 0.0419921875
0 0.490234375 0.216796875 0.033203125 0.0419921875
0 0.4873046875 0.185546875 0.029296875 0.033203125
0 0.4970703125 0.1748046875 0.033203125 0.0341796875
0 0.4951171875 0.138671875 0.0498046875 0.056640625
0 0.466796875 0.1220703125 0.0361328125 0.0419921875
0 0.337890625 0.4365234375 0.1796875 0.193359375
0 0.314453125 0.349609375 0.0390625 0.046875
0 0.27734375 0.349609375 0.0703125 0.087890625
0 0.244140625 0.400390625 0.056640625 0.072265625
0 0.369140625 0.21875 0.255859375 0.298828125
0 0.44921875 0.2861328125 0.025390625 0.029296875
0 0.4130859375 0.3408203125 0.0361328125 0.0498046875
0 0.408203125 0.384765625 0.029296875 0.0341796875
0 0.7041015625 0.62109375 0.263671875 0.3076171875
0 0.73828125 0.443359375 0.0654296875 0.064453125
0 0.74609375 0.388671875 0.0498046875 0.056640625
0 0.73046875 0.4111328125 0.0283203125 0.033203125
0 0.7314453125 0.36328125 0.0283203125 0.03125
0 0.7265625 0.33984375 0.025390625 0.025390625
0 0.712890625 0.462890625 0.0419921875 0.048828125
0 0.431640625 0.66796875 0.3544921875 0.4091796875
0 0.322265625 0.5380859375 0.0234375 0.0283203125
0 0.3115234375 0.5634765625 0.0263671875 0.0361328125
0 0.306640625 0.54296875 0.015625 0.0234375
0 0.8310546875 0.6884765625 0.0830078125 0.0986328125
0 0.8193359375 0.6416015625 0.033203125 0.0341796875
0 0.826171875 0.6162109375 0.0361328125 0.0341796875
0 0.822265625 0.58984375 0.0263671875 0.03125
0 0.787109375 0.7568359375 0.0703125 0.0830078125
0 0.8095703125 0.724609375 0.0234375 0.0283203125
0 0.7939453125 0.712890625 0.033203125 0.0419921875
0 0.783203125 0.814453125 0.033203125 0.033203125
0 0.7744140625 0.7880859375 0.0283203125 0.0283203125
0 0.720703125 0.814453125 0.1201171875 0.125
0 0.734375 0.763671875 0.033203125 0.0234375
0 0.740234375 0.7626953125 0.03125 0.0390625
0 0.658203125 0.7880859375 0.0546875 0.060546875
0 0.7421875 0.8798828125 0.0283203125 0.033203125
0 0.73046875 0.904296875 0.025390625 0.029296875
0 0.720703125 0.880859375 0.025390625 0.0263671875
0 0.6943359375 0.904296875 0.064453125 0.064453125
0 0.6767578125 0.8701171875 0.0341796875 0.0361328125
0 0.6640625 0.8876953125 0.0185546875 0.033203125
0 0.6435546875 0.900390625 0.0205078125 0.0263671875
0 0.626953125 0.8525390625 0.0908203125 0.095703125
0 0.595703125 0.7802734375 0.0859375 0.095703125