0 0.3623046875 0.0849609375 0.0439453125 0.048828125
0 0.3154296875 0.1123046875 0.076171875 0.095703125
0 0.287109375 0.0595703125 0.0595703125 0.060546875
0 0.279296875 0.220703125 0.126953125 0.1591796875
0 0.28125 0.1455078125 0.0341796875 0.044921875
0 0.232421875 0.11328125 0.1201171875 0.1328125
0 0.6025390625 0.3994140625 0.357421875 0.412109375
0 0.638671875 0.2109375 0.046875 0.0498046875
0 0.6064453125 0.2109375 0.0341796875 0.0439453125
0 0.583984375 0.212890625 0.0361328125 0.0419921875
0 0.56640625 0.228515625 0.033203125 0.0439453125
0 0.572265625 0.197265625 0.029296875 0.033203125
0 0.583984375 0.189453125 0.033203125 0.0361328125
0 0.5908203125 0.154296875 0.0517578125 0.056640625
0 0.568359375 0.12890625 0.0361328125 0.0439453125
0 0.36328125 0.3818359375 0.1826171875 0.197265625
0 0.3623046875 0.2890625 0.0390625 0.048828125
0 0.3271484375 0.275390625 0.072265625 0.0908203125
0 0.283203125 0.3115234375 0.056640625 0.0751953125
0 0.44921875 0.185546875 0.263671875 0.306640625
0 0.5078125 0.27734375 0.025390625 0.029296875
0 0.4599609375 0.31640625 0.0361328125 0.0517578125
0 0.443359375 0.357421875 0.03125 0.0361328125
0 0.662109375 0.689453125 0.2705078125 0.3173828125
0 0.7421875 0.53125 0.0673828125 0.0654296875
0 0.763671875 0.482421875 0.0517578125 0.0595703125
0 0.7431640625 0.4990234375 0.029296875 0.033203125
0 0.755859375 0.453125 0.029296875 0.03125
0 0.7568359375 0.4296875 0.0234375 0.0263671875
0 0.712890625 0.541015625 0.0419921875 0.048828125
0 0.3896484375 0.634765625 0.3623046875 0.419921875
0 0.3212890625 0.47265625 0.0234375 0.03125
0 0.3046875 0.4912109375 0.0283203125 0.0361328125
0 0.3046875 0.470703125 0.017578125 0.025390625
0 0.7646484375 0.7978515625 0.0859375 0.1015625
0 0.7666015625 0.75 0.033203125 0.0361328125
0 0.779296875 0.728515625 0.0361328125 0.0361328125
0 0.783203125 0.7021484375 0.0283203125 0.03125
0 0.7060546875 0.84765625 0.072265625 0.083984375
0 0.7353515625 0.82421875 0.0234375 0.03125
0 0.72265625 0.80859375 0.0341796875 0.0419921875
0 0.685546875 0.9013671875 0.0341796875 0.0341796875
0 0.6845703125 0.873046875 0.0283203125 0.03125
0 0.626953125 0.87890625 0.1220703125 0.1279296875
0 0.6533203125 0.8359375 0.033203125 0.0234375
0 0.6591796875 0.8359375 0.03125 0.041015625
0 0.5732421875 0.8310546875 0.0546875 0.0625
0 0.6298828125 0.9482421875 0.029296875 0.033203125
0 0.6123046875 0.966796875 0.0234375 0.029296875
0 0.609375 0.94140625 0.025390625 0.0263671875
0 0.5771484375 0.9541015625 0.0654296875 0.0654296875
0 0.5693359375 0.916015625 0.0341796875 0.0390625
0 0.5537109375 0.927734375 0.0205078125 0.033203125
0 0.53125 0.931640625 0.0234375 0.0263671875
0 0.5283203125 0.880859375 0.091796875 0.0986328125
0 0.517578125 0.8017578125 0.087890625 0.0986328125