0 0.162109375 0.2626953125 0.060546875 0.060546875
0 0.1396484375 0.3095703125 0.060546875 0.056640625
0 0.4765625 0.357421875 0.025390625 0.0263671875
0 0.48046875 0.3369140625 0.0185546875 0.0234375
0 0.44140625 0.35546875 0.046875 0.052734375
0 0.404296875 0.357421875 0.0361328125 0.033203125
0 0.416015625 0.3369140625 0.0185546875 0.0234375
0 0.3935546875 0.3095703125 0.0283203125 0.0263671875
0 0.3759765625 0.3349609375 0.0283203125 0.0263671875
0 0.802734375 0.5283203125 0.0810546875 0.0908203125
0 0.830078125 0.4609375 0.0576171875 0.0673828125
0 0.7802734375 0.455078125 0.0576171875 0.064453125
0 0.7822265625 0.376953125 0.0185546875 0.0185546875
0 0.7734375 0.357421875 0.0283203125 0.0263671875
0 0.75 0.3525390625 0.0390625 0.044921875
0 0.7177734375 0.3447265625 0.0390625 0.044921875
0 0.6884765625 0.2958984375 0.0205078125 0.0234375
0 0.888671875 0.3017578125 0.025390625 0.0263671875
0 0.921875 0.41015625 0.021484375 0.0263671875
0 0.880859375 0.41015625 0.0390625 0.0419921875
0 0.955078125 0.505859375 0.0810546875 0.0908203125
0 0.990234375 0.4658203125 0.0185546875 0.0341796875
0 0.978515625 0.4609375 0.021484375 0.0234375
0 0.572265625 0.365234375 0.052734375 0.056640625
0 0.51953125 0.3486328125 0.052734375 0.060546875
0 0.63671875 0.3271484375 0.025390625 0.0263671875
0 0.603515625 0.3310546875 0.0498046875 0.048828125
0 0.705078125 0.50390625 0.15625 0.1904296875
0 0.6630859375 0.3876953125 0.0205078125 0.0185546875
0 0.619140625 0.544921875 0.046875 0.048828125
0 0.6240234375 0.5078125 0.013671875 0.0185546875
0 0.6201171875 0.4716796875 0.0498046875 0.060546875
0 0.73046875 0.59765625 0.0361328125 0.0341796875
0 0.75390625 0.58203125 0.033203125 0.0263671875
0 0.7763671875 0.693359375 0.0283203125 0.029296875
0 0.939453125 0.736328125 0.0498046875 0.048828125
0 0.810546875 0.826171875 0.0390625 0.0419921875
0 0.9453125 0.90625 0.033203125 0.037109375
0 0.6845703125 0.603515625 0.0361328125 0.029296875
0 0.5908203125 0.5205078125 0.046875 0.0673828125
0 0.5849609375 0.4638671875 0.0205078125 0.0234375
0 0.560546875 0.4716796875 0.0361328125 0.037109375
0 0.5390625 0.50390625 0.0576171875 0.072265625
0 0.5107421875 0.4326171875 0.0283203125 0.0263671875
0 0.4873046875 0.40234375 0.025390625 0.0263671875
0 0.552734375 0.6083984375 0.0419921875 0.0419921875
0 0.591796875 0.7548828125 0.0361328125 0.0341796875
0 0.5263671875 0.6904296875 0.025390625 0.0263671875
0 0.501953125 0.677734375 0.033203125 0.037109375
0 0.50390625 0.8271484375 0.0283203125 0.029296875
0 0.521484375 0.90234375 0.0283203125 0.029296875
0 0.564453125 0.986328125 0.0205078125 0.0263671875
0 0.384765625 0.8955078125 0.046875 0.052734375
0 0.326171875 0.8994140625 0.0361328125 0.037109375
0 0.2978515625 0.8876953125 0.0419921875 0.044921875
0 0.2568359375 0.880859375 0.046875 0.052734375
0 0.42578125 0.6181640625 0.0361328125 0.029296875
0 0.427734375 0.5791015625 0.052734375 0.048828125
0 0.384765625 0.5390625 0.025390625 0.029296875
0 0.400390625 0.6005859375 0.0361328125 0.0341796875
0 0.38671875 0.626953125 0.0283203125 0.0419921875
0 0.3603515625 0.6259765625 0.03125 0.037109375
0 0.3408203125 0.5712890625 0.0498046875 0.0419921875
0 0.384765625 0.783203125 0.0673828125 0.0673828125
0 0.328125 0.744140625 0.0390625 0.0419921875
0 0.2822265625 0.740234375 0.03125 0.0419921875
0 0.4765625 0.626953125 0.033203125 0.0341796875
0 0.48046875 0.583984375 0.052734375 0.0673828125
0 0.458984375 0.607421875 0.025390625 0.0234375
0 0.4453125 0.734375 0.025390625 0.029296875
0 0.4521484375 0.7119140625 0.025390625 0.0234375
0 0.4287109375 0.6904296875 0.0419921875 0.0419921875
0 0.400390625 0.677734375 0.0361328125 0.037109375
0 0.3544921875 0.7001953125 0.0859375 0.0986328125
0 0.306640625 0.7080078125 0.046875 0.044921875
0 0.4609375 0.859375 0.0283203125 0.0341796875
0 0.392578125 0.8388671875 0.025390625 0.0234375
0 0.5185546875 0.98828125 0.03125 0.0234375
0 0.3408203125 0.990234375 0.021484375 0.0185546875
0 0.310546875 0.9853515625 0.046875 0.029296875
0 0.2568359375 0.82421875 0.025390625 0.029296875
0 0.19140625 0.892578125 0.0283203125 0.0341796875
0 0.193359375 0.892578125 0.025390625 0.0341796875
0 0.345703125 0.427734375 0.03125 0.029296875
0 0.32421875 0.376953125 0.111328125 0.109375
0 0.267578125 0.453125 0.03125 0.029296875
0 0.2607421875 0.427734375 0.025390625 0.0234375
0 0.2392578125 0.455078125 0.033203125 0.0341796875
0 0.1953125 0.4736328125 0.0419921875 0.0419921875
0 0.169921875 0.5185546875 0.0419921875 0.0419921875
0 0.123046875 0.529296875 0.025390625 0.0263671875
0 0.1689453125 0.400390625 0.044921875 0.052734375
0 0.0810546875 0.365234375 0.0361328125 0.033203125
0 0.0478515625 0.345703125 0.03125 0.0263671875
0 0.0498046875 0.3203125 0.0283203125 0.0263671875
0 0.056640625 0.6005859375 0.0419921875 0.048828125
0 0.0263671875 0.630859375 0.025390625 0.0263671875
0 0.01953125 0.580078125 0.025390625 0.029296875
0 0.0615234375 0.7001953125 0.025390625 0.029296875
0 0.015625 0.685546875 0.0185546875 0.0234375
0 0.17578125 0.8310546875 0.025390625 0.029296875
0 0.107421875 0.8876953125 0.130859375 0.1357421875
0 0.103515625 0.8095703125 0.0498046875 0.044921875
0 0.03515625 0.771484375 0.0361328125 0.037109375
0 0.0302734375 0.8740234375 0.025390625 0.0341796875
0 0.1787109375 0.994140625 0.052734375 0.0107421875
0 0.1494140625 0.986328125 0.0419921875 0.0263671875
0 0.1494140625 0.9384765625 0.021484375 0.0263671875
0 0.099609375 0.990234375 0.056640625 0.0185546875