0 0.171875 0.2412109375 0.0576171875 0.056640625
0 0.150390625 0.2880859375 0.0576171875 0.052734375
0 0.482421875 0.353515625 0.021484375 0.0263671875
0 0.4892578125 0.333984375 0.0185546875 0.0234375
0 0.4482421875 0.3525390625 0.0419921875 0.048828125
0 0.412109375 0.349609375 0.0361328125 0.029296875
0 0.423828125 0.3310546875 0.0185546875 0.0185546875
0 0.404296875 0.3017578125 0.0283203125 0.0234375
0 0.3828125 0.3271484375 0.0283203125 0.0263671875
0 0.7998046875 0.54296875 0.078125 0.0859375
0 0.828125 0.4794921875 0.052734375 0.064453125
0 0.7822265625 0.4677734375 0.052734375 0.064453125
0 0.787109375 0.392578125 0.0185546875 0.0185546875
0 0.7802734375 0.373046875 0.0283203125 0.0263671875
0 0.755859375 0.36328125 0.0390625 0.0419921875
0 0.7236328125 0.35546875 0.0361328125 0.044921875
0 0.697265625 0.306640625 0.0205078125 0.0234375
0 0.8994140625 0.32421875 0.025390625 0.0263671875
0 0.923828125 0.4326171875 0.021484375 0.0263671875
0 0.884765625 0.4326171875 0.0390625 0.037109375
0 0.955078125 0.529296875 0.078125 0.0859375
0 0.990234375 0.4912109375 0.0185546875 0.029296875
0 0.978515625 0.486328125 0.0185546875 0.0234375
0 0.580078125 0.369140625 0.052734375 0.052734375
0 0.525390625 0.3486328125 0.0498046875 0.056640625
0 0.6455078125 0.333984375 0.0205078125 0.0263671875
0 0.6103515625 0.3369140625 0.046875 0.044921875
0 0.7041015625 0.5146484375 0.1484375 0.1796875
0 0.666015625 0.3955078125 0.0185546875 0.0185546875
0 0.61328125 0.55078125 0.0419921875 0.044921875
0 0.6240234375 0.5107421875 0.013671875 0.0185546875
0 0.619140625 0.4794921875 0.046875 0.056640625
0 0.7236328125 0.6083984375 0.0361328125 0.029296875
0 0.748046875 0.59375 0.0283203125 0.0263671875
0 0.765625 0.7060546875 0.025390625 0.029296875
0 0.92578125 0.7587890625 0.046875 0.044921875
0 0.791015625 0.8408203125 0.0361328125 0.0419921875
0 0.92578125 0.9306640625 0.0283203125 0.037109375
0 0.677734375 0.6123046875 0.033203125 0.0263671875
0 0.5869140625 0.5224609375 0.0419921875 0.0625
0 0.5869140625 0.4677734375 0.0185546875 0.0234375
0 0.560546875 0.4755859375 0.0361328125 0.037109375
0 0.537109375 0.505859375 0.052734375 0.0673828125
0 0.5126953125 0.4326171875 0.0283203125 0.0263671875
0 0.4912109375 0.40234375 0.025390625 0.0263671875
0 0.5478515625 0.6103515625 0.0419921875 0.0419921875
0 0.578125 0.755859375 0.033203125 0.029296875
0 0.515625 0.6904296875 0.025390625 0.0263671875
0 0.4912109375 0.677734375 0.0283203125 0.037109375
0 0.486328125 0.826171875 0.0283203125 0.029296875
0 0.5 0.90234375 0.0283203125 0.029296875
0 0.5380859375 0.98828125 0.0205078125 0.0234375
0 0.365234375 0.8857421875 0.0419921875 0.048828125
0 0.3046875 0.8896484375 0.033203125 0.037109375
0 0.2763671875 0.876953125 0.0390625 0.0419921875
0 0.2373046875 0.865234375 0.046875 0.048828125
0 0.4189453125 0.6123046875 0.0361328125 0.0263671875
0 0.419921875 0.5751953125 0.0498046875 0.044921875
0 0.3828125 0.529296875 0.021484375 0.029296875
0 0.3935546875 0.595703125 0.0361328125 0.029296875
0 0.376953125 0.6220703125 0.0283203125 0.0419921875
0 0.353515625 0.6142578125 0.0283203125 0.037109375
0 0.3369140625 0.5615234375 0.046875 0.0419921875
0 0.3701171875 0.7734375 0.064453125 0.064453125
0 0.314453125 0.732421875 0.0390625 0.037109375
0 0.26953125 0.7265625 0.033203125 0.037109375
0 0.4697265625 0.6259765625 0.033203125 0.029296875
0 0.4765625 0.580078125 0.0498046875 0.064453125
0 0.4541015625 0.6044921875 0.025390625 0.0185546875
0 0.4306640625 0.728515625 0.021484375 0.029296875
0 0.44140625 0.7080078125 0.025390625 0.0234375
0 0.4189453125 0.6875 0.0390625 0.037109375
0 0.3896484375 0.669921875 0.0361328125 0.0341796875
0 0.341796875 0.6904296875 0.0810546875 0.09375
0 0.2958984375 0.6943359375 0.0419921875 0.044921875
0 0.443359375 0.853515625 0.025390625 0.029296875
0 0.3740234375 0.833984375 0.025390625 0.0234375
0 0.498046875 0.990234375 0.033203125 0.0185546875
0 0.3173828125 0.9853515625 0.021484375 0.0263671875
0 0.287109375 0.9814453125 0.0419921875 0.037109375
0 0.2412109375 0.8095703125 0.025390625 0.0263671875
0 0.171875 0.8740234375 0.025390625 0.029296875
0 0.171875 0.876953125 0.025390625 0.029296875
0 0.349609375 0.41796875 0.0283203125 0.029296875
0 0.3310546875 0.3671875 0.1064453125 0.1015625
0 0.26953125 0.439453125 0.033203125 0.029296875
0 0.263671875 0.4140625 0.025390625 0.0234375
0 0.2431640625 0.4384765625 0.033203125 0.0341796875
0 0.1953125 0.45703125 0.0390625 0.037109375
0 0.166015625 0.5 0.0390625 0.037109375
0 0.119140625 0.505859375 0.025390625 0.0263671875
0 0.171875 0.3837890625 0.046875 0.052734375
0 0.0869140625 0.3427734375 0.033203125 0.029296875
0 0.0546875 0.3203125 0.033203125 0.0263671875
0 0.060546875 0.2958984375 0.0283203125 0.0263671875
0 0.0517578125 0.576171875 0.0419921875 0.044921875
0 0.01953125 0.603515625 0.025390625 0.0263671875
0 0.013671875 0.552734375 0.021484375 0.0263671875
0 0.0517578125 0.673828125 0.025390625 0.029296875
0 0.0087890625 0.654296875 0.017578125 0.021484375
0 0.158203125 0.810546875 0.025390625 0.0263671875
0 0.0869140625 0.86328125 0.125 0.1279296875
0 0.0869140625 0.7841796875 0.046875 0.044921875
0 0.0234375 0.7451171875 0.0361328125 0.037109375
0 0.0126953125 0.8486328125 0.025390625 0.0341796875
0 0.154296875 0.986328125 0.052734375 0.0263671875
0 0.1259765625 0.978515625 0.0419921875 0.0419921875
0 0.1259765625 0.91796875 0.0185546875 0.0263671875
0 0.078125 0.9814453125 0.052734375 0.037109375