0 0.697265625 0.119140625 0.0390625 0.0419921875
0 0.73828125 0.15625 0.0654296875 0.083984375
0 0.7744140625 0.109375 0.0517578125 0.0517578125
0 0.759765625 0.2705078125 0.107421875 0.140625
0 0.76953125 0.1953125 0.029296875 0.041015625
0 0.822265625 0.1748046875 0.1044921875 0.1142578125
0 0.4130859375 0.37890625 0.310546875 0.3544921875
0 0.4072265625 0.1875 0.0390625 0.0419921875
0 0.4375 0.1943359375 0.029296875 0.0390625
0 0.458984375 0.2001953125 0.03125 0.037109375
0 0.474609375 0.2197265625 0.0283203125 0.0390625
0 0.474609375 0.1875 0.0263671875 0.0283203125
0 0.4638671875 0.177734375 0.029296875 0.03125
0 0.4619140625 0.1416015625 0.0439453125 0.0498046875
0 0.48828125 0.1201171875 0.03125 0.0390625
0 0.65234375 0.412109375 0.1611328125 0.1669921875
0 0.6669921875 0.3203125 0.0341796875 0.0419921875
0 0.7041015625 0.314453125 0.0625 0.078125
0 0.7412109375 0.359375 0.046875 0.0673828125
0 0.595703125 0.19921875 0.228515625 0.263671875
0 0.525390625 0.279296875 0.0205078125 0.025390625
0 0.5673828125 0.328125 0.03125 0.044921875
0 0.576171875 0.3701171875 0.0263671875 0.03125
0 0.3125 0.654296875 0.232421875 0.2734375
0 0.2568359375 0.4814453125 0.0595703125 0.0546875
0 0.2431640625 0.4306640625 0.0439453125 0.0517578125
0 0.2607421875 0.44921875 0.025390625 0.0283203125
0 0.2548828125 0.40234375 0.025390625 0.0263671875
0 0.2568359375 0.376953125 0.021484375 0.021484375
0 0.283203125 0.498046875 0.037109375 0.0419921875
0 0.587890625 0.654296875 0.314453125 0.361328125
0 0.6796875 0.509765625 0.0205078125 0.0263671875
0 0.6943359375 0.53125 0.0234375 0.033203125
0 0.6962890625 0.5107421875 0.0126953125 0.021484375
0 0.1953125 0.740234375 0.0732421875 0.0888671875
0 0.201171875 0.693359375 0.029296875 0.03125
0 0.19140625 0.6669921875 0.033203125 0.029296875
0 0.19140625 0.6416015625 0.025390625 0.0263671875
0 0.24609375 0.8017578125 0.0625 0.072265625
0 0.2197265625 0.7724609375 0.0205078125 0.0263671875
0 0.2353515625 0.7587890625 0.029296875 0.0361328125
0 0.2568359375 0.857421875 0.03125 0.0283203125
0 0.2626953125 0.8291015625 0.025390625 0.025390625
0 0.318359375 0.84765625 0.107421875 0.107421875
0 0.298828125 0.80078125 0.03125 0.0185546875
0 0.294921875 0.798828125 0.0263671875 0.0361328125
0 0.3779296875 0.8115234375 0.048828125 0.0546875
0 0.3046875 0.9150390625 0.025390625 0.0283203125
0 0.3193359375 0.9384765625 0.021484375 0.025390625
0 0.326171875 0.912109375 0.021484375 0.0234375
0 0.35546875 0.931640625 0.0576171875 0.0546875
0 0.369140625 0.896484375 0.03125 0.033203125
0 0.3837890625 0.9091796875 0.015625 0.029296875
0 0.404296875 0.91796875 0.0185546875 0.0234375
0 0.416015625 0.869140625 0.0810546875 0.0830078125
0 0.4384765625 0.7939453125 0.076171875 0.083984375