0 0.697265625 0.119140625 0.0390625 0.0419921875
0 0.7392578125 0.15625 0.0654296875 0.083984375
0 0.7744140625 0.109375 0.052734375 0.0517578125
0 0.759765625 0.2685546875 0.107421875 0.138671875
0 0.7685546875 0.1943359375 0.029296875 0.041015625
0 0.8212890625 0.173828125 0.1044921875 0.1123046875
0 0.4140625 0.3798828125 0.310546875 0.353515625
0 0.4072265625 0.1865234375 0.041015625 0.0419921875
0 0.4384765625 0.193359375 0.029296875 0.0390625
0 0.4599609375 0.2001953125 0.029296875 0.0361328125
0 0.4755859375 0.21875 0.0283203125 0.0390625
0 0.474609375 0.1865234375 0.0263671875 0.029296875
0 0.4638671875 0.1767578125 0.029296875 0.029296875
0 0.4619140625 0.1416015625 0.0439453125 0.0498046875
0 0.48828125 0.1201171875 0.03125 0.0390625
0 0.65234375 0.4111328125 0.1611328125 0.1689453125
0 0.666015625 0.3193359375 0.0341796875 0.0419921875
0 0.703125 0.314453125 0.0625 0.080078125
0 0.7421875 0.3583984375 0.048828125 0.0673828125
0 0.595703125 0.19921875 0.228515625 0.263671875
0 0.5244140625 0.279296875 0.0205078125 0.025390625
0 0.5673828125 0.328125 0.029296875 0.046875
0 0.5771484375 0.3701171875 0.0263671875 0.03125
0 0.3115234375 0.654296875 0.232421875 0.2734375
0 0.2568359375 0.482421875 0.0595703125 0.052734375
0 0.244140625 0.4296875 0.0439453125 0.0517578125
0 0.26171875 0.4501953125 0.025390625 0.029296875
0 0.2548828125 0.40234375 0.025390625 0.0263671875
0 0.2568359375 0.3779296875 0.021484375 0.0234375
0 0.2841796875 0.498046875 0.037109375 0.0419921875
0 0.587890625 0.654296875 0.314453125 0.361328125
0 0.6796875 0.509765625 0.0205078125 0.0263671875
0 0.693359375 0.53125 0.0234375 0.033203125
0 0.6962890625 0.51171875 0.0126953125 0.0234375
0 0.1943359375 0.740234375 0.0732421875 0.087890625
0 0.2001953125 0.69140625 0.029296875 0.03125
0 0.19140625 0.66796875 0.033203125 0.029296875
0 0.1923828125 0.6416015625 0.025390625 0.0263671875
0 0.24609375 0.80078125 0.0625 0.0732421875
0 0.2197265625 0.771484375 0.0205078125 0.0263671875
0 0.234375 0.7587890625 0.029296875 0.0361328125
0 0.2568359375 0.857421875 0.029296875 0.029296875
0 0.263671875 0.830078125 0.0234375 0.025390625
0 0.318359375 0.84765625 0.1064453125 0.107421875
0 0.298828125 0.7998046875 0.029296875 0.017578125
0 0.29296875 0.798828125 0.0263671875 0.0341796875
0 0.3779296875 0.810546875 0.048828125 0.052734375
0 0.3056640625 0.9150390625 0.0234375 0.029296875
0 0.3203125 0.9365234375 0.021484375 0.025390625
0 0.326171875 0.9130859375 0.021484375 0.0234375
0 0.35546875 0.931640625 0.0576171875 0.052734375
0 0.369140625 0.8955078125 0.029296875 0.033203125
0 0.3828125 0.91015625 0.015625 0.029296875
0 0.4052734375 0.9189453125 0.0205078125 0.0234375
0 0.416015625 0.869140625 0.080078125 0.0830078125
0 0.439453125 0.7939453125 0.0751953125 0.083984375