0 0.1123046875 0.0390625 0.134765625 0.078125
0 0.14453125 0.169921875 0.044921875 0.0361328125
0 0.189453125 0.236328125 0.0390625 0.03125
0 0.05078125 0.283203125 0.021484375 0.017578125
0 0.193359375 0.2939453125 0.041015625 0.0341796875
0 0.1689453125 0.3818359375 0.041015625 0.03125
0 0.3583984375 0.349609375 0.046875 0.037109375
0 0.142578125 0.42578125 0.033203125 0.0263671875
0 0.072265625 0.4267578125 0.14453125 0.123046875
0 0.103515625 0.517578125 0.0576171875 0.0439453125
0 0.2548828125 0.556640625 0.0517578125 0.0419921875
0 0.369140625 0.55859375 0.046875 0.037109375
0 0.4677734375 0.6171875 0.1484375 0.1201171875
0 0.279296875 0.6806640625 0.021484375 0.017578125
0 0.22265625 0.658203125 0.0361328125 0.0283203125
0 0.0166015625 0.7900390625 0.0185546875 0.015625
0 0.138671875 0.8671875 0.0908203125 0.0703125
0 0.4521484375 0.751953125 0.130859375 0.1064453125
0 0.857421875 0.7333984375 0.052734375 0.0419921875
0 0.7734375 0.7509765625 0.1123046875 0.0908203125
0 0.7470703125 0.8154296875 0.1455078125 0.1123046875
0 0.80859375 0.3935546875 0.033203125 0.0263671875
0 0.59765625 0.3486328125 0.1123046875 0.091796875
0 0.8818359375 0.2119140625 0.083984375 0.0673828125
0 0.517578125 0.2451171875 0.1376953125 0.099609375
0 0.4345703125 0.060546875 0.060546875 0.048828125
0 0.603515625 0.0556640625 0.150390625 0.111328125