0 0.697265625 0.580078125 0.1591796875 0.1484375
0 0.513671875 0.7685546875 0.1044921875 0.09375
0 0.841796875 0.11328125 0.146484375 0.1376953125
0 0.4140625 0.7958984375 0.0966796875 0.0908203125
0 0.634765625 0.708984375 0.1064453125 0.099609375
0 0.408203125 0.478515625 0.103515625 0.09375
0 0.6064453125 0.4931640625 0.1123046875 0.1064453125
0 0.2841796875 0.8193359375 0.0625 0.0546875
0 0.9296875 0.8798828125 0.134765625 0.1298828125
0 0.7451171875 0.2294921875 0.1123046875 0.103515625
0 0.2314453125 0.5244140625 0.126953125 0.1201171875
0 0.626953125 0.810546875 0.078125 0.0732421875
0 0.8701171875 0.37109375 0.1513671875 0.138671875
0 0.4892578125 0.4619140625 0.0595703125 0.056640625
0 0.423828125 0.3046875 0.1015625 0.0908203125
0 0.3466796875 0.732421875 0.1123046875 0.103515625
0 0.1708984375 0.0595703125 0.134765625 0.115234375
0 0.08984375 0.556640625 0.1015625 0.09375
0 0.740234375 0.9013671875 0.087890625 0.0810546875
0 0.1328125 0.888671875 0.205078125 0.1875
0 0.921875 0.2314453125 0.15625 0.138671875
0 0.30859375 0.4501953125 0.1376953125 0.126953125
0 0.1533203125 0.599609375 0.0751953125 0.068359375
0 0.5009765625 0.37890625 0.1201171875 0.1123046875
0 0.248046875 0.787109375 0.060546875 0.056640625
0 0.6474609375 0.328125 0.1484375 0.134765625
0 0.759765625 0.150390625 0.0673828125 0.060546875
0 0.462890625 0.1845703125 0.177734375 0.173828125
0 0.8408203125 0.763671875 0.0966796875 0.0859375
0 0.2646484375 0.759765625 0.0732421875 0.0654296875
0 0.318359375 0.212890625 0.1044921875 0.0908203125
0 0.2744140625 0.25390625 0.1298828125 0.109375
0 0.744140625 0.4453125 0.1484375 0.134765625
0 0.5732421875 0.8544921875 0.1142578125 0.0986328125
0 0.3720703125 0.837890625 0.046875 0.046875
0 0.4873046875 0.5654296875 0.162109375 0.1376953125
0 0.5546875 0.650390625 0.1328125 0.1171875
0 0.1416015625 0.384765625 0.1982421875 0.177734375
0 0.455078125 0.046875 0.1796875 0.09375
0 0.091796875 0.193359375 0.158203125 0.1376953125
0 0.3681640625 0.611328125 0.107421875 0.095703125
0 0.8603515625 0.509765625 0.146484375 0.1328125
0 0.041015625 0.7802734375 0.08203125 0.126953125