0 0.248046875 0.837890625 0.046875 0.048828125
0 0.16796875 0.857421875 0.09375 0.076171875
0 0.025390625 0.8525390625 0.05078125 0.068359375
0 0.423828125 0.587890625 0.2080078125 0.2109375
0 0.734375 0.4306640625 0.068359375 0.056640625
0 0.6259765625 0.22265625 0.0673828125 0.052734375
0 0.6044921875 0.412109375 0.0751953125 0.0859375
0 0.556640625 0.3798828125 0.091796875 0.103515625
0 0.626953125 0.822265625 0.0654296875 0.0654296875
0 0.599609375 0.78515625 0.064453125 0.060546875
0 0.7109375 0.052734375 0.09375 0.0830078125
0 0.9873046875 0.1640625 0.025390625 0.037109375