0 0.3583984375 0.509765625 0.1767578125 0.1533203125
0 0.8203125 0.6337890625 0.162109375 0.150390625
0 0.568359375 0.85546875 0.1484375 0.1376953125
0 0.345703125 0.875 0.171875 0.15625
0 0.158203125 0.2041015625 0.0966796875 0.0908203125
0 0.333984375 0.33984375 0.095703125 0.0888671875
0 0.2177734375 0.5078125 0.0908203125 0.0859375
0 0.626953125 0.0634765625 0.146484375 0.126953125
0 0.435546875 0.9482421875 0.0966796875 0.0908203125
0 0.1806640625 0.580078125 0.1123046875 0.0986328125
0 0.9033203125 0.1953125 0.1669921875 0.1513671875
0 0.7880859375 0.408203125 0.1455078125 0.138671875
0 0.751953125 0.345703125 0.072265625 0.064453125
0 0.0625 0.748046875 0.119140625 0.115234375
0 0.197265625 0.0888671875 0.1376953125 0.1201171875
0 0.94140625 0.099609375 0.068359375 0.0673828125
0 0.216796875 0.857421875 0.103515625 0.0908203125
0 0.12109375 0.3125 0.115234375 0.103515625
0 0.228515625 0.4150390625 0.0673828125 0.064453125
0 0.0810546875 0.919921875 0.126953125 0.1171875
0 0.845703125 0.4912109375 0.0595703125 0.056640625
0 0.58984375 0.439453125 0.076171875 0.0732421875
0 0.6064453125 0.244140625 0.2138671875 0.1953125
0 0.298828125 0.2255859375 0.095703125 0.0888671875
0 0.388671875 0.7041015625 0.125 0.1123046875
0 0.451171875 0.291015625 0.0595703125 0.0546875
0 0.595703125 0.55859375 0.0625 0.060546875
0 0.3173828125 0.0654296875 0.109375 0.103515625
0 0.74609375 0.76171875 0.0625 0.056640625
0 0.685546875 0.6123046875 0.068359375 0.064453125
0 0.767578125 0.203125 0.072265625 0.0654296875
0 0.248046875 0.662109375 0.0595703125 0.0576171875
0 0.767578125 0.0869140625 0.0654296875 0.0625
0 0.6279296875 0.7158203125 0.130859375 0.123046875
0 0.447265625 0.2392578125 0.0439453125 0.0439453125
0 0.451171875 0.5732421875 0.0654296875 0.0546875
0 0.4921875 0.375 0.072265625 0.0703125
0 0.796875 0.4462890625 0.0810546875 0.076171875
0 0.6552734375 0.201171875 0.1220703125 0.1123046875
0 0.6298828125 0.7158203125 0.134765625 0.123046875
0 0.080078125 0.640625 0.0498046875 0.046875
0 0.51171875 0.6484375 0.111328125 0.103515625
0 0.462890625 0.419921875 0.0810546875 0.072265625
0 0.662109375 0.9619140625 0.109375 0.076171875
0 0.126953125 0.3876953125 0.1123046875 0.1064453125
0 0.865234375 0.95703125 0.134765625 0.0859375
0 0.751953125 0.9189453125 0.0810546875 0.076171875
0 0.4814453125 0.08203125 0.1142578125 0.1044921875
0 0.177734375 0.724609375 0.140625 0.1328125
0 0.0224609375 0.07421875 0.044921875 0.111328125
0 0.208984375 0.3125 0.169921875 0.1669921875
0 0.37109375 0.3896484375 0.119140625 0.1044921875
0 0.474609375 0.013671875 0.09765625 0.02734375
0 0.3525390625 0.125 0.0703125 0.064453125
0 0.8701171875 0.0419921875 0.107421875 0.083984375
0 0.8330078125 0.2431640625 0.0859375 0.080078125
0 0.705078125 0.6953125 0.1376953125 0.1220703125
0 0.400390625 0.6201171875 0.0810546875 0.0751953125
0 0.3623046875 0.609375 0.080078125 0.0703125
0 0.3134765625 0.9775390625 0.103515625 0.044921875
0 0.21484375 0.7763671875 0.173828125 0.1455078125
0 0.01953125 0.1962890625 0.0390625 0.0703125
0 0.1845703125 0.0185546875 0.099609375 0.037109375
0 0.5771484375 0.080078125 0.0595703125 0.0546875
0 0.552734375 0.5986328125 0.0732421875 0.0703125