0 0.05859375 0.1748046875 0.1171875 0.138671875
0 0.705078125 0.794921875 0.146484375 0.1357421875
0 0.400390625 0.07421875 0.099609375 0.083984375
0 0.5390625 0.9443359375 0.115234375 0.1064453125
0 0.1298828125 0.0849609375 0.103515625 0.099609375
0 0.2470703125 0.134765625 0.1123046875 0.099609375
0 0.822265625 0.013671875 0.04296875 0.02734375
0 0.703125 0.2958984375 0.181640625 0.1640625
0 0.4248046875 0.62890625 0.0703125 0.0625
0 0.216796875 0.044921875 0.111328125 0.0888671875
0 0.5849609375 0.4013671875 0.140625 0.130859375
0 0.5751953125 0.7890625 0.087890625 0.0830078125
0 0.04296875 0.798828125 0.0751953125 0.072265625
0 0.2470703125 0.8564453125 0.125 0.1171875
0 0.5185546875 0.83984375 0.099609375 0.0966796875
0 0.1923828125 0.23046875 0.072265625 0.0732421875
0 0.248046875 0.4345703125 0.0830078125 0.0810546875
0 0.4921875 0.2958984375 0.0966796875 0.09375
0 0.6962890625 0.595703125 0.0595703125 0.0546875
0 0.853515625 0.771484375 0.099609375 0.099609375
0 0.30859375 0.58203125 0.1298828125 0.126953125
0 0.59375 0.099609375 0.056640625 0.052734375
0 0.6201171875 0.5185546875 0.078125 0.076171875
0 0.029296875 0.4443359375 0.0576171875 0.134765625
0 0.2080078125 0.552734375 0.0595703125 0.056640625
0 0.1669921875 0.576171875 0.140625 0.1328125
0 0.298828125 0.814453125 0.15625 0.142578125
0 0.2626953125 0.7236328125 0.0517578125 0.044921875
0 0.154296875 0.43359375 0.0673828125 0.0576171875
0 0.337890625 0.7490234375 0.1123046875 0.1015625
0 0.412109375 0.0380859375 0.087890625 0.076171875
0 0.734375 0.2685546875 0.068359375 0.0625
0 0.1376953125 0.314453125 0.0439453125 0.041015625
0 0.845703125 0.923828125 0.052734375 0.046875
0 0.306640625 0.251953125 0.169921875 0.1591796875
0 0.1259765625 0.935546875 0.0810546875 0.0751953125
0 0.4296875 0.2880859375 0.154296875 0.158203125
0 0.2607421875 0.650390625 0.041015625 0.0361328125
0 0.705078125 0.7958984375 0.146484375 0.1376953125
0 0.6591796875 0.037109375 0.099609375 0.0732421875
0 0.546875 0.0400390625 0.119140625 0.078125
0 0.939453125 0.40234375 0.1201171875 0.1484375
0 0.9755859375 0.703125 0.048828125 0.140625
0 0.701171875 0.9384765625 0.185546875 0.123046875
0 0.451171875 0.9658203125 0.0859375 0.0654296875
0 0.2490234375 0.583984375 0.0673828125 0.0595703125
0 0.5556640625 0.3642578125 0.1015625 0.0908203125
0 0.6123046875 0.2646484375 0.0673828125 0.060546875
0 0.8583984375 0.107421875 0.0986328125 0.0986328125