0 0.166015625 0.1328125 0.0859375 0.064453125
0 0.232421875 0.37890625 0.1611328125 0.1279296875
0 0.0576171875 0.46484375 0.083984375 0.0625
0 0.341796875 0.53515625 0.0390625 0.03125
0 0.509765625 0.529296875 0.1064453125 0.0859375
0 0.6953125 0.5908203125 0.1015625 0.0810546875
0 0.947265625 0.591796875 0.1044921875 0.0859375
0 0.9248046875 0.3896484375 0.125 0.0966796875
0 0.873046875 0.267578125 0.173828125 0.1435546875
0 0.701171875 0.1640625 0.1015625 0.083984375
0 0.935546875 0.1083984375 0.1279296875 0.134765625
0 0.8603515625 0.080078125 0.1455078125 0.130859375
0 0.6611328125 0.021484375 0.068359375 0.0419921875
0 0.509765625 0.2392578125 0.046875 0.037109375
0 0.248046875 0.623046875 0.0234375 0.0205078125
0 0.16015625 0.7607421875 0.021484375 0.017578125
0 0.2490234375 0.8359375 0.0283203125 0.025390625
0 0.0751953125 0.775390625 0.068359375 0.056640625
0 0.064453125 0.900390625 0.0703125 0.0595703125
0 0.01953125 0.958984375 0.03125 0.0263671875
0 0.3984375 0.9619140625 0.123046875 0.076171875
0 0.552734375 0.978515625 0.0517578125 0.0419921875
0 0.501953125 0.8037109375 0.0185546875 0.015625
0 0.88671875 0.931640625 0.169921875 0.1298828125
0 0.9619140625 0.6943359375 0.0498046875 0.0390625
0 0.9140625 0.712890625 0.0205078125 0.017578125
0 0.69140625 0.7314453125 0.0625 0.048828125
0 0.5185546875 0.7001953125 0.0908203125 0.078125
0 0.5703125 0.67578125 0.052734375 0.0419921875
0 0.87109375 0.5283203125 0.0234375 0.0185546875