0 0.6142578125 0.392578125 0.15625 0.1455078125
0 0.677734375 0.5830078125 0.154296875 0.1328125
0 0.525390625 0.52734375 0.1142578125 0.1064453125
0 0.2548828125 0.251953125 0.078125 0.076171875
0 0.0380859375 0.5166015625 0.076171875 0.078125
0 0.2001953125 0.333984375 0.130859375 0.123046875
0 0.1611328125 0.2138671875 0.072265625 0.0654296875
0 0.8515625 0.166015625 0.1044921875 0.1015625
0 0.099609375 0.8779296875 0.083984375 0.080078125
0 0.328125 0.3154296875 0.0751953125 0.0732421875
0 0.798828125 0.5185546875 0.0908203125 0.0810546875
0 0.744140625 0.2080078125 0.087890625 0.080078125
0 0.904296875 0.5126953125 0.0908203125 0.0830078125
0 0.626953125 0.0712890625 0.0595703125 0.0546875
0 0.830078125 0.0712890625 0.1123046875 0.103515625
0 0.67578125 0.4814453125 0.091796875 0.0830078125
0 0.662109375 0.388671875 0.0654296875 0.0625
0 0.6220703125 0.845703125 0.1064453125 0.0986328125
0 0.56640625 0.916015625 0.1015625 0.091796875
0 0.1865234375 0.12109375 0.0908203125 0.0830078125
0 0.3154296875 0.720703125 0.099609375 0.0966796875
0 0.6953125 0.6005859375 0.072265625 0.0673828125
0 0.904296875 0.107421875 0.0810546875 0.0810546875
0 0.904296875 0.4326171875 0.1201171875 0.1044921875
0 0.505859375 0.111328125 0.056640625 0.0517578125
0 0.890625 0.916015625 0.1328125 0.123046875
0 0.1201171875 0.2861328125 0.0595703125 0.0546875
0 0.4951171875 0.787109375 0.052734375 0.0498046875
0 0.3515625 0.5517578125 0.1533203125 0.140625
0 0.3359375 0.244140625 0.072265625 0.0654296875
0 0.4296875 0.326171875 0.1279296875 0.1171875
0 0.796875 0.77734375 0.1982421875 0.1826171875
0 0.357421875 0.9033203125 0.0576171875 0.0546875
0 0.865234375 0.591796875 0.1171875 0.111328125
0 0.7119140625 0.3173828125 0.1142578125 0.1015625
0 0.083984375 0.7998046875 0.1015625 0.09375
0 0.67578125 0.7822265625 0.0546875 0.0546875
0 0.7412109375 0.3916015625 0.083984375 0.078125
0 0.943359375 0.3662109375 0.1123046875 0.1357421875
0 0.9453125 0.3447265625 0.083984375 0.072265625
0 0.560546875 0.65625 0.0654296875 0.0625
0 0.7568359375 0.65234375 0.09375 0.0908203125
0 0.4873046875 0.2607421875 0.158203125 0.1455078125
0 0.1396484375 0.755859375 0.126953125 0.1220703125
0 0.2138671875 0.705078125 0.0986328125 0.0986328125
0 0.240234375 0.9599609375 0.1044921875 0.080078125
0 0.0546875 0.2138671875 0.109375 0.1298828125
0 0.29296875 0.0322265625 0.1796875 0.064453125
0 0.509765625 0.041015625 0.1669921875 0.0810546875
0 0.7978515625 0.029296875 0.091796875 0.05859375
0 0.7734375 0.1025390625 0.0673828125 0.068359375
0 0.9775390625 0.544921875 0.044921875 0.09375
0 0.91796875 0.619140625 0.126953125 0.119140625
0 0.455078125 0.96875 0.0966796875 0.0625
0 0.466796875 0.91015625 0.09375 0.0859375
0 0.0185546875 0.90625 0.037109375 0.0654296875
0 0.318359375 0.5244140625 0.142578125 0.125
0 0.4013671875 0.212890625 0.0810546875 0.0810546875
0 0.9326171875 0.763671875 0.109375 0.1044921875