0 0.501953125 0.240234375 0.021484375 0.015625
0 0.365234375 0.177734375 0.208984375 0.1640625
0 0.6943359375 0.1748046875 0.015625 0.0126953125
0 0.931640625 0.15625 0.044921875 0.0390625
0 0.96484375 0.1318359375 0.0703125 0.095703125
0 0.7587890625 0.2578125 0.0185546875 0.015625
0 0.615234375 0.4873046875 0.0361328125 0.03125
0 0.705078125 0.4853515625 0.0283203125 0.0234375
0 0.7412109375 0.509765625 0.0703125 0.052734375
0 0.85546875 0.5537109375 0.2265625 0.1796875
0 0.9814453125 0.8642578125 0.037109375 0.037109375
0 0.8681640625 0.927734375 0.1982421875 0.1435546875
0 0.6689453125 0.90625 0.1904296875 0.1513671875
0 0.2138671875 0.94140625 0.078125 0.0625
0 0.0625 0.7099609375 0.125 0.140625
0 0.337890625 0.6376953125 0.064453125 0.052734375
0 0.4677734375 0.650390625 0.2109375 0.1591796875
0 0.08984375 0.501953125 0.0654296875 0.0517578125
0 0.2998046875 0.455078125 0.2109375 0.173828125
0 0.947265625 0.2529296875 0.1044921875 0.1455078125