0 0.880859375 0.3154296875 0.0810546875 0.0732421875
0 0.5146484375 0.8720703125 0.1044921875 0.099609375
0 0.4765625 0.1728515625 0.115234375 0.1064453125
0 0.8212890625 0.259765625 0.0673828125 0.060546875
0 0.814453125 0.1484375 0.103515625 0.0966796875
0 0.103515625 0.220703125 0.056640625 0.052734375
0 0.873046875 0.0888671875 0.064453125 0.060546875
0 0.578125 0.267578125 0.109375 0.099609375
0 0.95703125 0.197265625 0.0751953125 0.0673828125
0 0.4326171875 0.744140625 0.083984375 0.0810546875
0 0.6982421875 0.1015625 0.1533203125 0.1376953125
0 0.9658203125 0.7216796875 0.0673828125 0.0595703125
0 0.3974609375 0.24609375 0.0830078125 0.0810546875
0 0.822265625 0.2197265625 0.0439453125 0.0390625
0 0.1787109375 0.0380859375 0.173828125 0.076171875
0 0.1123046875 0.0517578125 0.060546875 0.056640625
0 0.7060546875 0.615234375 0.267578125 0.2314453125
0 0.9345703125 0.544921875 0.109375 0.0986328125
0 0.5693359375 0.40625 0.0498046875 0.0517578125
0 0.78125 0.9013671875 0.0986328125 0.0908203125
0 0.52734375 0.6640625 0.1513671875 0.140625
0 0.552734375 0.654296875 0.0654296875 0.0625
0 0.8564453125 0.388671875 0.052734375 0.0498046875
0 0.572265625 0.142578125 0.033203125 0.0283203125
0 0.2158203125 0.2294921875 0.052734375 0.048828125
0 0.4609375 0.072265625 0.046875 0.0498046875
0 0.912109375 0.630859375 0.0625 0.0595703125
0 0.583984375 0.7265625 0.046875 0.044921875
0 0.060546875 0.314453125 0.0810546875 0.068359375
0 0.435546875 0.482421875 0.138671875 0.1298828125
0 0.171875 0.505859375 0.34375 0.328125
0 0.318359375 0.7177734375 0.2109375 0.1875
0 0.3828125 0.91015625 0.169921875 0.1611328125
0 0.7666015625 0.9580078125 0.09375 0.076171875
0 0.5498046875 0.787109375 0.060546875 0.052734375
0 0.96484375 0.4609375 0.0703125 0.0986328125
0 0.8623046875 0.4296875 0.033203125 0.029296875
0 0.9423828125 0.2626953125 0.115234375 0.099609375
0 0.966796875 0.1201171875 0.0654296875 0.095703125
0 0.771484375 0.0244140625 0.1201171875 0.048828125
0 0.6396484375 0.392578125 0.1015625 0.0908203125
0 0.3701171875 0.4375 0.0498046875 0.044921875
0 0.359375 0.51953125 0.078125 0.076171875