0 0.4482421875 0.51171875 0.1845703125 0.1669921875
0 0.3134765625 0.5380859375 0.087890625 0.083984375
0 0.96875 0.669921875 0.0625 0.064453125
0 0.900390625 0.1298828125 0.1015625 0.095703125
0 0.232421875 0.3623046875 0.208984375 0.1845703125
0 0.7587890625 0.859375 0.0751953125 0.072265625
0 0.869140625 0.81640625 0.0810546875 0.0732421875
0 0.1953125 0.6591796875 0.0859375 0.0830078125
0 0.0947265625 0.23046875 0.189453125 0.228515625
0 0.2705078125 0.3623046875 0.1142578125 0.099609375
0 0.4873046875 0.9443359375 0.109375 0.0966796875
0 0.66015625 0.66015625 0.0546875 0.0498046875
0 0.275390625 0.634765625 0.1015625 0.095703125
0 0.068359375 0.5419921875 0.1357421875 0.1376953125
0 0.318359375 0.4794921875 0.041015625 0.041015625
0 0.880859375 0.92578125 0.048828125 0.0498046875
0 0.892578125 0.744140625 0.0654296875 0.0576171875
0 0.7724609375 0.7421875 0.109375 0.1015625
0 0.7109375 0.6640625 0.041015625 0.041015625
0 0.505859375 0.8515625 0.201171875 0.1845703125
0 0.6845703125 0.08203125 0.0625 0.0595703125
0 0.349609375 0.9580078125 0.19140625 0.083984375
0 0.353515625 0.1162109375 0.03125 0.029296875
0 0.833984375 0.15234375 0.0625 0.060546875
0 0.7744140625 0.2578125 0.2294921875 0.1953125
0 0.138671875 0.0634765625 0.181640625 0.126953125
0 0.955078125 0.2021484375 0.0888671875 0.125
0 0.734375 0.3798828125 0.220703125 0.189453125
0 0.541015625 0.369140625 0.2109375 0.1875
0 0.126953125 0.90234375 0.2216796875 0.1953125
0 0.201171875 0.9765625 0.060546875 0.046875
0 0.7412109375 0.6064453125 0.0546875 0.0546875
0 0.751953125 0.0830078125 0.0625 0.056640625
0 0.40625 0.2041015625 0.0419921875 0.0341796875
0 0.287109375 0.1845703125 0.1044921875 0.095703125