0 0.3828125 0.083984375 0.109375 0.103515625
0 0.9306640625 0.8388671875 0.134765625 0.125
0 0.6435546875 0.22265625 0.162109375 0.1533203125
0 0.4609375 0.1875 0.1845703125 0.1767578125
0 0.236328125 0.3564453125 0.140625 0.1376953125
0 0.3232421875 0.4970703125 0.0908203125 0.0859375
0 0.8046875 0.86328125 0.0908203125 0.083984375
0 0.556640625 0.306640625 0.0625 0.0625
0 0.5546875 0.388671875 0.072265625 0.0673828125
0 0.1044921875 0.533203125 0.0654296875 0.064453125
0 0.814453125 0.654296875 0.1796875 0.171875
0 0.591796875 0.091796875 0.115234375 0.0966796875
0 0.693359375 0.587890625 0.068359375 0.0673828125
0 0.314453125 0.17578125 0.0966796875 0.0888671875
0 0.482421875 0.4384765625 0.111328125 0.0859375
0 0.654296875 0.3623046875 0.115234375 0.109375
0 0.263671875 0.8662109375 0.072265625 0.0673828125
0 0.123046875 0.103515625 0.1220703125 0.095703125
0 0.5751953125 0.84765625 0.0625 0.0595703125
0 0.3564453125 0.416015625 0.09375 0.087890625
0 0.7109375 0.9345703125 0.142578125 0.125
0 0.3310546875 0.7890625 0.1064453125 0.09375
0 0.390625 0.31640625 0.1064453125 0.09375
0 0.4619140625 0.814453125 0.0859375 0.0859375
0 0.83984375 0.9541015625 0.10546875 0.091796875
0 0.3046875 0.671875 0.103515625 0.1064453125
0 0.916015625 0.7275390625 0.119140625 0.099609375
0 0.2861328125 0.2373046875 0.046875 0.0419921875
0 0.458984375 0.677734375 0.130859375 0.1298828125
0 0.2451171875 0.751953125 0.0654296875 0.0625
0 0.294921875 0.9033203125 0.166015625 0.1513671875
0 0.158203125 0.9462890625 0.068359375 0.0576171875
0 0.1875 0.7138671875 0.1123046875 0.1064453125
0 0.09375 0.22265625 0.1611328125 0.1455078125
0 0.255859375 0.0537109375 0.080078125 0.0732421875
0 0.2265625 0.576171875 0.078125 0.0732421875
0 0.8134765625 0.345703125 0.1953125 0.1826171875
0 0.4716796875 0.39453125 0.0625 0.056640625
0 0.6181640625 0.5380859375 0.1064453125 0.0908203125
0 0.5986328125 0.501953125 0.072265625 0.076171875
0 0.9716796875 0.126953125 0.056640625 0.1513671875
0 0.734375 0.0927734375 0.15625 0.1357421875
0 0.478515625 0.0302734375 0.103515625 0.060546875
0 0.107421875 0.029296875 0.1015625 0.05859375
0 0.1015625 0.3017578125 0.173828125 0.158203125
0 0.177734375 0.505859375 0.154296875 0.1533203125
0 0.140625 0.4326171875 0.1015625 0.0966796875
0 0.5615234375 0.1806640625 0.091796875 0.0751953125
0 0.8759765625 0.0595703125 0.173828125 0.119140625
0 0.673828125 0.462890625 0.0810546875 0.068359375
0 0.9580078125 0.4462890625 0.083984375 0.130859375
0 0.4892578125 0.552734375 0.162109375 0.138671875
0 0.5341796875 0.615234375 0.0888671875 0.0810546875
0 0.814453125 0.1865234375 0.1201171875 0.103515625
0 0.615234375 0.716796875 0.1015625 0.0966796875