0 0.296875 0.814453125 0.15625 0.1435546875
0 0.1689453125 0.623046875 0.181640625 0.1611328125
0 0.755859375 0.818359375 0.1171875 0.1123046875
0 0.765625 0.3984375 0.125 0.1123046875
0 0.365234375 0.9521484375 0.0625 0.056640625
0 0.7802734375 0.6494140625 0.046875 0.0439453125
0 0.0302734375 0.4755859375 0.048828125 0.0439453125
0 0.830078125 0.4951171875 0.0859375 0.0810546875
0 0.2158203125 0.19140625 0.2626953125 0.2265625
0 0.107421875 0.76953125 0.072265625 0.0673828125
0 0.322265625 0.4013671875 0.0703125 0.0654296875
0 0.435546875 0.9462890625 0.0703125 0.068359375
0 0.3291015625 0.330078125 0.076171875 0.0732421875
0 0.4833984375 0.279296875 0.048828125 0.046875
0 0.236328125 0.431640625 0.080078125 0.0751953125
0 0.7158203125 0.119140625 0.0625 0.056640625
0 0.08984375 0.3427734375 0.115234375 0.1064453125
0 0.6796875 0.5029296875 0.0595703125 0.0546875
0 0.7197265625 0.705078125 0.0732421875 0.0732421875
0 0.4443359375 0.146484375 0.189453125 0.1767578125
0 0.958984375 0.267578125 0.0625 0.0595703125
0 0.28125 0.6103515625 0.048828125 0.0439453125
0 0.791015625 0.8779296875 0.056640625 0.0498046875
0 0.515625 0.748046875 0.0439453125 0.0419921875
0 0.201171875 0.798828125 0.046875 0.044921875
0 0.015625 0.658203125 0.03125 0.087890625
0 0.0361328125 0.619140625 0.0517578125 0.044921875
0 0.962890625 0.533203125 0.0498046875 0.046875
0 0.81640625 0.130859375 0.0732421875 0.0654296875
0 0.158203125 0.962890625 0.041015625 0.0361328125
0 0.2744140625 0.08984375 0.2060546875 0.1796875
0 0.271484375 0.0546875 0.078125 0.0732421875
0 0.546875 0.35546875 0.0517578125 0.048828125
0 0.701171875 0.072265625 0.0673828125 0.0595703125
0 0.56640625 0.6943359375 0.0361328125 0.0341796875
0 0.4501953125 0.3740234375 0.0576171875 0.0517578125
0 0.8642578125 0.75390625 0.0341796875 0.029296875
0 0.841796875 0.037109375 0.2216796875 0.0732421875
0 0.7548828125 0.0615234375 0.0341796875 0.029296875
0 0.7529296875 0.2392578125 0.0419921875 0.041015625
0 0.498046875 0.251953125 0.0390625 0.0361328125
0 0.92578125 0.2333984375 0.0390625 0.0341796875
0 0.3935546875 0.208984375 0.087890625 0.0810546875
0 0.41796875 0.64453125 0.103515625 0.0888671875
0 0.5595703125 0.8173828125 0.0283203125 0.0283203125
0 0.634765625 0.912109375 0.056640625 0.0517578125
0 0.919921875 0.4716796875 0.037109375 0.037109375
0 0.64453125 0.8671875 0.1142578125 0.1044921875
0 0.3544921875 0.560546875 0.0654296875 0.0576171875
0 0.9375 0.208984375 0.0283203125 0.025390625
0 0.087890625 0.140625 0.109375 0.1064453125
0 0.013671875 0.736328125 0.0263671875 0.0673828125
0 0.375 0.599609375 0.0673828125 0.0673828125
0 0.498046875 0.91796875 0.1044921875 0.095703125
0 0.798828125 0.9462890625 0.177734375 0.107421875
0 0.9501953125 0.9306640625 0.099609375 0.138671875
0 0.982421875 0.6162109375 0.0341796875 0.095703125
0 0.9755859375 0.8388671875 0.048828125 0.0908203125
0 0.923828125 0.587890625 0.0625 0.0576171875
0 0.806640625 0.2421875 0.0419921875 0.041015625
0 0.8173828125 0.2119140625 0.0439453125 0.037109375