0 0.0751953125 0.880859375 0.150390625 0.146484375
0 0.439453125 0.044921875 0.10546875 0.08984375
0 0.1044921875 0.7548828125 0.1171875 0.109375
0 0.650390625 0.8525390625 0.087890625 0.080078125
0 0.54296875 0.056640625 0.091796875 0.0859375
0 0.296875 0.740234375 0.1875 0.171875
0 0.55078125 0.7783203125 0.0576171875 0.0546875
0 0.6083984375 0.68359375 0.0546875 0.0517578125
0 0.8271484375 0.2431640625 0.0625 0.0595703125
0 0.056640625 0.64453125 0.0654296875 0.060546875
0 0.876953125 0.876953125 0.140625 0.123046875
0 0.541015625 0.390625 0.0498046875 0.0439453125
0 0.53125 0.71875 0.0498046875 0.044921875
0 0.134765625 0.064453125 0.056640625 0.048828125
0 0.291015625 0.408203125 0.1533203125 0.1357421875
0 0.859375 0.16796875 0.1015625 0.091796875
0 0.6875 0.208984375 0.087890625 0.0908203125
0 0.5458984375 0.853515625 0.0283203125 0.029296875
0 0.759765625 0.2353515625 0.0576171875 0.0576171875
0 0.599609375 0.9482421875 0.0361328125 0.033203125
0 0.08984375 0.1064453125 0.056640625 0.0517578125
0 0.638671875 0.580078125 0.0341796875 0.033203125
0 0.75 0.15625 0.056640625 0.056640625
0 0.634765625 0.2216796875 0.037109375 0.0361328125
0 0.98046875 0.1103515625 0.037109375 0.0341796875
0 0.693359375 0.314453125 0.037109375 0.037109375
0 0.857421875 0.0595703125 0.041015625 0.037109375
0 0.115234375 0.525390625 0.037109375 0.0390625
0 0.619140625 0.4716796875 0.1689453125 0.154296875
0 0.8515625 0.619140625 0.0419921875 0.0390625
0 0.931640625 0.244140625 0.056640625 0.0546875
0 0.23828125 0.8583984375 0.0517578125 0.048828125
0 0.787109375 0.4208984375 0.03125 0.029296875
0 0.015625 0.658203125 0.03125 0.029296875
0 0.689453125 0.755859375 0.0595703125 0.0517578125
0 0.1904296875 0.7158203125 0.044921875 0.0419921875
0 0.2568359375 0.21484375 0.3466796875 0.265625
0 0.1064453125 0.2939453125 0.0439453125 0.0390625
0 0.732421875 0.033203125 0.0341796875 0.033203125
0 0.177734375 0.8037109375 0.056640625 0.0517578125
0 0.3486328125 0.9345703125 0.275390625 0.130859375
0 0.7060546875 0.9501953125 0.169921875 0.099609375
0 0.849609375 0.744140625 0.197265625 0.171875
0 0.9541015625 0.802734375 0.091796875 0.140625
0 0.25 0.630859375 0.1591796875 0.1376953125
0 0.6904296875 0.52734375 0.0341796875 0.03125
0 0.9560546875 0.5068359375 0.087890625 0.1669921875