0 0.8173828125 0.4287109375 0.1328125 0.1220703125
0 0.220703125 0.6083984375 0.0966796875 0.0908203125
0 0.857421875 0.6845703125 0.083984375 0.0830078125
0 0.220703125 0.4208984375 0.1064453125 0.103515625
0 0.1142578125 0.857421875 0.1220703125 0.1220703125
0 0.150390625 0.5185546875 0.1357421875 0.125
0 0.740234375 0.6689453125 0.119140625 0.1123046875
0 0.7158203125 0.3037109375 0.150390625 0.1376953125
0 0.1591796875 0.2236328125 0.0751953125 0.0673828125
0 0.927734375 0.787109375 0.0546875 0.0498046875
0 0.6435546875 0.482421875 0.052734375 0.0498046875
0 0.041015625 0.16796875 0.08203125 0.07421875
0 0.904296875 0.568359375 0.1845703125 0.169921875
0 0.060546875 0.4130859375 0.083984375 0.0830078125
0 0.744140625 0.5556640625 0.0439453125 0.0439453125
0 0.326171875 0.07421875 0.048828125 0.046875
0 0.8330078125 0.265625 0.052734375 0.0498046875
0 0.26171875 0.208984375 0.0595703125 0.0546875
0 0.724609375 0.416015625 0.0625 0.0654296875
0 0.9013671875 0.1787109375 0.052734375 0.052734375
0 0.201171875 0.7158203125 0.046875 0.0419921875
0 0.6533203125 0.560546875 0.0498046875 0.046875
0 0.5517578125 0.552734375 0.041015625 0.0361328125
0 0.744140625 0.2275390625 0.0751953125 0.0625
0 0.3232421875 0.1337890625 0.0888671875 0.080078125
0 0.8701171875 0.283203125 0.046875 0.0439453125
0 0.7880859375 0.783203125 0.046875 0.0419921875
0 0.79296875 0.7470703125 0.0341796875 0.033203125
0 0.3291015625 0.7509765625 0.0830078125 0.0703125
0 0.783203125 0.8271484375 0.0654296875 0.0595703125
0 0.033203125 0.2197265625 0.0654296875 0.0517578125
0 0.412109375 0.20703125 0.142578125 0.130859375
0 0.2529296875 0.34375 0.1875 0.171875
0 0.37890625 0.576171875 0.0966796875 0.087890625
0 0.232421875 0.8310546875 0.1435546875 0.1357421875
0 0.439453125 0.8837890625 0.2470703125 0.205078125
0 0.716796875 0.9326171875 0.1953125 0.134765625
0 0.87109375 0.9423828125 0.2578125 0.115234375
0 0.625 0.728515625 0.2294921875 0.2060546875
0 0.365234375 0.4619140625 0.2470703125 0.2236328125
0 0.40234375 0.359375 0.060546875 0.056640625
0 0.529296875 0.388671875 0.1357421875 0.1220703125
0 0.69140625 0.42578125 0.0517578125 0.0517578125
0 0.8759765625 0.064453125 0.232421875 0.12890625
0 0.169921875 0.1484375 0.1171875 0.1044921875
0 0.966796875 0.8642578125 0.052734375 0.0546875
0 0.53515625 0.783203125 0.0830078125 0.0810546875