0 0.630859375 0.158203125 0.2109375 0.162109375
0 0.8798828125 0.232421875 0.046875 0.041015625
0 0.828125 0.3017578125 0.037109375 0.029296875
0 0.671875 0.3408203125 0.0595703125 0.048828125
0 0.77734375 0.419921875 0.0419921875 0.0361328125
0 0.58984375 0.5361328125 0.037109375 0.0283203125
0 0.8349609375 0.7705078125 0.21875 0.177734375
0 0.8447265625 0.8759765625 0.033203125 0.0263671875
0 0.798828125 0.9697265625 0.0234375 0.0185546875
0 0.8515625 0.970703125 0.017578125 0.0126953125
0 0.4716796875 0.87109375 0.203125 0.158203125
0 0.1806640625 0.873046875 0.076171875 0.0625
0 0.251953125 0.7197265625 0.2109375 0.1669921875
0 0.3369140625 0.447265625 0.2109375 0.1640625
0 0.4443359375 0.173828125 0.185546875 0.162109375
0 0.48828125 0.2646484375 0.025390625 0.0205078125