0 0.123046875 0.869140625 0.1767578125 0.15625
0 0.0439453125 0.0947265625 0.0859375 0.1015625
0 0.875 0.1025390625 0.212890625 0.1875
0 0.158203125 0.4765625 0.1064453125 0.099609375
0 0.177734375 0.1064453125 0.189453125 0.169921875
0 0.521484375 0.671875 0.109375 0.103515625
0 0.041015625 0.587890625 0.0654296875 0.056640625
0 0.3427734375 0.931640625 0.080078125 0.0732421875
0 0.759765625 0.5283203125 0.0498046875 0.046875
0 0.708984375 0.1435546875 0.0751953125 0.0703125
0 0.6923828125 0.26953125 0.1748046875 0.166015625
0 0.693359375 0.6337890625 0.064453125 0.0595703125
0 0.4482421875 0.3828125 0.103515625 0.0966796875
0 0.884765625 0.775390625 0.1845703125 0.1591796875
0 0.8623046875 0.705078125 0.125 0.109375
0 0.1240234375 0.318359375 0.0546875 0.052734375
0 0.25390625 0.251953125 0.0498046875 0.046875
0 0.8798828125 0.4423828125 0.130859375 0.1171875
0 0.494140625 0.931640625 0.2060546875 0.1357421875
0 0.4169921875 0.8515625 0.046875 0.0439453125
0 0.146484375 0.5966796875 0.056640625 0.0517578125
0 0.146484375 0.265625 0.052734375 0.0498046875
0 0.9716796875 0.6171875 0.0498046875 0.0498046875
0 0.23828125 0.4228515625 0.0830078125 0.078125
0 0.740234375 0.8447265625 0.037109375 0.0341796875
0 0.703125 0.7744140625 0.0498046875 0.0498046875
0 0.603515625 0.296875 0.041015625 0.037109375
0 0.267578125 0.9033203125 0.0439453125 0.0390625
0 0.0595703125 0.5498046875 0.03125 0.033203125
0 0.517578125 0.6005859375 0.052734375 0.044921875
0 0.630859375 0.9384765625 0.1640625 0.123046875
0 0.69140625 0.876953125 0.044921875 0.0419921875
0 0.87109375 0.3486328125 0.0654296875 0.060546875
0 0.4111328125 0.189453125 0.072265625 0.0732421875
0 0.4951171875 0.265625 0.1953125 0.166015625
0 0.484375 0.3095703125 0.1123046875 0.0966796875
0 0.1484375 0.38671875 0.046875 0.046875
0 0.9521484375 0.4755859375 0.0576171875 0.0576171875
0 0.2822265625 0.96484375 0.0517578125 0.0498046875
0 0.333984375 0.650390625 0.0498046875 0.052734375
0 0.642578125 0.572265625 0.0439453125 0.0390625
0 0.201171875 0.3671875 0.037109375 0.0361328125
0 0.7783203125 0.619140625 0.048828125 0.048828125
0 0.306640625 0.701171875 0.037109375 0.0361328125
0 0.28125 0.5625 0.037109375 0.0341796875
0 0.8916015625 0.984375 0.029296875 0.029296875
0 0.607421875 0.671875 0.107421875 0.1044921875
0 0.64453125 0.6083984375 0.0361328125 0.03125
0 0.916015625 0.654296875 0.046875 0.041015625
0 0.818359375 0.291015625 0.03125 0.029296875
0 0.6962890625 0.697265625 0.029296875 0.0283203125
0 0.029296875 0.181640625 0.0576171875 0.0888671875
0 0.0751953125 0.515625 0.025390625 0.0283203125
0 0.0126953125 0.6552734375 0.025390625 0.0966796875
0 0.1796875 0.767578125 0.185546875 0.173828125
0 0.3505859375 0.458984375 0.205078125 0.1689453125
0 0.462890625 0.6865234375 0.1064453125 0.1015625
0 0.595703125 0.7353515625 0.0673828125 0.0595703125
0 0.970703125 0.427734375 0.0498046875 0.0498046875
0 0.498046875 0.5732421875 0.025390625 0.025390625
0 0.728515625 0.3974609375 0.0439453125 0.046875
0 0.8193359375 0.369140625 0.083984375 0.078125
0 0.56640625 0.0791015625 0.224609375 0.158203125
0 0.357421875 0.224609375 0.111328125 0.099609375
0 0.2626953125 0.091796875 0.0810546875 0.0751953125
0 0.365234375 0.0390625 0.2236328125 0.078125
0 0.1689453125 0.0146484375 0.0595703125 0.029296875
0 0.759765625 0.0458984375 0.125 0.091796875
0 0.6103515625 0.181640625 0.0517578125 0.048828125
0 0.4951171875 0.8505859375 0.0830078125 0.072265625
0 0.2265625 0.869140625 0.044921875 0.0419921875
0 0.306640625 0.1591796875 0.025390625 0.021484375