0 0.6826171875 0.603515625 0.203125 0.1826171875
0 0.625 0.876953125 0.1435546875 0.1298828125
0 0.2119140625 0.0380859375 0.080078125 0.072265625
0 0.505859375 0.091796875 0.119140625 0.109375
0 0.953125 0.5029296875 0.09375 0.1142578125
0 0.4736328125 0.794921875 0.109375 0.1064453125
0 0.8642578125 0.896484375 0.109375 0.099609375
0 0.736328125 0.384765625 0.1123046875 0.1044921875
0 0.048828125 0.384765625 0.0966796875 0.0966796875
0 0.0341796875 0.0419921875 0.068359375 0.083984375
0 0.62109375 0.392578125 0.0625 0.0595703125
0 0.17578125 0.251953125 0.2138671875 0.1982421875
0 0.189453125 0.171875 0.140625 0.1328125
0 0.7490234375 0.4970703125 0.0732421875 0.068359375
0 0.8916015625 0.287109375 0.140625 0.1279296875
0 0.744140625 0.734375 0.0625 0.056640625
0 0.5107421875 0.5537109375 0.072265625 0.0654296875
0 0.267578125 0.818359375 0.109375 0.099609375
0 0.2109375 0.431640625 0.2265625 0.205078125
0 0.634765625 0.1904296875 0.212890625 0.193359375
0 0.201171875 0.8857421875 0.044921875 0.044921875
0 0.8515625 0.4443359375 0.052734375 0.0498046875
0 0.072265625 0.8486328125 0.14453125 0.158203125
0 0.0390625 0.884765625 0.046875 0.0439453125
0 0.076171875 0.140625 0.078125 0.0703125
0 0.3701171875 0.513671875 0.109375 0.099609375
0 0.1767578125 0.318359375 0.091796875 0.0830078125
0 0.310546875 0.9228515625 0.099609375 0.091796875
0 0.38671875 0.7412109375 0.099609375 0.0908203125
0 0.0859375 0.3212890625 0.041015625 0.037109375
0 0.921875 0.271484375 0.087890625 0.083984375
0 0.259765625 0.966796875 0.0517578125 0.046875
0 0.642578125 0.775390625 0.0341796875 0.033203125
0 0.8466796875 0.123046875 0.0498046875 0.0439453125
0 0.025390625 0.560546875 0.0498046875 0.046875
0 0.21875 0.3681640625 0.0625 0.0546875
0 0.369140625 0.123046875 0.119140625 0.1044921875
0 0.853515625 0.642578125 0.0625 0.0595703125
0 0.048828125 0.8095703125 0.060546875 0.0595703125
0 0.7783203125 0.275390625 0.0498046875 0.046875
0 0.0908203125 0.5556640625 0.037109375 0.0439453125
0 0.107421875 0.95703125 0.046875 0.044921875
0 0.130859375 0.744140625 0.185546875 0.171875
0 0.3173828125 0.6201171875 0.0283203125 0.0263671875
0 0.4169921875 0.607421875 0.0341796875 0.029296875
0 0.369140625 0.33203125 0.2373046875 0.212890625
0 0.2158203125 0.767578125 0.056640625 0.0498046875
0 0.3388671875 0.90625 0.046875 0.0419921875
0 0.9033203125 0.1875 0.03125 0.029296875
0 0.8701171875 0.796875 0.1748046875 0.154296875
0 0.0537109375 0.0751953125 0.03125 0.029296875
0 0.1552734375 0.095703125 0.111328125 0.1044921875
0 0.009765625 0.4609375 0.01953125 0.046875
0 0.3173828125 0.494140625 0.0390625 0.0361328125
0 0.2724609375 0.5869140625 0.0234375 0.0234375
0 0.017578125 0.828125 0.0341796875 0.0732421875
0 0.3818359375 0.9853515625 0.060546875 0.029296875
0 0.3359375 0.876953125 0.044921875 0.041015625
0 0.986328125 0.1650390625 0.0263671875 0.0439453125
0 0.98046875 0.0341796875 0.0390625 0.056640625