0 0.154296875 0.1171875 0.203125 0.181640625
0 0.25 0.927734375 0.119140625 0.1142578125
0 0.45703125 0.7109375 0.158203125 0.1376953125
0 0.919921875 0.3408203125 0.140625 0.126953125
0 0.2421875 0.244140625 0.109375 0.1015625
0 0.75 0.2470703125 0.1435546875 0.130859375
0 0.2958984375 0.0537109375 0.1123046875 0.107421875
0 0.6923828125 0.6025390625 0.109375 0.1064453125
0 0.275390625 0.810546875 0.087890625 0.0830078125
0 0.287109375 0.462890625 0.1435546875 0.130859375
0 0.095703125 0.806640625 0.123046875 0.1171875
0 0.90234375 0.5654296875 0.193359375 0.169921875
0 0.619140625 0.7080078125 0.150390625 0.134765625
0 0.361328125 0.939453125 0.103515625 0.0966796875
0 0.2529296875 0.66796875 0.087890625 0.080078125
0 0.388671875 0.1728515625 0.078125 0.0703125
0 0.5576171875 0.912109375 0.1533203125 0.138671875
0 0.3935546875 0.3056640625 0.0703125 0.0625
0 0.302734375 0.345703125 0.0595703125 0.0546875
0 0.728515625 0.390625 0.162109375 0.150390625
0 0.150390625 0.275390625 0.056640625 0.052734375
0 0.470703125 0.0537109375 0.078125 0.0673828125
0 0.4658203125 0.185546875 0.068359375 0.060546875
0 0.474609375 0.505859375 0.1064453125 0.09375
0 0.103515625 0.60546875 0.056640625 0.052734375
0 0.3623046875 0.8369140625 0.056640625 0.0546875
0 0.646484375 0.154296875 0.1591796875 0.1298828125
0 0.0234375 0.259765625 0.041015625 0.0361328125
0 0.9267578125 0.70703125 0.0908203125 0.0810546875
0 0.6611328125 0.474609375 0.0732421875 0.0654296875
0 0.7841796875 0.125 0.0498046875 0.044921875
0 0.7939453125 0.794921875 0.0439453125 0.041015625
0 0.1689453125 0.7685546875 0.0498046875 0.046875
0 0.3388671875 0.3935546875 0.080078125 0.0703125
0 0.638671875 0.072265625 0.203125 0.1435546875
0 0.484375 0.427734375 0.1328125 0.1171875
0 0.8876953125 0.0439453125 0.162109375 0.087890625
0 0.03515625 0.486328125 0.0703125 0.1376953125
0 0.08984375 0.9248046875 0.1171875 0.1123046875
0 0.8623046875 0.2509765625 0.115234375 0.109375