0 0.1162109375 0.337890625 0.046875 0.037109375
0 0.0595703125 0.3349609375 0.0419921875 0.0341796875
0 0.357421875 0.341796875 0.1123046875 0.087890625
0 0.603515625 0.2978515625 0.2109375 0.1689453125
0 0.7412109375 0.3193359375 0.0419921875 0.0341796875
0 0.6259765625 0.224609375 0.03125 0.025390625
0 0.791015625 0.2060546875 0.052734375 0.0419921875
0 0.7607421875 0.15625 0.119140625 0.0966796875
0 0.7626953125 0.037109375 0.046875 0.037109375
0 0.16015625 0.080078125 0.015625 0.0126953125
0 0.2919921875 0.2353515625 0.046875 0.037109375
0 0.07421875 0.505859375 0.046875 0.037109375
0 0.029296875 0.658203125 0.0234375 0.0185546875
0 0.3515625 0.9501953125 0.1328125 0.099609375
0 0.4853515625 0.7265625 0.1298828125 0.1064453125
0 0.384765625 0.810546875 0.224609375 0.162109375
0 0.931640625 0.7919921875 0.0546875 0.0419921875
0 0.751953125 0.7353515625 0.265625 0.2001953125
0 0.6103515625 0.6142578125 0.1455078125 0.1171875
0 0.5595703125 0.53515625 0.046875 0.037109375
0 0.669921875 0.533203125 0.0859375 0.0654296875
0 0.7646484375 0.6318359375 0.029296875 0.0234375
0 0.833984375 0.6435546875 0.0234375 0.0185546875
0 0.890625 0.3984375 0.2138671875 0.171875
0 0.33203125 0.650390625 0.4091796875 0.2861328125
0 0.0390625 0.283203125 0.015625 0.0107421875