0 0.826171875 0.701171875 0.1376953125 0.1279296875
0 0.6533203125 0.8271484375 0.2001953125 0.1826171875
0 0.53515625 0.7041015625 0.095703125 0.0859375
0 0.244140625 0.63671875 0.119140625 0.1171875
0 0.3857421875 0.0908203125 0.115234375 0.1123046875
0 0.1044921875 0.6455078125 0.0966796875 0.09375
0 0.2392578125 0.0947265625 0.083984375 0.078125
0 0.16796875 0.376953125 0.1171875 0.099609375
0 0.1103515625 0.505859375 0.158203125 0.1435546875
0 0.259765625 0.494140625 0.1533203125 0.142578125
0 0.3671875 0.69921875 0.087890625 0.0810546875
0 0.458984375 0.828125 0.1171875 0.1142578125
0 0.1650390625 0.83203125 0.1298828125 0.119140625
0 0.0556640625 0.7880859375 0.111328125 0.109375
0 0.6298828125 0.10546875 0.177734375 0.1591796875
0 0.4619140625 0.9345703125 0.123046875 0.111328125
0 0.8466796875 0.873046875 0.119140625 0.103515625
0 0.3779296875 0.9716796875 0.056640625 0.052734375
0 0.8515625 0.501953125 0.083984375 0.0888671875
0 0.779296875 0.5517578125 0.0966796875 0.0908203125
0 0.6201171875 0.94921875 0.0751953125 0.0654296875
0 0.1669921875 0.365234375 0.083984375 0.0732421875
0 0.470703125 0.580078125 0.103515625 0.099609375
0 0.322265625 0.14453125 0.076171875 0.076171875
0 0.2783203125 0.83984375 0.037109375 0.0390625
0 0.708984375 0.451171875 0.1357421875 0.123046875
0 0.4453125 0.234375 0.119140625 0.111328125
0 0.7822265625 0.408203125 0.1015625 0.09375
0 0.7744140625 0.3408203125 0.029296875 0.03125
0 0.845703125 0.244140625 0.119140625 0.111328125
0 0.58984375 0.6455078125 0.09375 0.083984375
0 0.595703125 0.2158203125 0.1220703125 0.109375
0 0.255859375 0.38671875 0.0673828125 0.060546875
0 0.9384765625 0.5185546875 0.123046875 0.146484375
0 0.7666015625 0.935546875 0.072265625 0.068359375
0 0.564453125 0.283203125 0.1376953125 0.115234375
0 0.0693359375 0.1357421875 0.138671875 0.166015625
0 0.1591796875 0.037109375 0.099609375 0.07421875
0 0.556640625 0.021484375 0.109375 0.04296875
0 0.705078125 0.2236328125 0.0966796875 0.0908203125
0 0.947265625 0.8125 0.1044921875 0.103515625
0 0.3466796875 0.904296875 0.126953125 0.1123046875
0 0.4921875 0.2275390625 0.0576171875 0.052734375
0 0.314453125 0.2998046875 0.146484375 0.130859375
0 0.171875 0.2763671875 0.138671875 0.1201171875
0 0.7177734375 0.65234375 0.134765625 0.126953125
0 0.9697265625 0.8564453125 0.060546875 0.099609375
0 0.630859375 0.513671875 0.1533203125 0.130859375
0 0.4208984375 0.3935546875 0.1064453125 0.0966796875