0 0.044921875 0.892578125 0.08984375 0.0859375
0 0.642578125 0.3466796875 0.1201171875 0.1123046875
0 0.3720703125 0.7890625 0.119140625 0.1123046875
0 0.578125 0.255859375 0.099609375 0.09375
0 0.1728515625 0.5869140625 0.138671875 0.123046875
0 0.30078125 0.888671875 0.1220703125 0.109375
0 0.328125 0.669921875 0.1376953125 0.1328125
0 0.884765625 0.412109375 0.1796875 0.1640625
0 0.8125 0.2578125 0.1064453125 0.099609375
0 0.923828125 0.2509765625 0.0654296875 0.0625
0 0.7158203125 0.546875 0.140625 0.123046875
0 0.228515625 0.201171875 0.1376953125 0.1220703125
0 0.7705078125 0.361328125 0.1123046875 0.0986328125
0 0.953125 0.1025390625 0.09375 0.0908203125
0 0.564453125 0.4794921875 0.166015625 0.1455078125
0 0.28515625 0.505859375 0.130859375 0.109375
0 0.7568359375 0.455078125 0.0966796875 0.087890625
0 0.6298828125 0.619140625 0.0908203125 0.0830078125
0 0.525390625 0.064453125 0.0703125 0.0654296875
0 0.6015625 0.908203125 0.099609375 0.0859375
0 0.5185546875 0.697265625 0.1123046875 0.095703125
0 0.142578125 0.7685546875 0.1357421875 0.1142578125
0 0.6171875 0.833984375 0.078125 0.072265625
0 0.771484375 0.767578125 0.099609375 0.0908203125
0 0.904296875 0.720703125 0.140625 0.1220703125
0 0.0478515625 0.185546875 0.09375 0.0908203125
0 0.435546875 0.193359375 0.1142578125 0.109375
0 0.626953125 0.064453125 0.0830078125 0.0751953125
0 0.2880859375 0.33203125 0.158203125 0.1435546875
0 0.7138671875 0.1806640625 0.0986328125 0.087890625
0 0.380859375 0.4794921875 0.0966796875 0.0908203125
0 0.7783203125 0.662109375 0.130859375 0.1171875
0 0.8740234375 0.94140625 0.140625 0.1171875
0 0.146484375 0.103515625 0.0673828125 0.060546875
0 0.84765625 0.1435546875 0.138671875 0.126953125
0 0.49609375 0.775390625 0.099609375 0.091796875
0 0.4609375 0.630859375 0.103515625 0.09375
0 0.6796875 0.7373046875 0.1279296875 0.111328125
0 0.2412109375 0.724609375 0.091796875 0.083984375
0 0.2763671875 0.1123046875 0.0908203125 0.0810546875
0 0.548828125 0.3701171875 0.1015625 0.091796875
0 0.3671875 0.2158203125 0.103515625 0.0966796875
0 0.96875 0.279296875 0.056640625 0.064453125
0 0.533203125 0.5791015625 0.1357421875 0.109375
0 0.166015625 0.40234375 0.095703125 0.0888671875
0 0.708984375 0.111328125 0.0498046875 0.046875
0 0.146484375 0.466796875 0.087890625 0.080078125
0 0.052734375 0.388671875 0.1015625 0.09375
0 0.287109375 0.0322265625 0.115234375 0.064453125
0 0.0498046875 0.2607421875 0.099609375 0.099609375
0 0.9658203125 0.529296875 0.068359375 0.12890625
0 0.689453125 0.7939453125 0.078125 0.072265625
0 0.4169921875 0.6142578125 0.076171875 0.0673828125
0 0.734375 0.962890625 0.09375 0.0732421875
0 0.05078125 0.619140625 0.1015625 0.138671875
0 0.451171875 0.3173828125 0.0908203125 0.0859375
0 0.234375 0.97265625 0.115234375 0.0546875