0 0.216463 0.687008 0.042683 0.059055
0 0.826220 0.374016 0.042683 0.062992
0 0.942073 0.372047 0.048780 0.059055
0 0.975610 0.478346 0.042683 0.059055
0 0.556402 0.793307 0.045732 0.066929
0 0.138720 0.915354 0.045732 0.059055
0 0.469512 0.551181 0.054878 0.070866
0 0.115854 0.511811 0.060976 0.062992
0 0.928354 0.568898 0.057927 0.066929
0 0.685976 0.161417 0.054878 0.078740
0 0.681402 0.053150 0.070122 0.059055
0 0.347561 0.450787 0.054878 0.074803
0 0.407012 0.224409 0.064024 0.078740
0 0.853659 0.269685 0.079268 0.090551
0 0.516768 0.399606 0.070122 0.082677
0 0.166159 0.602362 0.076220 0.078740
0 0.256098 0.572835 0.073171 0.082677
0 0.522866 0.051181 0.070122 0.086614
0 0.062500 0.610236 0.076220 0.094488
0 0.504573 0.661417 0.076220 0.094488
0 0.742378 0.350394 0.076220 0.094488
0 0.498476 0.279528 0.082317 0.102362
0 0.365854 0.553150 0.085366 0.106299
0 0.361280 0.116142 0.094512 0.114173
0 0.609756 0.246063 0.097561 0.122047
0 0.780488 0.858268 0.097561 0.125984
0 0.650915 0.858268 0.100610 0.125984
0 0.041159 0.860236 0.082317 0.145669
0 0.324695 0.692913 0.094512 0.133858
0 0.881098 0.125984 0.103659 0.133858
0 0.635671 0.413386 0.112805 0.149606
0 0.524390 0.931102 0.128049 0.122047
0 0.431402 0.811024 0.143293 0.188976
0 0.173780 0.297244 0.189024 0.263780
