0 0.044921875 0.2216796875 0.0888671875 0.0830078125
0 0.462890625 0.908203125 0.138671875 0.1279296875
0 0.642578125 0.3662109375 0.109375 0.103515625
0 0.458984375 0.205078125 0.146484375 0.1357421875
0 0.177734375 0.095703125 0.072265625 0.0654296875
0 0.841796875 0.126953125 0.115234375 0.1015625
0 0.8876953125 0.92578125 0.1064453125 0.0966796875
0 0.2158203125 0.849609375 0.0517578125 0.0498046875
0 0.7607421875 0.5322265625 0.0830078125 0.0751953125
0 0.693359375 0.224609375 0.095703125 0.0859375
0 0.396484375 0.470703125 0.15625 0.1533203125
0 0.9677734375 0.71484375 0.064453125 0.0595703125
0 0.9560546875 0.072265625 0.087890625 0.0888671875
0 0.3681640625 0.8662109375 0.076171875 0.072265625
0 0.1279296875 0.7587890625 0.056640625 0.0546875
0 0.9375 0.4375 0.125 0.1201171875
0 0.025390625 0.845703125 0.05078125 0.0546875
0 0.541015625 0.49609375 0.1748046875 0.162109375
0 0.033203125 0.759765625 0.0546875 0.052734375
0 0.130859375 0.486328125 0.234375 0.1923828125
0 0.03125 0.431640625 0.060546875 0.0576171875
0 0.033203125 0.373046875 0.052734375 0.0498046875
0 0.734375 0.9736328125 0.11328125 0.052734375
0 0.064453125 0.1064453125 0.0341796875 0.03125
0 0.255859375 0.3828125 0.1689453125 0.146484375
0 0.255859375 0.84375 0.041015625 0.0390625
0 0.111328125 0.080078125 0.0546875 0.0498046875
0 0.552734375 0.716796875 0.162109375 0.1533203125
0 0.19140625 0.2353515625 0.046875 0.046875
0 0.880859375 0.189453125 0.048828125 0.044921875
0 0.76171875 0.099609375 0.0341796875 0.0341796875
0 0.2724609375 0.5712890625 0.083984375 0.0810546875
0 0.900390625 0.09375 0.0439453125 0.041015625
0 0.818359375 0.869140625 0.046875 0.044921875
0 0.3056640625 0.7099609375 0.169921875 0.1513671875
0 0.1494140625 0.869140625 0.041015625 0.0361328125
0 0.36328125 0.0595703125 0.0390625 0.037109375
0 0.796875 0.400390625 0.162109375 0.150390625
0 0.3486328125 0.220703125 0.029296875 0.025390625
0 0.9208984375 0.3505859375 0.0546875 0.046875
0 0.662109375 0.3291015625 0.0439453125 0.0419921875
0 0.380859375 0.169921875 0.025390625 0.025390625
0 0.37109375 0.251953125 0.029296875 0.0283203125
0 0.6376953125 0.0537109375 0.234375 0.107421875
0 0.9716796875 0.5302734375 0.056640625 0.1279296875
0 0.8388671875 0.470703125 0.0810546875 0.0703125
0 0.517578125 0.404296875 0.185546875 0.1669921875
0 0.107421875 0.5888671875 0.029296875 0.0263671875
0 0.162109375 0.951171875 0.1875 0.0966796875
0 0.080078125 0.599609375 0.033203125 0.0263671875
0 0.748046875 0.40625 0.1533203125 0.146484375