0 0.91796875 0.076171875 0.099609375 0.0888671875
0 0.771484375 0.1708984375 0.1201171875 0.1123046875
0 0.298828125 0.8740234375 0.1533203125 0.146484375
0 0.4228515625 0.412109375 0.095703125 0.0859375
0 0.4609375 0.1748046875 0.1220703125 0.111328125
0 0.53515625 0.3310546875 0.1220703125 0.1123046875
0 0.572265625 0.78125 0.1123046875 0.103515625
0 0.7763671875 0.8681640625 0.1328125 0.123046875
0 0.6220703125 0.6845703125 0.099609375 0.0908203125
0 0.208984375 0.736328125 0.138671875 0.1201171875
0 0.0693359375 0.5810546875 0.1328125 0.1298828125
0 0.712890625 0.4111328125 0.1826171875 0.169921875
0 0.1630859375 0.6435546875 0.0830078125 0.0732421875
0 0.62109375 0.912109375 0.142578125 0.1279296875
0 0.337890625 0.326171875 0.09375 0.0830078125
0 0.3232421875 0.6552734375 0.134765625 0.1201171875
0 0.806640625 0.283203125 0.1171875 0.1044921875
0 0.189453125 0.0361328125 0.126953125 0.0703125
0 0.8466796875 0.4951171875 0.0810546875 0.076171875
0 0.587890625 0.4345703125 0.0703125 0.0703125
0 0.953125 0.712890625 0.076171875 0.0703125
0 0.5576171875 0.095703125 0.115234375 0.1044921875
0 0.919921875 0.849609375 0.134765625 0.126953125
0 0.07421875 0.1171875 0.126953125 0.1171875
0 0.44140625 0.787109375 0.146484375 0.1298828125
0 0.919921875 0.240234375 0.138671875 0.130859375
0 0.6376953125 0.224609375 0.0703125 0.064453125
0 0.05859375 0.794921875 0.099609375 0.087890625
0 0.0546875 0.693359375 0.109375 0.1142578125
0 0.2451171875 0.2333984375 0.1220703125 0.1171875
0 0.1689453125 0.533203125 0.09375 0.09375
0 0.802734375 0.689453125 0.0732421875 0.0654296875
0 0.7060546875 0.056640625 0.1484375 0.1123046875
0 0.703125 0.765625 0.056640625 0.052734375
0 0.134765625 0.2890625 0.1220703125 0.1123046875
0 0.833984375 0.6455078125 0.0751953125 0.0654296875
0 0.9296875 0.9541015625 0.099609375 0.0859375
0 0.337890625 0.4501953125 0.0751953125 0.0732421875
0 0.302734375 0.072265625 0.1171875 0.1142578125
0 0.140625 0.2255859375 0.068359375 0.0654296875
0 0.9140625 0.669921875 0.0654296875 0.060546875
0 0.1318359375 0.8857421875 0.083984375 0.080078125
0 0.4267578125 0.5986328125 0.083984375 0.076171875
0 0.91796875 0.41796875 0.0576171875 0.0498046875
0 0.052734375 0.091796875 0.099609375 0.0908203125
0 0.5908203125 0.1650390625 0.0966796875 0.080078125
0 0.0908203125 0.4609375 0.150390625 0.130859375
0 0.140625 0.4951171875 0.0673828125 0.0595703125
0 0.4404296875 0.5341796875 0.173828125 0.154296875
0 0.4873046875 0.9111328125 0.095703125 0.083984375
0 0.7724609375 0.5810546875 0.1455078125 0.1376953125
0 0.3935546875 0.294921875 0.119140625 0.109375
0 0.470703125 0.728515625 0.099609375 0.095703125
0 0.3427734375 0.9658203125 0.107421875 0.068359375
0 0.1982421875 0.9658203125 0.091796875 0.068359375
0 0.4814453125 0.9775390625 0.0595703125 0.044921875
0 0.9443359375 0.61328125 0.068359375 0.068359375