0 0.9345703125 0.521484375 0.126953125 0.115234375
0 0.482421875 0.86328125 0.1845703125 0.173828125
0 0.7822265625 0.6123046875 0.134765625 0.1220703125
0 0.3017578125 0.66796875 0.0859375 0.0810546875
0 0.916015625 0.2001953125 0.1015625 0.091796875
0 0.697265625 0.470703125 0.1923828125 0.1748046875
0 0.787109375 0.798828125 0.1064453125 0.0966796875
0 0.6220703125 0.216796875 0.1455078125 0.1328125
0 0.650390625 0.1923828125 0.0810546875 0.080078125
0 0.318359375 0.310546875 0.0703125 0.0673828125
0 0.76953125 0.9697265625 0.12109375 0.060546875
0 0.7236328125 0.279296875 0.083984375 0.080078125
0 0.4326171875 0.158203125 0.064453125 0.056640625
0 0.9345703125 0.2431640625 0.0517578125 0.046875
0 0.2548828125 0.4013671875 0.0732421875 0.0751953125
0 0.841796875 0.5322265625 0.0703125 0.0673828125
0 0.8564453125 0.072265625 0.068359375 0.0595703125
0 0.134765625 0.6240234375 0.056640625 0.0517578125
0 0.27734375 0.19921875 0.1875 0.166015625
0 0.275390625 0.15625 0.1298828125 0.1220703125
0 0.7978515625 0.4169921875 0.0517578125 0.048828125
0 0.8623046875 0.740234375 0.060546875 0.056640625
0 0.677734375 0.8388671875 0.1767578125 0.1611328125
0 0.650390625 0.748046875 0.0654296875 0.0625
0 0.2861328125 0.509765625 0.107421875 0.099609375
0 0.9091796875 0.12109375 0.0576171875 0.0546875
0 0.759765625 0.85546875 0.064453125 0.056640625
0 0.5751953125 0.94140625 0.037109375 0.0361328125
0 0.892578125 0.4091796875 0.046875 0.044921875
0 0.583984375 0.359375 0.0625 0.0546875
0 0.431640625 0.271484375 0.080078125 0.076171875
0 0.693359375 0.384765625 0.171875 0.154296875
0 0.7587890625 0.654296875 0.091796875 0.087890625
0 0.287109375 0.9326171875 0.1796875 0.134765625
0 0.142578125 0.4375 0.189453125 0.1669921875
0 0.9541015625 0.375 0.091796875 0.1484375
0 0.1630859375 0.3525390625 0.1904296875 0.154296875
0 0.5625 0.4482421875 0.1484375 0.1328125
0 0.8642578125 0.830078125 0.150390625 0.134765625
0 0.384765625 0.841796875 0.1328125 0.126953125
0 0.4765625 0.98046875 0.0751953125 0.0390625
0 0.76953125 0.197265625 0.171875 0.1669921875