0 0.333984375 0.75390625 0.189453125 0.169921875
0 0.748046875 0.185546875 0.134765625 0.1201171875
0 0.4560546875 0.703125 0.0751953125 0.0703125
0 0.783203125 0.48046875 0.203125 0.181640625
0 0.435546875 0.3095703125 0.1328125 0.126953125
0 0.19921875 0.384765625 0.115234375 0.1044921875
0 0.505859375 0.845703125 0.0751953125 0.068359375
0 0.103515625 0.091796875 0.150390625 0.1357421875
0 0.20703125 0.7958984375 0.095703125 0.0888671875
0 0.220703125 0.9013671875 0.0859375 0.080078125
0 0.380859375 0.376953125 0.1044921875 0.095703125
0 0.3740234375 0.935546875 0.068359375 0.064453125
0 0.8056640625 0.025390625 0.064453125 0.05078125
0 0.330078125 0.1923828125 0.109375 0.0986328125
0 0.212890625 0.255859375 0.068359375 0.0673828125
0 0.3779296875 0.599609375 0.111328125 0.103515625
0 0.935546875 0.296875 0.072265625 0.0703125
0 0.310546875 0.0517578125 0.115234375 0.103515625
0 0.271484375 0.298828125 0.068359375 0.064453125
0 0.6572265625 0.5986328125 0.0859375 0.0830078125
0 0.8154296875 0.10546875 0.0625 0.0595703125
0 0.763671875 0.466796875 0.046875 0.046875
0 0.443359375 0.443359375 0.0810546875 0.072265625
0 0.4638671875 0.1728515625 0.107421875 0.0986328125
0 0.423828125 0.1943359375 0.0546875 0.0498046875
0 0.24609375 0.24609375 0.111328125 0.1044921875
0 0.599609375 0.8125 0.0439453125 0.0419921875
0 0.5078125 0.419921875 0.052734375 0.046875
0 0.7060546875 0.2841796875 0.0732421875 0.0673828125
0 0.0615234375 0.716796875 0.111328125 0.103515625
0 0.69140625 0.0341796875 0.0576171875 0.0517578125
0 0.888671875 0.154296875 0.1279296875 0.1171875
0 0.59375 0.435546875 0.09375 0.087890625
0 0.478515625 0.630859375 0.0517578125 0.048828125
0 0.6044921875 0.2021484375 0.0341796875 0.029296875
0 0.0908203125 0.974609375 0.0498046875 0.0439453125
0 0.330078125 0.2109375 0.0673828125 0.0595703125
0 0.900390625 0.064453125 0.078125 0.072265625
0 0.326171875 0.51953125 0.0595703125 0.0576171875
0 0.189453125 0.7373046875 0.052734375 0.0517578125
0 0.720703125 0.1162109375 0.064453125 0.0546875
0 0.5771484375 0.3193359375 0.0966796875 0.087890625
0 0.443359375 0.0390625 0.1064453125 0.078125
0 0.697265625 0.0908203125 0.0595703125 0.052734375
0 0.244140625 0.7041015625 0.0283203125 0.025390625
0 0.048828125 0.142578125 0.0966796875 0.083984375