0 0.205078125 0.224609375 0.173828125 0.1513671875
0 0.279296875 0.7255859375 0.1455078125 0.1298828125
0 0.568359375 0.8291015625 0.1376953125 0.126953125
0 0.279296875 0.375 0.095703125 0.087890625
0 0.4013671875 0.9052734375 0.146484375 0.130859375
0 0.0703125 0.9384765625 0.140625 0.1171875
0 0.5859375 0.4326171875 0.091796875 0.083984375
0 0.8173828125 0.4501953125 0.1279296875 0.123046875
0 0.595703125 0.078125 0.15625 0.1435546875
0 0.248046875 0.0771484375 0.138671875 0.1171875
0 0.091796875 0.2666015625 0.0986328125 0.091796875
0 0.087890625 0.810546875 0.111328125 0.103515625
0 0.646484375 0.314453125 0.162109375 0.140625
0 0.076171875 0.146484375 0.1220703125 0.1171875
0 0.185546875 0.552734375 0.1201171875 0.1142578125
0 0.197265625 0.2333984375 0.0625 0.0595703125
0 0.439453125 0.1435546875 0.1171875 0.1064453125
0 0.736328125 0.205078125 0.072265625 0.0703125
0 0.0693359375 0.59375 0.072265625 0.0654296875
0 0.46484375 0.6728515625 0.1689453125 0.1435546875
0 0.4189453125 0.7177734375 0.09375 0.0859375
0 0.8408203125 0.3359375 0.0888671875 0.0859375
0 0.626953125 0.7177734375 0.0966796875 0.0908203125
0 0.8056640625 0.6484375 0.107421875 0.1015625
0 0.498046875 0.4228515625 0.083984375 0.078125
0 0.5693359375 0.1845703125 0.0888671875 0.087890625
0 0.744140625 0.859375 0.0517578125 0.046875
0 0.408203125 0.0634765625 0.083984375 0.068359375
0 0.5107421875 0.1669921875 0.0595703125 0.060546875
0 0.8095703125 0.2734375 0.068359375 0.0625
0 0.955078125 0.0830078125 0.0859375 0.0830078125
0 0.09375 0.4326171875 0.068359375 0.0595703125
0 0.044921875 0.705078125 0.08984375 0.1015625
0 0.029296875 0.521484375 0.0576171875 0.1064453125
0 0.052734375 0.4677734375 0.0625 0.0595703125
0 0.41796875 0.298828125 0.1796875 0.158203125
0 0.2373046875 0.4462890625 0.080078125 0.0751953125
0 0.4814453125 0.759765625 0.0576171875 0.0517578125
0 0.9033203125 0.1640625 0.0751953125 0.0703125
0 0.7373046875 0.34765625 0.0498046875 0.046875
0 0.6904296875 0.3037109375 0.068359375 0.064453125
0 0.216796875 0.826171875 0.060546875 0.056640625
0 0.9658203125 0.505859375 0.0625 0.052734375
0 0.271484375 0.8583984375 0.0703125 0.068359375
0 0.5009765625 0.287109375 0.111328125 0.0966796875
0 0.669921875 0.53515625 0.1875 0.166015625
0 0.630859375 0.4892578125 0.0810546875 0.078125
0 0.9453125 0.3642578125 0.109375 0.1435546875
0 0.880859375 0.6259765625 0.056640625 0.0595703125
0 0.876953125 0.767578125 0.1220703125 0.103515625
0 0.361328125 0.1552734375 0.0830078125 0.076171875
0 0.2998046875 0.537109375 0.1435546875 0.1279296875
0 0.6181640625 0.6572265625 0.0703125 0.0595703125
0 0.4462890625 0.603515625 0.0673828125 0.0576171875
0 0.916015625 0.9541015625 0.1064453125 0.091796875