0 0.4736328125 0.3974609375 0.146484375 0.1328125
0 0.5498046875 0.306640625 0.103515625 0.091796875
0 0.38671875 0.8828125 0.099609375 0.0830078125
0 0.7001953125 0.34765625 0.1123046875 0.109375
0 0.6962890625 0.7861328125 0.1484375 0.134765625
0 0.2666015625 0.275390625 0.177734375 0.1640625
0 0.244140625 0.453125 0.099609375 0.0966796875
0 0.7294921875 0.640625 0.1591796875 0.150390625
0 0.078125 0.8017578125 0.15625 0.150390625
0 0.5 0.9013671875 0.099609375 0.0908203125
0 0.8115234375 0.28515625 0.1328125 0.1201171875
0 0.640625 0.0771484375 0.1748046875 0.154296875
0 0.9326171875 0.78125 0.1279296875 0.150390625
0 0.228515625 0.900390625 0.125 0.1123046875
0 0.4013671875 0.267578125 0.1201171875 0.107421875
0 0.0791015625 0.966796875 0.076171875 0.060546875
0 0.6083984375 0.912109375 0.1064453125 0.099609375
0 0.8681640625 0.6201171875 0.095703125 0.0908203125
0 0.9228515625 0.416015625 0.0888671875 0.0859375
0 0.392578125 0.55859375 0.1044921875 0.0908203125
0 0.5751953125 0.20703125 0.087890625 0.080078125
0 0.578125 0.529296875 0.0625 0.0625
0 0.623046875 0.4931640625 0.078125 0.072265625
0 0.490234375 0.244140625 0.056640625 0.056640625
0 0.818359375 0.1689453125 0.048828125 0.0439453125
0 0.3984375 0.6845703125 0.0654296875 0.0595703125
0 0.603515625 0.658203125 0.0986328125 0.0908203125
0 0.9375 0.544921875 0.119140625 0.1298828125
0 0.28125 0.0654296875 0.0810546875 0.0732421875
0 0.87890625 0.9482421875 0.126953125 0.0986328125
0 0.0869140625 0.185546875 0.130859375 0.119140625
0 0.775390625 0.103515625 0.068359375 0.0595703125
0 0.9638671875 0.0439453125 0.072265625 0.087890625
0 0.080078125 0.5556640625 0.041015625 0.0390625
0 0.2685546875 0.576171875 0.078125 0.0732421875
0 0.818359375 0.794921875 0.109375 0.103515625
0 0.4208984375 0.943359375 0.056640625 0.052734375
0 0.783203125 0.392578125 0.029296875 0.029296875
0 0.8994140625 0.337890625 0.111328125 0.09375
0 0.8251953125 0.71484375 0.0751953125 0.0751953125
0 0.412109375 0.185546875 0.091796875 0.0859375
0 0.9326171875 0.783203125 0.130859375 0.1591796875
0 0.1826171875 0.3779296875 0.0673828125 0.064453125
0 0.87109375 0.505859375 0.1298828125 0.1201171875
0 0.859375 0.482421875 0.0751953125 0.0673828125
0 0.5576171875 0.26953125 0.078125 0.0703125
0 0.1728515625 0.048828125 0.052734375 0.046875
0 0.9189453125 0.287109375 0.056640625 0.052734375
0 0.376953125 0.7822265625 0.041015625 0.037109375
0 0.369140625 0.890625 0.064453125 0.0546875
0 0.052734375 0.037109375 0.10546875 0.07421875
0 0.1298828125 0.01953125 0.064453125 0.0390625
0 0.490234375 0.0771484375 0.1220703125 0.1044921875
0 0.3984375 0.01953125 0.103515625 0.0390625
0 0.515625 0.0166015625 0.1064453125 0.033203125
0 0.982421875 0.228515625 0.0341796875 0.095703125
0 0.9814453125 0.3876953125 0.037109375 0.154296875
0 0.185546875 0.9462890625 0.125 0.107421875
0 0.220703125 0.6923828125 0.126953125 0.1171875
0 0.294921875 0.65234375 0.134765625 0.1201171875
0 0.158203125 0.6494140625 0.109375 0.1044921875
0 0.462890625 0.498046875 0.107421875 0.0908203125
0 0.052734375 0.4248046875 0.1044921875 0.1044921875
0 0.0419921875 0.3515625 0.083984375 0.1298828125
0 0.345703125 0.3779296875 0.123046875 0.111328125