0 0.7197265625 0.5859375 0.1669921875 0.1533203125
0 0.7568359375 0.787109375 0.1845703125 0.1689453125
0 0.916015625 0.359375 0.130859375 0.126953125
0 0.181640625 0.2578125 0.0810546875 0.076171875
0 0.408203125 0.658203125 0.1220703125 0.1142578125
0 0.8115234375 0.40625 0.0732421875 0.0673828125
0 0.837890625 0.470703125 0.0576171875 0.0546875
0 0.6748046875 0.900390625 0.0625 0.0595703125
0 0.8515625 0.5439453125 0.109375 0.0986328125
0 0.294921875 0.857421875 0.146484375 0.126953125
0 0.560546875 0.9384765625 0.046875 0.041015625
0 0.6162109375 0.236328125 0.1845703125 0.1669921875
0 0.763671875 0.484375 0.048828125 0.0439453125
0 0.9140625 0.6845703125 0.1435546875 0.1328125
0 0.869140625 0.759765625 0.056640625 0.052734375
0 0.1611328125 0.58203125 0.1484375 0.138671875
0 0.1904296875 0.552734375 0.09375 0.0830078125
0 0.2685546875 0.3310546875 0.0732421875 0.0673828125
0 0.841796875 0.650390625 0.0419921875 0.0439453125
0 0.52734375 0.814453125 0.1171875 0.103515625
0 0.9189453125 0.841796875 0.0625 0.0654296875
0 0.51953125 0.158203125 0.1455078125 0.1279296875
0 0.23046875 0.4716796875 0.087890625 0.083984375
0 0.330078125 0.146484375 0.212890625 0.1875
0 0.96484375 0.7861328125 0.064453125 0.0576171875
0 0.216796875 0.6455078125 0.046875 0.0419921875
0 0.56640625 0.41015625 0.048828125 0.046875
0 0.849609375 0.15625 0.068359375 0.060546875
0 0.6103515625 0.509765625 0.044921875 0.041015625
0 0.7734375 0.9248046875 0.068359375 0.056640625
0 0.0986328125 0.806640625 0.046875 0.041015625
0 0.3134765625 0.2470703125 0.1015625 0.0888671875
0 0.951171875 0.5126953125 0.0966796875 0.1357421875
0 0.3681640625 0.822265625 0.1044921875 0.0966796875
0 0.9423828125 0.9228515625 0.046875 0.0439453125
0 0.5078125 0.740234375 0.181640625 0.1640625
0 0.466796875 0.751953125 0.052734375 0.0390625
0 0.5537109375 0.376953125 0.0439453125 0.0390625
0 0.23046875 0.693359375 0.03125 0.03125
0 0.1982421875 0.935546875 0.041015625 0.0390625
0 0.529296875 0.0693359375 0.078125 0.068359375
0 0.3388671875 0.025390625 0.1591796875 0.0498046875
0 0.525390625 0.0390625 0.2080078125 0.078125
0 0.7109375 0.048828125 0.1904296875 0.0966796875
0 0.826171875 0.0556640625 0.0986328125 0.0810546875
0 0.8857421875 0.0390625 0.1953125 0.078125
0 0.9189453125 0.2255859375 0.162109375 0.166015625
0 0.9482421875 0.177734375 0.103515625 0.166015625
0 0.6015625 0.783203125 0.046875 0.048828125
0 0.365234375 0.92578125 0.1171875 0.109375
0 0.2646484375 0.9345703125 0.09375 0.0830078125
0 0.259765625 0.6787109375 0.033203125 0.0361328125
0 0.033203125 0.66015625 0.06640625 0.109375
0 0.4912109375 0.56640625 0.0595703125 0.048828125
0 0.537109375 0.357421875 0.0439453125 0.0390625
0 0.9296875 0.0703125 0.078125 0.072265625
0 0.505859375 0.8662109375 0.0498046875 0.0419921875
0 0.19140625 0.658203125 0.025390625 0.025390625