0 0.2802734375 0.083984375 0.0546875 0.046875
0 0.2421875 0.154296875 0.025390625 0.0205078125
0 0.5205078125 0.115234375 0.0517578125 0.041015625
0 0.4296875 0.2001953125 0.1826171875 0.146484375
0 0.65234375 0.087890625 0.072265625 0.0595703125
0 0.724609375 0.1708984375 0.048828125 0.0390625
0 0.80859375 0.189453125 0.111328125 0.0859375
0 0.9287109375 0.166015625 0.0361328125 0.029296875
0 0.779296875 0.142578125 0.0185546875 0.017578125
0 0.802734375 0.2890625 0.134765625 0.109375
0 0.9072265625 0.32421875 0.185546875 0.17578125
0 0.7841796875 0.40625 0.0234375 0.0185546875
0 0.6494140625 0.4052734375 0.2080078125 0.166015625
0 0.6171875 0.2734375 0.107421875 0.0908203125
0 0.8212890625 0.533203125 0.224609375 0.1748046875
0 0.755859375 0.62109375 0.041015625 0.033203125
0 0.669921875 0.7314453125 0.0751953125 0.0576171875
0 0.775390625 0.736328125 0.0498046875 0.0390625
0 0.841796875 0.7998046875 0.0341796875 0.0234375
0 0.1005859375 0.8935546875 0.076171875 0.060546875
0 0.28125 0.9697265625 0.0546875 0.0439453125
0 0.224609375 0.908203125 0.1982421875 0.15625
0 0.181640625 0.7109375 0.0654296875 0.052734375
0 0.2548828125 0.7001953125 0.041015625 0.03125
0 0.5830078125 0.587890625 0.203125 0.15625
0 0.3896484375 0.55078125 0.208984375 0.1669921875
0 0.2333984375 0.43359375 0.2001953125 0.1611328125
0 0.11328125 0.439453125 0.1826171875 0.1640625
0 0.3984375 0.3330078125 0.189453125 0.154296875