0 0.1953125 0.39453125 0.103515625 0.0966796875
0 0.09375 0.1806640625 0.1875 0.203125
0 0.462890625 0.212890625 0.234375 0.220703125
0 0.4521484375 0.8330078125 0.068359375 0.064453125
0 0.298828125 0.80078125 0.0859375 0.076171875
0 0.4345703125 0.59375 0.185546875 0.1669921875
0 0.5537109375 0.5908203125 0.0595703125 0.0595703125
0 0.2001953125 0.8623046875 0.068359375 0.0654296875
0 0.330078125 0.2431640625 0.201171875 0.1904296875
0 0.228515625 0.0302734375 0.119140625 0.060546875
0 0.1396484375 0.798828125 0.119140625 0.109375
0 0.68359375 0.775390625 0.060546875 0.056640625
0 0.6572265625 0.8564453125 0.0595703125 0.056640625
0 0.955078125 0.66796875 0.076171875 0.068359375
0 0.54296875 0.7880859375 0.048828125 0.044921875
0 0.9736328125 0.82421875 0.052734375 0.064453125
0 0.5068359375 0.0517578125 0.091796875 0.0859375
0 0.1318359375 0.767578125 0.046875 0.0439453125
0 0.0302734375 0.341796875 0.060546875 0.056640625
0 0.8994140625 0.830078125 0.060546875 0.056640625
0 0.12890625 0.064453125 0.029296875 0.0283203125
0 0.9248046875 0.0400390625 0.0576171875 0.0517578125
0 0.1669921875 0.2607421875 0.056640625 0.0546875
0 0.3310546875 0.396484375 0.0576171875 0.0498046875
0 0.130859375 0.6875 0.1923828125 0.1640625
0 0.1904296875 0.615234375 0.037109375 0.0341796875
0 0.796875 0.7744140625 0.048828125 0.046875
0 0.068359375 0.486328125 0.0361328125 0.0341796875
0 0.349609375 0.0654296875 0.029296875 0.0283203125
0 0.583984375 0.556640625 0.0361328125 0.033203125
0 0.8212890625 0.796875 0.0439453125 0.0439453125
0 0.162109375 0.96484375 0.0439453125 0.037109375
0 0.91015625 0.0703125 0.0390625 0.037109375
0 0.7548828125 0.126953125 0.298828125 0.25390625
0 0.583984375 0.9580078125 0.033203125 0.029296875
0 0.974609375 0.7470703125 0.046875 0.0439453125
0 0.7421875 0.8017578125 0.048828125 0.0439453125
0 0.9345703125 0.900390625 0.0361328125 0.0361328125
0 0.45703125 0.373046875 0.03125 0.029296875
0 0.017578125 0.955078125 0.0341796875 0.0341796875
0 0.283203125 0.453125 0.0390625 0.0390625
0 0.970703125 0.8994140625 0.0361328125 0.033203125
0 0.3681640625 0.83984375 0.03125 0.03125
0 0.8896484375 0.54296875 0.099609375 0.0888671875
0 0.2158203125 0.974609375 0.0625 0.0498046875
0 0.1015625 0.9375 0.041015625 0.0341796875
0 0.447265625 0.22265625 0.037109375 0.0419921875
0 0.8603515625 0.595703125 0.224609375 0.203125
0 0.271484375 0.1064453125 0.1142578125 0.1044921875
0 0.3681640625 0.021484375 0.060546875 0.04296875
0 0.38671875 0.0771484375 0.0419921875 0.037109375
0 0.9755859375 0.0712890625 0.048828125 0.107421875
0 0.591796875 0.255859375 0.025390625 0.0234375
0 0.9033203125 0.326171875 0.193359375 0.251953125
0 0.734375 0.57421875 0.208984375 0.185546875
0 0.7421875 0.46484375 0.068359375 0.0546875
0 0.4384765625 0.724609375 0.1669921875 0.1357421875
0 0.4375 0.783203125 0.0263671875 0.0234375
0 0.21484375 0.814453125 0.0234375 0.0234375
0 0.326171875 0.9501953125 0.158203125 0.099609375
0 0.380859375 0.927734375 0.1357421875 0.130859375
0 0.732421875 0.962890625 0.0517578125 0.0439453125
0 0.8564453125 0.8037109375 0.0263671875 0.0234375
0 0.2529296875 0.19140625 0.041015625 0.037109375
0 0.2275390625 0.2314453125 0.0419921875 0.046875
0 0.2373046875 0.287109375 0.0498046875 0.052734375