0 0.2529296875 0.3173828125 0.1748046875 0.154296875
0 0.2890625 0.1005859375 0.134765625 0.1201171875
0 0.4091796875 0.724609375 0.150390625 0.1376953125
0 0.0361328125 0.7900390625 0.072265625 0.076171875
0 0.3203125 0.8623046875 0.115234375 0.111328125
0 0.5029296875 0.544921875 0.1015625 0.0908203125
0 0.0908203125 0.2744140625 0.091796875 0.087890625
0 0.541015625 0.6552734375 0.1455078125 0.1298828125
0 0.0478515625 0.6982421875 0.095703125 0.119140625
0 0.5537109375 0.755859375 0.0908203125 0.080078125
0 0.7431640625 0.2685546875 0.123046875 0.111328125
0 0.103515625 0.48046875 0.1435546875 0.1298828125
0 0.5185546875 0.4453125 0.1376953125 0.125
0 0.4013671875 0.2666015625 0.1220703125 0.111328125
0 0.35546875 0.03125 0.072265625 0.060546875
0 0.552734375 0.21484375 0.1611328125 0.150390625
0 0.4765625 0.8681640625 0.111328125 0.099609375
0 0.470703125 0.349609375 0.083984375 0.078125
0 0.099609375 0.7783203125 0.0830078125 0.078125
0 0.880859375 0.2685546875 0.142578125 0.1279296875
0 0.0771484375 0.341796875 0.099609375 0.0859375
0 0.7939453125 0.4658203125 0.1376953125 0.130859375
0 0.7802734375 0.123046875 0.0703125 0.064453125
0 0.857421875 0.734375 0.134765625 0.1201171875
0 0.259765625 0.744140625 0.064453125 0.0625
0 0.693359375 0.814453125 0.1376953125 0.130859375
0 0.6767578125 0.451171875 0.15625 0.142578125
0 0.8330078125 0.3720703125 0.0546875 0.046875
0 0.380859375 0.08203125 0.0625 0.060546875
0 0.654296875 0.328125 0.0703125 0.068359375
0 0.5068359375 0.099609375 0.0595703125 0.0517578125
0 0.8896484375 0.18359375 0.0546875 0.0517578125
0 0.7265625 0.68359375 0.1298828125 0.115234375
0 0.9736328125 0.5087890625 0.052734375 0.0498046875
0 0.9619140625 0.9052734375 0.076171875 0.080078125
0 0.4892578125 0.052734375 0.0625 0.052734375
0 0.20703125 0.9716796875 0.072265625 0.056640625
0 0.826171875 0.0712890625 0.083984375 0.076171875
0 0.02734375 0.138671875 0.0546875 0.095703125
0 0.712890625 0.935546875 0.1357421875 0.1279296875
0 0.7509765625 0.978515625 0.0654296875 0.0419921875
0 0.0517578125 0.9462890625 0.103515625 0.107421875
0 0.404296875 0.1796875 0.1455078125 0.1298828125
0 0.38671875 0.1494140625 0.078125 0.0732421875
0 0.970703125 0.23046875 0.0576171875 0.1533203125
0 0.189453125 0.1318359375 0.1171875 0.109375
0 0.2822265625 0.638671875 0.076171875 0.083984375
0 0.2578125 0.5107421875 0.109375 0.109375
0 0.1826171875 0.658203125 0.083984375 0.0830078125
0 0.951171875 0.6513671875 0.0966796875 0.130859375
0 0.8505859375 0.9072265625 0.099609375 0.0986328125
0 0.60546875 0.068359375 0.0732421875 0.0654296875
0 0.392578125 0.5712890625 0.072265625 0.072265625