0 0.158203125 0.0869140625 0.099609375 0.0810546875
0 0.203125 0.04296875 0.044921875 0.0361328125
0 0.3515625 0.11328125 0.1455078125 0.1171875
0 0.55078125 0.201171875 0.056640625 0.048828125
0 0.6279296875 0.244140625 0.0498046875 0.0419921875
0 0.6142578125 0.0869140625 0.0205078125 0.017578125
0 0.65234375 0.0439453125 0.1279296875 0.087890625
0 0.841796875 0.185546875 0.0439453125 0.037109375
0 0.8984375 0.2294921875 0.0546875 0.044921875
0 0.8134765625 0.37109375 0.1513671875 0.1201171875
0 0.8623046875 0.435546875 0.03125 0.025390625
0 0.7158203125 0.40625 0.0341796875 0.0283203125
0 0.5234375 0.361328125 0.048828125 0.0390625
0 0.486328125 0.470703125 0.091796875 0.072265625
0 0.0888671875 0.470703125 0.1171875 0.0966796875
0 0.197265625 0.5078125 0.048828125 0.041015625
0 0.091796875 0.583984375 0.025390625 0.0205078125
0 0.1298828125 0.6103515625 0.017578125 0.0126953125
0 0.267578125 0.4990234375 0.0205078125 0.017578125
0 0.0380859375 0.83203125 0.033203125 0.0263671875
0 0.138671875 0.7587890625 0.072265625 0.0595703125
0 0.2470703125 0.7802734375 0.0185546875 0.015625
0 0.306640625 0.763671875 0.0390625 0.0361328125
0 0.404296875 0.763671875 0.0419921875 0.0361328125
0 0.412109375 0.9521484375 0.021484375 0.017578125
0 0.630859375 0.89453125 0.111328125 0.09375
0 0.6181640625 0.74609375 0.0234375 0.0185546875
0 0.6328125 0.8125 0.0361328125 0.03125
0 0.775390625 0.7333984375 0.087890625 0.0703125
0 0.9501953125 0.728515625 0.099609375 0.0966796875
0 0.44921875 0.669921875 0.046875 0.0390625
0 0.5234375 0.669921875 0.0419921875 0.0361328125
0 0.814453125 0.5087890625 0.025390625 0.0205078125
0 0.8408203125 0.57421875 0.046875 0.0390625
0 0.7255859375 0.494140625 0.0439453125 0.037109375
0 0.0546875 0.373046875 0.0205078125 0.017578125
0 0.2255859375 0.447265625 0.068359375 0.0576171875