0 0.150390625 0.080078125 0.119140625 0.1533203125
0 0.06640625 0.3154296875 0.060546875 0.087890625
0 0.0498046875 0.25 0.0390625 0.0439453125
0 0.0908203125 0.2392578125 0.0595703125 0.078125
0 0.029296875 0.419921875 0.0576171875 0.107421875
0 0.0087890625 0.341796875 0.017578125 0.029296875
0 0.009765625 0.3115234375 0.0185546875 0.03125
0 0.0224609375 0.267578125 0.044921875 0.0732421875
0 0.009765625 0.228515625 0.0185546875 0.03125
0 0.025390625 0.2197265625 0.033203125 0.029296875
0 0.013671875 0.177734375 0.0263671875 0.0390625
0 0.0078125 0.14453125 0.015625 0.044921875
0 0.009765625 0.09765625 0.0185546875 0.068359375
0 0.0078125 0.05859375 0.015625 0.03125
0 0.0458984375 0.1923828125 0.056640625 0.068359375
0 0.037109375 0.126953125 0.03125 0.056640625
0 0.029296875 0.091796875 0.0234375 0.0361328125
0 0.060546875 0.115234375 0.0283203125 0.033203125
0 0.0576171875 0.080078125 0.0361328125 0.0517578125
0 0.0283203125 0.0654296875 0.0263671875 0.0283203125
0 0.0361328125 0.025390625 0.072265625 0.05078125
0 0.267578125 0.166015625 0.0654296875 0.0810546875
0 0.189453125 0.25390625 0.0546875 0.0751953125
0 0.2666015625 0.3173828125 0.0888671875 0.115234375
0 0.3408203125 0.142578125 0.072265625 0.0966796875
0 0.373046875 0.091796875 0.041015625 0.0517578125
0 0.263671875 0.0947265625 0.0390625 0.0546875
0 0.3037109375 0.083984375 0.046875 0.0498046875
0 0.302734375 0.505859375 0.0546875 0.0751953125
0 0.3525390625 0.5234375 0.046875 0.064453125
0 0.48828125 0.3984375 0.0859375 0.111328125
0 0.275390625 0.25390625 0.0205078125 0.0205078125
0 0.318359375 0.232421875 0.068359375 0.087890625
0 0.4072265625 0.232421875 0.1142578125 0.142578125
0 0.064453125 0.14453125 0.0361328125 0.044921875
0 0.0947265625 0.166015625 0.0498046875 0.0576171875
0 0.1474609375 0.203125 0.064453125 0.076171875
0 0.025390625 0.349609375 0.0283203125 0.029296875
0 0.025390625 0.31640625 0.0283203125 0.0361328125
0 0.095703125 0.44140625 0.0703125 0.0810546875
0 0.072265625 0.3876953125 0.048828125 0.0673828125
0 0.1279296875 0.3798828125 0.0673828125 0.0810546875
0 0.1044921875 0.341796875 0.0283203125 0.03125
0 0.064453125 0.515625 0.0751953125 0.095703125
0 0.02734375 0.552734375 0.037109375 0.025390625
0 0.009765625 0.51171875 0.01953125 0.046875
0 0.0166015625 0.4794921875 0.033203125 0.0390625
0 0.0595703125 0.4521484375 0.0390625 0.046875
0 0.1865234375 0.3330078125 0.0625 0.091796875
0 0.107421875 0.4892578125 0.0390625 0.041015625
0 0.0888671875 0.607421875 0.0439453125 0.056640625
0 0.1279296875 0.564453125 0.0546875 0.0654296875
0 0.1416015625 0.5 0.044921875 0.0546875
0 0.1376953125 0.455078125 0.025390625 0.0263671875
0 0.134765625 0.4306640625 0.03125 0.0419921875
0 0.177734375 0.572265625 0.025390625 0.041015625
0 0.171875 0.53515625 0.044921875 0.0546875
0 0.1826171875 0.4794921875 0.048828125 0.0703125
0 0.1591796875 0.447265625 0.025390625 0.0283203125
0 0.1669921875 0.416015625 0.0361328125 0.0439453125
0 0.162109375 0.6025390625 0.033203125 0.0390625
0 0.203125 0.55859375 0.041015625 0.052734375
0 0.0107421875 0.595703125 0.021484375 0.056640625
0 0.0390625 0.595703125 0.0361328125 0.0595703125
0 0.1494140625 0.697265625 0.0498046875 0.0703125
0 0.19921875 0.6484375 0.0517578125 0.068359375
0 0.0107421875 0.818359375 0.021484375 0.064453125
0 0.0107421875 0.763671875 0.021484375 0.0390625
0 0.017578125 0.71484375 0.0341796875 0.0673828125
0 0.0390625 0.7255859375 0.025390625 0.0263671875
0 0.0703125 0.689453125 0.03125 0.041015625
0 0.10546875 0.658203125 0.0283203125 0.0419921875
0 0.146484375 0.6337890625 0.025390625 0.0390625
0 0.0224609375 0.9423828125 0.044921875 0.115234375
0 0.060546875 0.8525390625 0.046875 0.0595703125
0 0.09765625 0.794921875 0.0546875 0.064453125
0 0.0380859375 0.8046875 0.021484375 0.0361328125
0 0.041015625 0.763671875 0.0283203125 0.0390625
0 0.0966796875 0.7294921875 0.0361328125 0.0498046875
0 0.189453125 0.818359375 0.111328125 0.15625
0 0.115234375 0.8984375 0.0498046875 0.0654296875
0 0.072265625 0.9775390625 0.04296875 0.044921875
0 0.0673828125 0.91796875 0.037109375 0.0498046875
0 0.115234375 0.9560546875 0.029296875 0.0390625
0 0.3671875 0.404296875 0.125 0.1796875
0 0.21875 0.4638671875 0.0283203125 0.0390625
0 0.2177734375 0.4287109375 0.021484375 0.03125
0 0.193359375 0.40234375 0.03125 0.0498046875
0 0.2265625 0.392578125 0.0390625 0.0390625
0 0.2373046875 0.4462890625 0.025390625 0.0263671875
0 0.263671875 0.4501953125 0.0205078125 0.0263671875
0 0.259765625 0.4169921875 0.03125 0.046875
0 0.2158203125 0.5986328125 0.029296875 0.0390625
0 0.232421875 0.5634765625 0.025390625 0.0390625
0 0.2587890625 0.548828125 0.0361328125 0.0361328125
0 0.216796875 0.517578125 0.0263671875 0.0361328125
0 0.255859375 0.5 0.0361328125 0.048828125
0 0.2421875 0.4794921875 0.0283203125 0.029296875
0 0.2314453125 0.7158203125 0.060546875 0.068359375
0 0.224609375 0.6357421875 0.0283203125 0.0361328125
0 0.1396484375 0.326171875 0.0419921875 0.044921875
0 0.1064453125 0.287109375 0.025390625 0.046875
0 0.1337890625 0.2744140625 0.048828125 0.060546875
0 0.2744140625 0.67578125 0.0419921875 0.044921875
0 0.259765625 0.6357421875 0.0390625 0.0517578125
0 0.2568359375 0.7900390625 0.03125 0.037109375
0 0.240234375 0.75390625 0.029296875 0.0361328125
0 0.318359375 0.845703125 0.111328125 0.166015625
0 0.2744140625 0.7490234375 0.037109375 0.0498046875
0 0.32421875 0.693359375 0.0517578125 0.0732421875
0 0.234375 0.2314453125 0.052734375 0.078125
0 0.205078125 0.169921875 0.0576171875 0.0810546875
0 0.2177734375 0.123046875 0.0390625 0.041015625
0 0.228515625 0.0693359375 0.0419921875 0.052734375
0 0.248046875 0.029296875 0.0341796875 0.0439453125
0 0.27734375 0.0537109375 0.037109375 0.044921875
0 0.2734375 0.017578125 0.03125 0.03515625
0 0.087890625 0.025390625 0.046875 0.05078125
0 0.0869140625 0.072265625 0.0341796875 0.0419921875
0 0.0830078125 0.115234375 0.025390625 0.033203125
0 0.2880859375 0.447265625 0.046875 0.052734375
0 0.39453125 0.685546875 0.064453125 0.0810546875
0 0.3330078125 0.642578125 0.03125 0.041015625
0 0.365234375 0.6376953125 0.021484375 0.03125
0 0.380859375 0.623046875 0.029296875 0.0341796875
0 0.4033203125 0.60546875 0.0205078125 0.029296875
0 0.451171875 0.5595703125 0.048828125 0.0625
0 0.408203125 0.123046875 0.0419921875 0.0654296875
0 0.439453125 0.07421875 0.0498046875 0.0703125
0 0.349609375 0.041015625 0.1142578125 0.0810546875
0 0.2734375 0.21875 0.021484375 0.0283203125
0 0.330078125 0.310546875 0.0283203125 0.03125
0 0.4736328125 0.1611328125 0.044921875 0.0546875
0 0.513671875 0.056640625 0.08984375 0.11328125
0 0.517578125 0.2822265625 0.0966796875 0.107421875
0 0.5087890625 0.197265625 0.0361328125 0.048828125
0 0.5283203125 0.1630859375 0.03125 0.0439453125
0 0.5556640625 0.201171875 0.0498046875 0.064453125
0 0.443359375 0.3642578125 0.0283203125 0.0361328125
0 0.41796875 0.3212890625 0.025390625 0.037109375
0 0.4541015625 0.3291015625 0.03125 0.0361328125
0 0.3955078125 0.4990234375 0.0234375 0.029296875
0 0.373046875 0.5830078125 0.03125 0.0390625
0 0.4091796875 0.54296875 0.0263671875 0.0390625
0 0.435546875 0.50390625 0.0283203125 0.0390625
0 0.447265625 0.4638671875 0.041015625 0.046875
0 0.443359375 0.423828125 0.0283203125 0.037109375
0 0.443359375 0.396484375 0.021484375 0.0283203125
0 0.419921875 0.6337890625 0.0283203125 0.0390625
0 0.3251953125 0.59375 0.0283203125 0.0390625
0 0.4150390625 0.7861328125 0.060546875 0.0830078125
0 0.3193359375 0.9736328125 0.060546875 0.052734375
0 0.2255859375 0.9697265625 0.115234375 0.060546875
0 0.4345703125 0.9248046875 0.150390625 0.150390625
0 0.5244140625 0.5556640625 0.0673828125 0.0810546875
0 0.4794921875 0.669921875 0.087890625 0.111328125
0 0.658203125 0.720703125 0.107421875 0.1513671875
0 0.54296875 0.81640625 0.1591796875 0.2158203125
0 0.478515625 0.5244140625 0.025390625 0.03125
0 0.4912109375 0.4833984375 0.03125 0.046875
0 0.5439453125 0.4970703125 0.033203125 0.041015625
0 0.6279296875 0.5791015625 0.0986328125 0.1328125
0 0.6806640625 0.626953125 0.03125 0.0498046875
0 0.546875 0.6826171875 0.044921875 0.0517578125
0 0.5439453125 0.6328125 0.033203125 0.044921875
0 0.580078125 0.642578125 0.0263671875 0.0419921875
0 0.552734375 0.376953125 0.0283203125 0.0283203125
0 0.587890625 0.423828125 0.0185546875 0.021484375
0 0.5849609375 0.4013671875 0.0126953125 0.025390625
0 0.578125 0.380859375 0.017578125 0.021484375
0 0.58984375 0.361328125 0.0283203125 0.029296875
0 0.603515625 0.390625 0.03125 0.041015625
0 0.634765625 0.341796875 0.060546875 0.083984375
0 0.658203125 0.47265625 0.072265625 0.095703125
0 0.619140625 0.42578125 0.03125 0.041015625
0 0.669921875 0.396484375 0.046875 0.060546875
0 0.6650390625 0.3505859375 0.025390625 0.03125
0 0.689453125 0.53515625 0.0419921875 0.0546875
0 0.5751953125 0.5029296875 0.041015625 0.044921875
0 0.591796875 0.458984375 0.0390625 0.044921875
0 0.556640625 0.419921875 0.046875 0.052734375
0 0.560546875 0.345703125 0.025390625 0.03125
0 0.5849609375 0.3115234375 0.0419921875 0.056640625
0 0.6123046875 0.236328125 0.078125 0.1044921875
0 0.556640625 0.142578125 0.0361328125 0.041015625
0 0.580078125 0.1064453125 0.0361328125 0.048828125
0 0.572265625 0.0625 0.0361328125 0.046875
0 0.6083984375 0.0439453125 0.0517578125 0.0810546875
0 0.56640625 0.0224609375 0.029296875 0.0390625
0 0.6669921875 0.138671875 0.109375 0.1376953125
0 0.6923828125 0.2451171875 0.0546875 0.0673828125
0 0.689453125 0.326171875 0.0439453125 0.0625
0 0.708984375 0.4189453125 0.033203125 0.0419921875
0 0.728515625 0.4990234375 0.0498046875 0.0625
0 0.7802734375 0.5302734375 0.0419921875 0.052734375
0 0.7333984375 0.6064453125 0.0888671875 0.109375
0 0.765625 0.71875 0.056640625 0.076171875
0 0.72265625 0.81640625 0.0546875 0.0751953125
0 0.6630859375 0.837890625 0.046875 0.0546875
0 0.634765625 0.9140625 0.0361328125 0.0498046875
0 0.6044921875 0.9775390625 0.052734375 0.044921875
0 0.5439453125 0.958984375 0.0390625 0.044921875
0 0.6875 0.943359375 0.0390625 0.0517578125
0 0.744140625 0.9404296875 0.0419921875 0.0546875
0 0.6923828125 0.9033203125 0.0185546875 0.0263671875
0 0.712890625 0.908203125 0.0234375 0.029296875
0 0.71484375 0.873046875 0.0205078125 0.0283203125
0 0.7421875 0.8779296875 0.033203125 0.0390625
0 0.8388671875 0.3349609375 0.208984375 0.2783203125
0 0.73828125 0.236328125 0.03125 0.0390625
0 0.744140625 0.189453125 0.0439453125 0.056640625
0 0.724609375 0.353515625 0.0361328125 0.037109375
0 0.87890625 0.564453125 0.0810546875 0.0888671875
0 0.822265625 0.646484375 0.0830078125 0.1064453125
0 0.9267578125 0.666015625 0.091796875 0.111328125
0 0.791015625 0.8857421875 0.033203125 0.0390625
0 0.763671875 0.8388671875 0.0283203125 0.033203125
0 0.806640625 0.828125 0.0419921875 0.0517578125
0 0.806640625 0.7734375 0.0361328125 0.0419921875
0 0.81640625 0.728515625 0.0361328125 0.046875
0 0.8623046875 0.82421875 0.0419921875 0.0576171875
0 0.8232421875 0.9599609375 0.0673828125 0.078125
0 0.87109375 0.751953125 0.041015625 0.056640625
0 0.9462890625 0.5673828125 0.0517578125 0.0625
0 0.935546875 0.9169921875 0.126953125 0.166015625
0 0.9765625 0.4052734375 0.044921875 0.095703125
0 0.73046875 0.0947265625 0.0341796875 0.048828125
0 0.7548828125 0.1513671875 0.0283203125 0.0361328125
0 0.7568359375 0.115234375 0.033203125 0.0361328125
0 0.7705078125 0.0771484375 0.0419921875 0.052734375
0 0.80078125 0.029296875 0.052734375 0.0576171875
0 0.7021484375 0.0361328125 0.1298828125 0.072265625
0 0.650390625 0.0595703125 0.0390625 0.041015625
0 0.7802734375 0.18359375 0.025390625 0.0283203125
0 0.8017578125 0.1884765625 0.025390625 0.021484375
0 0.8046875 0.158203125 0.0361328125 0.0390625
0 0.8095703125 0.0888671875 0.0341796875 0.044921875
0 0.841796875 0.060546875 0.0439453125 0.0517578125
0 0.8330078125 0.12890625 0.037109375 0.044921875
0 0.857421875 0.1484375 0.0283203125 0.029296875
0 0.8837890625 0.1787109375 0.0419921875 0.0517578125
0 0.876953125 0.11328125 0.046875 0.0625
0 0.873046875 0.0732421875 0.021484375 0.021484375
0 0.896484375 0.0458984375 0.0498046875 0.060546875
0 0.830078125 0.0107421875 0.0283203125 0.021484375
0 0.9091796875 0.1826171875 0.0205078125 0.0263671875
0 0.908203125 0.15625 0.0234375 0.037109375
0 0.9365234375 0.1669921875 0.0263671875 0.0361328125
0 0.931640625 0.130859375 0.046875 0.0498046875
0 0.91015625 0.0888671875 0.021484375 0.0283203125
0 0.9345703125 0.0751953125 0.033203125 0.03125
0 0.9765625 0.130859375 0.044921875 0.0498046875
0 0.9482421875 0.2724609375 0.0185546875 0.0341796875
0 0.951171875 0.2392578125 0.0205078125 0.029296875
0 0.9755859375 0.2431640625 0.0419921875 0.052734375
0 0.962890625 0.189453125 0.029296875 0.033203125
0 0.982421875 0.587890625 0.0283203125 0.0361328125
0 0.978515625 0.5380859375 0.025390625 0.044921875
0 0.90625 0.822265625 0.0263671875 0.0390625
0 0.912109375 0.7783203125 0.037109375 0.044921875
0 0.904296875 0.7373046875 0.0283203125 0.0341796875
0 0.955078125 0.8115234375 0.0283203125 0.03125
0 0.947265625 0.775390625 0.025390625 0.046875
0 0.982421875 0.62109375 0.0341796875 0.0390625
0 0.9873046875 0.18359375 0.0234375 0.052734375
0 0.9580078125 0.359375 0.025390625 0.0419921875
0 0.9716796875 0.337890625 0.017578125 0.0234375
0 0.9921875 0.337890625 0.015625 0.029296875
0 0.990234375 0.306640625 0.0185546875 0.029296875
0 0.982421875 0.283203125 0.0205078125 0.0234375
0 0.98046875 0.755859375 0.0341796875 0.033203125
0 0.9921875 0.791015625 0.015625 0.0546875
0 0.990234375 0.7314453125 0.0185546875 0.0361328125
0 0.8251953125 0.578125 0.0341796875 0.046875
0 0.9580078125 0.041015625 0.0390625 0.0439453125
0 0.966796875 0.0810546875 0.025390625 0.037109375
0 0.9873046875 0.0986328125 0.025390625 0.03125
0 0.9892578125 0.0634765625 0.021484375 0.046875
0 0.1171875 0.8388671875 0.046875 0.056640625
0 0.3984375 0.30859375 0.0283203125 0.0361328125
0 0.439453125 0.302734375 0.0205078125 0.029296875
0 0.4560546875 0.2919921875 0.0283203125 0.0341796875
0 0.482421875 0.724609375 0.03125 0.0390625
0 0.3603515625 0.74609375 0.0390625 0.052734375
0 0.287109375 0.396484375 0.03125 0.0439453125