0 0.951171875 0.8330078125 0.0546875 0.0439453125
0 0.849609375 0.90625 0.041015625 0.033203125
0 0.822265625 0.962890625 0.0888671875 0.072265625
0 0.5751953125 0.9755859375 0.0517578125 0.041015625
0 0.595703125 0.7705078125 0.048828125 0.0390625
0 0.6943359375 0.7353515625 0.1640625 0.1298828125
0 0.7275390625 0.583984375 0.060546875 0.0498046875
0 0.427734375 0.6787109375 0.2421875 0.1904296875
0 0.478515625 0.7373046875 0.1826171875 0.140625
0 0.1484375 0.705078125 0.0263671875 0.021484375
0 0.314453125 0.513671875 0.015625 0.0126953125
0 0.076171875 0.4345703125 0.0546875 0.0419921875
0 0.2265625 0.4609375 0.158203125 0.1220703125
0 0.8193359375 0.41796875 0.017578125 0.015625
0 0.6826171875 0.408203125 0.0341796875 0.029296875
0 0.5087890625 0.41015625 0.046875 0.037109375
0 0.5859375 0.31640625 0.2109375 0.166015625
0 0.7607421875 0.158203125 0.2109375 0.171875
0 0.5712890625 0.1884765625 0.1064453125 0.080078125
0 0.5810546875 0.119140625 0.123046875 0.095703125
0 0.3330078125 0.009765625 0.021484375 0.017578125
0 0.359375 0.0419921875 0.0595703125 0.046875
0 0.4296875 0.115234375 0.1826171875 0.1513671875
0 0.291015625 0.15625 0.150390625 0.125
0 0.2080078125 0.2119140625 0.2421875 0.189453125