0 0.33984375 0.0439453125 0.0751953125 0.0595703125
0 0.26953125 0.142578125 0.09375 0.0751953125
0 0.5703125 0.291015625 0.126953125 0.1015625
0 0.681640625 0.1123046875 0.259765625 0.2001953125
0 0.9453125 0.3076171875 0.0361328125 0.03125
0 0.869140625 0.3740234375 0.015625 0.0126953125
0 0.5703125 0.490234375 0.2451171875 0.1904296875
0 0.1640625 0.509765625 0.2548828125 0.205078125
0 0.041015625 0.6044921875 0.037109375 0.03125
0 0.111328125 0.607421875 0.099609375 0.078125
0 0.486328125 0.6044921875 0.013671875 0.0107421875
0 0.748046875 0.6728515625 0.193359375 0.1513671875
0 0.97265625 0.794921875 0.0263671875 0.021484375
0 0.6826171875 0.884765625 0.265625 0.201171875
0 0.267578125 0.8525390625 0.341796875 0.2626953125