0 0.8466796875 0.244140625 0.119140625 0.0966796875
0 0.7744140625 0.306640625 0.015625 0.013671875
0 0.775390625 0.3681640625 0.0283203125 0.0234375
0 0.798828125 0.365234375 0.015625 0.0126953125
0 0.6796875 0.1806640625 0.044921875 0.037109375
0 0.6640625 0.1162109375 0.033203125 0.0263671875
0 0.806640625 0.080078125 0.0439453125 0.0341796875
0 0.875 0.0302734375 0.052734375 0.0439453125
0 0.345703125 0.072265625 0.1123046875 0.0888671875
0 0.205078125 0.134765625 0.1171875 0.091796875
0 0.21875 0.3876953125 0.0673828125 0.0546875
0 0.51171875 0.369140625 0.0439453125 0.037109375
0 0.8544921875 0.7509765625 0.216796875 0.169921875
0 0.6240234375 0.720703125 0.1357421875 0.111328125
0 0.501953125 0.724609375 0.0205078125 0.017578125
0 0.4091796875 0.666015625 0.048828125 0.041015625
0 0.212890625 0.7783203125 0.041015625 0.033203125
0 0.251953125 0.810546875 0.017578125 0.015625
0 0.33984375 0.9296875 0.1796875 0.140625
0 0.458984375 0.943359375 0.1328125 0.107421875
0 0.228515625 0.939453125 0.060546875 0.0498046875
0 0.126953125 0.8623046875 0.017578125 0.015625
0 0.927734375 0.9326171875 0.0654296875 0.052734375
0 0.76171875 0.865234375 0.138671875 0.1123046875
0 0.193359375 0.5888671875 0.2451171875 0.1953125
0 0.498046875 0.267578125 0.0908203125 0.0751953125
0 0.642578125 0.560546875 0.029296875 0.0234375