0 0.220703125 0.1240234375 0.0205078125 0.017578125
0 0.2509765625 0.072265625 0.0126953125 0.0126953125
0 0.4296875 0.2099609375 0.0390625 0.033203125
0 0.26171875 0.283203125 0.033203125 0.029296875
0 0.169921875 0.2978515625 0.0390625 0.033203125
0 0.6640625 0.23046875 0.0439453125 0.037109375
0 0.73828125 0.25390625 0.109375 0.0888671875
0 0.8408203125 0.224609375 0.0908203125 0.0703125
0 0.693359375 0.34375 0.0517578125 0.041015625
0 0.5673828125 0.3291015625 0.119140625 0.0966796875
0 0.525390625 0.431640625 0.087890625 0.068359375
0 0.5068359375 0.48046875 0.0732421875 0.0576171875
0 0.7236328125 0.447265625 0.0234375 0.0185546875
0 0.9267578125 0.56640625 0.146484375 0.1640625
0 0.9521484375 0.681640625 0.025390625 0.0205078125
0 0.8681640625 0.685546875 0.0234375 0.0205078125
0 0.505859375 0.6337890625 0.0205078125 0.0185546875
0 0.7900390625 0.8984375 0.0546875 0.0439453125
0 0.7744140625 0.958984375 0.0234375 0.0205078125
0 0.84375 0.974609375 0.03125 0.0234375
0 0.314453125 0.9267578125 0.21484375 0.146484375
0 0.416015625 0.8623046875 0.205078125 0.1669921875
0 0.1259765625 0.7138671875 0.0810546875 0.0673828125
0 0.13671875 0.611328125 0.177734375 0.1455078125
0 0.3125 0.703125 0.2578125 0.1904296875