0 0.048828125 0.7353515625 0.083984375 0.0751953125
0 0.2451171875 0.28125 0.0908203125 0.0830078125
0 0.2900390625 0.916015625 0.123046875 0.1171875
0 0.3515625 0.0966796875 0.0888671875 0.0810546875
0 0.044921875 0.830078125 0.0888671875 0.1015625
0 0.3798828125 0.78125 0.052734375 0.0498046875
0 0.7099609375 0.9248046875 0.1376953125 0.126953125
0 0.8564453125 0.376953125 0.107421875 0.1015625
0 0.876953125 0.5634765625 0.115234375 0.1123046875
0 0.5927734375 0.779296875 0.0986328125 0.087890625
0 0.3232421875 0.314453125 0.09375 0.0908203125
0 0.4365234375 0.6474609375 0.0751953125 0.072265625
0 0.279296875 0.59765625 0.2265625 0.1953125
0 0.830078125 0.23046875 0.140625 0.130859375
0 0.3994140625 0.87890625 0.0986328125 0.09375
0 0.564453125 0.6923828125 0.072265625 0.0654296875
0 0.4365234375 0.5595703125 0.0595703125 0.0546875
0 0.458984375 0.75 0.080078125 0.0703125
0 0.5263671875 0.5771484375 0.134765625 0.123046875
0 0.4580078125 0.396484375 0.109375 0.099609375
0 0.337890625 0.205078125 0.099609375 0.095703125
0 0.087890625 0.3974609375 0.1533203125 0.138671875
0 0.119140625 0.962890625 0.037109375 0.0390625
0 0.55859375 0.1044921875 0.146484375 0.134765625
0 0.751953125 0.404296875 0.15625 0.1484375
0 0.5439453125 0.390625 0.142578125 0.1298828125
0 0.4013671875 0.3115234375 0.1279296875 0.109375
0 0.3271484375 0.408203125 0.1484375 0.134765625
0 0.171875 0.4365234375 0.111328125 0.1044921875
0 0.044921875 0.572265625 0.08984375 0.140625
0 0.953125 0.3095703125 0.09375 0.1435546875
0 0.9462890625 0.51953125 0.107421875 0.11328125
0 0.748046875 0.650390625 0.1044921875 0.09375
0 0.8525390625 0.8203125 0.115234375 0.109375
0 0.9404296875 0.91796875 0.119140625 0.1484375
0 0.8271484375 0.767578125 0.162109375 0.1533203125
0 0.515625 0.958984375 0.103515625 0.0810546875
0 0.107421875 0.869140625 0.087890625 0.0830078125
0 0.271484375 0.775390625 0.173828125 0.1611328125
0 0.1982421875 0.7333984375 0.1279296875 0.119140625
0 0.470703125 0.6181640625 0.1015625 0.0908203125
0 0.62890625 0.6689453125 0.107421875 0.1015625
0 0.212890625 0.173828125 0.1611328125 0.146484375
0 0.6826171875 0.5576171875 0.0908203125 0.080078125
0 0.44140625 0.4833984375 0.080078125 0.0673828125
0 0.6240234375 0.771484375 0.064453125 0.0654296875
0 0.4755859375 0.2138671875 0.1484375 0.126953125
0 0.8427734375 0.9501953125 0.1748046875 0.099609375
0 0.626953125 0.2705078125 0.1611328125 0.1455078125
0 0.708984375 0.1435546875 0.1689453125 0.1533203125
0 0.4287109375 0.048828125 0.115234375 0.09765625
0 0.2412109375 0.05078125 0.078125 0.0732421875
0 0.16015625 0.0693359375 0.0810546875 0.0751953125
0 0.083984375 0.2509765625 0.16796875 0.154296875
0 0.072265625 0.056640625 0.107421875 0.1015625
0 0.6611328125 0.4365234375 0.1298828125 0.1220703125