0 0.9228515625 0.59375 0.126953125 0.1142578125
0 0.076171875 0.267578125 0.1220703125 0.107421875
0 0.201171875 0.5 0.1591796875 0.150390625
0 0.447265625 0.7998046875 0.1376953125 0.1298828125
0 0.712890625 0.8212890625 0.125 0.1171875
0 0.591796875 0.853515625 0.140625 0.1357421875
0 0.849609375 0.533203125 0.099609375 0.0986328125
0 0.87109375 0.408203125 0.1376953125 0.130859375
0 0.333984375 0.828125 0.1376953125 0.1328125
0 0.9482421875 0.0927734375 0.103515625 0.0966796875
0 0.8154296875 0.6669921875 0.130859375 0.125
0 0.25 0.2880859375 0.0986328125 0.091796875
0 0.1435546875 0.123046875 0.130859375 0.1171875
0 0.7119140625 0.08984375 0.091796875 0.0830078125
0 0.412109375 0.5908203125 0.1376953125 0.125
0 0.154296875 0.658203125 0.115234375 0.103515625
0 0.853515625 0.8876953125 0.1279296875 0.115234375
0 0.154296875 0.7939453125 0.1669921875 0.1591796875
0 0.9345703125 0.7939453125 0.0546875 0.0517578125
0 0.3642578125 0.4755859375 0.103515625 0.091796875
0 0.9482421875 0.9384765625 0.103515625 0.123046875
0 0.169921875 0.4873046875 0.095703125 0.0908203125
0 0.3876953125 0.72265625 0.0751953125 0.0673828125
0 0.9697265625 0.2529296875 0.060546875 0.0888671875
0 0.4619140625 0.3037109375 0.064453125 0.0625
0 0.3173828125 0.5537109375 0.0595703125 0.052734375
0 0.470703125 0.0283203125 0.0673828125 0.056640625
0 0.6591796875 0.3515625 0.125 0.1171875
0 0.650390625 0.166015625 0.09375 0.0908203125
0 0.595703125 0.048828125 0.1171875 0.0966796875
0 0.0849609375 0.544921875 0.0703125 0.0673828125
0 0.599609375 0.716796875 0.177734375 0.1689453125
0 0.5107421875 0.51171875 0.078125 0.0751953125
0 0.8994140625 0.423828125 0.0732421875 0.072265625
0 0.296875 0.6572265625 0.0625 0.0595703125
0 0.5546875 0.6259765625 0.1484375 0.1357421875
0 0.2548828125 0.6162109375 0.0859375 0.0830078125
0 0.615234375 0.5517578125 0.056640625 0.0517578125
0 0.1015625 0.9716796875 0.138671875 0.056640625
0 0.4462890625 0.669921875 0.056640625 0.0517578125
0 0.02734375 0.52734375 0.048828125 0.0439453125
0 0.072265625 0.904296875 0.0625 0.060546875
0 0.080078125 0.8095703125 0.0703125 0.0673828125
0 0.455078125 0.4580078125 0.072265625 0.0673828125
0 0.32421875 0.130859375 0.146484375 0.130859375
0 0.2783203125 0.099609375 0.099609375 0.09375
0 0.6962890625 0.267578125 0.060546875 0.056640625
0 0.9462890625 0.705078125 0.107421875 0.1533203125
0 0.0341796875 0.0419921875 0.068359375 0.083984375
0 0.029296875 0.158203125 0.05859375 0.09375
0 0.3740234375 0.015625 0.1015625 0.03125
0 0.658203125 0.015625 0.078125 0.03125
0 0.552734375 0.2060546875 0.138671875 0.134765625
0 0.8388671875 0.033203125 0.099609375 0.0654296875
0 0.5625 0.4072265625 0.1171875 0.109375
0 0.4990234375 0.423828125 0.095703125 0.0888671875
0 0.7314453125 0.4267578125 0.15625 0.154296875
0 0.7607421875 0.361328125 0.060546875 0.0546875
0 0.9677734375 0.380859375 0.064453125 0.1220703125
0 0.9775390625 0.361328125 0.044921875 0.078125
0 0.763671875 0.646484375 0.162109375 0.1591796875
0 0.7216796875 0.9853515625 0.1171875 0.029296875
0 0.76953125 0.8974609375 0.189453125 0.1767578125
0 0.3466796875 0.955078125 0.1591796875 0.0888671875
0 0.056640625 0.6064453125 0.1123046875 0.1044921875
0 0.0859375 0.666015625 0.1123046875 0.107421875