0 0.8798828125 0.1279296875 0.130859375 0.169921875
0 0.947265625 0.3740234375 0.0673828125 0.095703125
0 0.966796875 0.3134765625 0.0439453125 0.046875
0 0.9267578125 0.294921875 0.064453125 0.0859375
0 0.970703125 0.482421875 0.0576171875 0.1142578125
0 0.9951171875 0.4052734375 0.009765625 0.03125
0 0.9951171875 0.3759765625 0.009765625 0.0361328125
0 0.982421875 0.333984375 0.0341796875 0.080078125
0 0.9892578125 0.28125 0.021484375 0.0361328125
0 0.9970703125 0.23828125 0.005859375 0.0439453125
0 0.97265625 0.25390625 0.0546875 0.0751953125
0 0.9853515625 0.185546875 0.029296875 0.05859375
0 0.9931640625 0.158203125 0.013671875 0.0390625
0 0.9697265625 0.1748046875 0.03125 0.0361328125
0 0.97265625 0.1416015625 0.041015625 0.056640625
0 0.9951171875 0.1298828125 0.009765625 0.03125
0 0.9794921875 0.08984375 0.041015625 0.064453125
0 0.759765625 0.1982421875 0.0703125 0.0908203125
0 0.8291015625 0.296875 0.060546875 0.0830078125
0 0.7470703125 0.3525390625 0.0986328125 0.126953125
0 0.6875 0.166015625 0.080078125 0.1064453125
0 0.6572265625 0.1123046875 0.0439453125 0.0546875
0 0.767578125 0.1279296875 0.0439453125 0.0595703125
0 0.728515625 0.1103515625 0.0517578125 0.056640625
0 0.6953125 0.533203125 0.060546875 0.0830078125
0 0.64453125 0.541015625 0.0517578125 0.072265625
0 0.517578125 0.4013671875 0.095703125 0.1220703125
0 0.744140625 0.28515625 0.0205078125 0.0234375
0 0.703125 0.255859375 0.076171875 0.095703125
0 0.6142578125 0.24609375 0.125 0.158203125
0 0.962890625 0.205078125 0.041015625 0.0517578125
0 0.9296875 0.224609375 0.0546875 0.064453125
0 0.875 0.251953125 0.0703125 0.0830078125
0 0.9833984375 0.4130859375 0.03125 0.03125
0 0.984375 0.3779296875 0.03125 0.0390625
0 0.9072265625 0.498046875 0.076171875 0.0908203125
0 0.9345703125 0.447265625 0.0517578125 0.072265625
0 0.8779296875 0.431640625 0.0732421875 0.0908203125
0 0.904296875 0.3974609375 0.03125 0.0361328125
0 0.931640625 0.5751953125 0.0830078125 0.1015625
0 0.966796875 0.6142578125 0.041015625 0.03125
0 0.986328125 0.5791015625 0.025390625 0.046875
0 0.9814453125 0.544921875 0.037109375 0.0419921875
0 0.9423828125 0.51171875 0.0439453125 0.0517578125
0 0.826171875 0.3779296875 0.0703125 0.0986328125
0 0.890625 0.54296875 0.0439453125 0.046875
0 0.8994140625 0.662109375 0.048828125 0.064453125
0 0.8642578125 0.6142578125 0.0576171875 0.0703125
0 0.857421875 0.546875 0.048828125 0.0595703125
0 0.8642578125 0.505859375 0.0283203125 0.03125
0 0.869140625 0.478515625 0.0341796875 0.046875
0 0.8173828125 0.6162109375 0.0283203125 0.0439453125
0 0.8232421875 0.580078125 0.048828125 0.0595703125
0 0.818359375 0.521484375 0.0517578125 0.0751953125
0 0.8427734375 0.494140625 0.0283203125 0.03125
0 0.8369140625 0.462890625 0.041015625 0.046875
0 0.826171875 0.6455078125 0.037109375 0.0439453125
0 0.791015625 0.6005859375 0.046875 0.0595703125
0 0.978515625 0.6591796875 0.0283203125 0.0595703125
0 0.9501953125 0.6552734375 0.041015625 0.0625
0 0.833984375 0.7421875 0.0546875 0.0751953125
0 0.787109375 0.6904296875 0.0576171875 0.0751953125
0 0.9599609375 0.8818359375 0.0283203125 0.0673828125
0 0.96484375 0.8291015625 0.025390625 0.0439453125
0 0.962890625 0.77734375 0.041015625 0.072265625
0 0.939453125 0.7890625 0.0283203125 0.03125
0 0.912109375 0.748046875 0.0341796875 0.0439453125
0 0.8798828125 0.712890625 0.03125 0.046875
0 0.837890625 0.681640625 0.03125 0.0439453125
0 0.939453125 0.9697265625 0.0546875 0.060546875
0 0.91015625 0.908203125 0.0517578125 0.0673828125
0 0.876953125 0.8486328125 0.0576171875 0.072265625
0 0.935546875 0.8662109375 0.025390625 0.0390625
0 0.9345703125 0.8251953125 0.03125 0.0439453125
0 0.880859375 0.78125 0.041015625 0.056640625
0 0.7822265625 0.8583984375 0.1220703125 0.1689453125
0 0.8505859375 0.947265625 0.0546875 0.072265625
0 0.896484375 0.9716796875 0.041015625 0.056640625
0 0.841796875 0.9892578125 0.03515625 0.021484375
0 0.638671875 0.423828125 0.140625 0.197265625
0 0.7822265625 0.501953125 0.03125 0.0439453125
0 0.787109375 0.466796875 0.025390625 0.0361328125
0 0.8154296875 0.447265625 0.0361328125 0.056640625
0 0.7802734375 0.4287109375 0.0439453125 0.0439453125
0 0.765625 0.484375 0.0283203125 0.03125
0 0.7392578125 0.482421875 0.0205078125 0.0283203125
0 0.7470703125 0.451171875 0.0361328125 0.0517578125
0 0.7724609375 0.6357421875 0.0341796875 0.0439453125
0 0.7607421875 0.5986328125 0.0283203125 0.0439453125
0 0.734375 0.5830078125 0.037109375 0.0390625
0 0.779296875 0.556640625 0.0283203125 0.0390625
0 0.7421875 0.53125 0.041015625 0.0517578125
0 0.7578125 0.51171875 0.03125 0.03125
0 0.75 0.748046875 0.064453125 0.0751953125
0 0.763671875 0.673828125 0.03125 0.0390625
0 0.873046875 0.3740234375 0.046875 0.0517578125
0 0.91015625 0.3408203125 0.0283203125 0.0517578125
0 0.880859375 0.3251953125 0.0517578125 0.0673828125
0 0.7099609375 0.705078125 0.046875 0.0517578125
0 0.7275390625 0.6669921875 0.0439453125 0.0546875
0 0.7177734375 0.822265625 0.0341796875 0.0390625
0 0.7373046875 0.7890625 0.0341796875 0.0390625
0 0.654296875 0.8681640625 0.125 0.177734375
0 0.703125 0.779296875 0.041015625 0.056640625
0 0.658203125 0.716796875 0.0576171875 0.080078125
0 0.7880859375 0.26953125 0.0576171875 0.0830078125
0 0.8203125 0.212890625 0.064453125 0.0908203125
0 0.8125 0.166015625 0.0439453125 0.046875
0 0.806640625 0.1083984375 0.046875 0.0595703125
0 0.787109375 0.064453125 0.0361328125 0.046875
0 0.7578125 0.0869140625 0.041015625 0.0517578125
0 0.7626953125 0.0517578125 0.0341796875 0.0390625
0 0.9501953125 0.083984375 0.0517578125 0.0595703125
0 0.947265625 0.1279296875 0.037109375 0.046875
0 0.9453125 0.1748046875 0.0283203125 0.0361328125
0 0.712890625 0.474609375 0.0517578125 0.0595703125
0 0.58984375 0.697265625 0.0703125 0.087890625
0 0.654296875 0.662109375 0.0341796875 0.0439453125
0 0.625 0.6552734375 0.025390625 0.0361328125
0 0.6083984375 0.6396484375 0.03125 0.0390625
0 0.5869140625 0.6181640625 0.0205078125 0.03125
0 0.5458984375 0.564453125 0.0517578125 0.072265625
0 0.6201171875 0.1376953125 0.048828125 0.072265625
0 0.5947265625 0.0830078125 0.0546875 0.0751953125
0 0.6845703125 0.0634765625 0.119140625 0.0986328125
0 0.748046875 0.25 0.025390625 0.03125
0 0.6845703125 0.3330078125 0.03125 0.0361328125
0 0.5546875 0.1669921875 0.048828125 0.0595703125
0 0.51953125 0.056640625 0.1015625 0.11328125
0 0.501953125 0.279296875 0.1044921875 0.119140625
0 0.515625 0.1982421875 0.041015625 0.0517578125
0 0.5 0.162109375 0.0341796875 0.046875
0 0.4697265625 0.193359375 0.0546875 0.072265625
0 0.5673828125 0.3720703125 0.03125 0.0390625
0 0.595703125 0.3330078125 0.0283203125 0.0390625
0 0.5595703125 0.333984375 0.0341796875 0.0390625
0 0.603515625 0.51171875 0.025390625 0.03125
0 0.619140625 0.6005859375 0.0341796875 0.0439453125
0 0.5849609375 0.552734375 0.03125 0.0390625
0 0.564453125 0.51171875 0.03125 0.0439453125
0 0.556640625 0.470703125 0.0439453125 0.0517578125
0 0.5625 0.431640625 0.03125 0.0390625
0 0.564453125 0.404296875 0.025390625 0.03125
0 0.568359375 0.6435546875 0.03125 0.0439453125
0 0.6650390625 0.6181640625 0.03125 0.0439453125
0 0.560546875 0.796875 0.0673828125 0.0908203125
0 0.638671875 0.98046875 0.064453125 0.0390625
0 0.7353515625 0.9814453125 0.119140625 0.037109375
0 0.529296875 0.9208984375 0.162109375 0.158203125
0 0.4697265625 0.552734375 0.0732421875 0.0908203125
0 0.505859375 0.6708984375 0.095703125 0.1220703125
0 0.3251953125 0.697265625 0.119140625 0.166015625
0 0.431640625 0.810546875 0.1767578125 0.236328125
0 0.51953125 0.525390625 0.0283203125 0.0361328125
0 0.509765625 0.486328125 0.037109375 0.0517578125
0 0.458984375 0.4921875 0.037109375 0.0439453125
0 0.3671875 0.5634765625 0.109375 0.1455078125
0 0.310546875 0.6025390625 0.037109375 0.0546875
0 0.439453125 0.6748046875 0.048828125 0.0546875
0 0.447265625 0.6279296875 0.037109375 0.046875
0 0.408203125 0.6298828125 0.03125 0.046875
0 0.455078125 0.3681640625 0.03125 0.03125
0 0.419921875 0.4130859375 0.021484375 0.0234375
0 0.423828125 0.3896484375 0.015625 0.0234375
0 0.431640625 0.3720703125 0.0185546875 0.0234375
0 0.423828125 0.3486328125 0.03125 0.03125
0 0.4052734375 0.3759765625 0.0341796875 0.0439453125
0 0.3798828125 0.322265625 0.0673828125 0.0908203125
0 0.345703125 0.453125 0.078125 0.1064453125
0 0.3876953125 0.408203125 0.0341796875 0.0439453125
0 0.341796875 0.3740234375 0.0517578125 0.0673828125
0 0.34765625 0.330078125 0.0283203125 0.0361328125
0 0.310546875 0.51171875 0.046875 0.0595703125
0 0.4248046875 0.4921875 0.0439453125 0.0517578125
0 0.412109375 0.447265625 0.0439453125 0.0517578125
0 0.451171875 0.412109375 0.048828125 0.0595703125
0 0.451171875 0.3408203125 0.0283203125 0.0361328125
0 0.4296875 0.3017578125 0.046875 0.0625
0 0.408203125 0.224609375 0.0859375 0.1142578125
0 0.470703125 0.1376953125 0.037109375 0.0439453125
0 0.453125 0.095703125 0.041015625 0.0517578125
0 0.462890625 0.056640625 0.041015625 0.0517578125
0 0.4267578125 0.037109375 0.056640625 0.07421875
0 0.4697265625 0.017578125 0.033203125 0.03515625
0 0.361328125 0.1162109375 0.119140625 0.150390625
0 0.3291015625 0.220703125 0.060546875 0.0751953125
0 0.3251953125 0.3017578125 0.048828125 0.0703125
0 0.2998046875 0.3896484375 0.037109375 0.046875
0 0.2724609375 0.466796875 0.0546875 0.0673828125
0 0.2197265625 0.490234375 0.044921875 0.0595703125
0 0.259765625 0.572265625 0.0986328125 0.1220703125
0 0.2177734375 0.6826171875 0.060546875 0.0830078125
0 0.2548828125 0.78515625 0.060546875 0.0830078125
0 0.310546875 0.814453125 0.048828125 0.0595703125
0 0.333984375 0.8935546875 0.0390625 0.056640625
0 0.3583984375 0.9609375 0.0546875 0.0517578125
0 0.4208984375 0.951171875 0.0439453125 0.0517578125
0 0.279296875 0.916015625 0.0439453125 0.056640625
0 0.220703125 0.9052734375 0.046875 0.0595703125
0 0.275390625 0.8759765625 0.021484375 0.0283203125
0 0.2548828125 0.8759765625 0.025390625 0.03125
0 0.255859375 0.8408203125 0.021484375 0.03125
0 0.228515625 0.8408203125 0.037109375 0.0439453125
0 0.1767578125 0.291015625 0.232421875 0.302734375
0 0.283203125 0.205078125 0.033203125 0.0439453125
0 0.2822265625 0.1591796875 0.048828125 0.064453125
0 0.2880859375 0.322265625 0.0390625 0.0390625
0 0.119140625 0.51171875 0.0888671875 0.0986328125
0 0.166015625 0.6025390625 0.091796875 0.1142578125
0 0.064453125 0.6083984375 0.1015625 0.1220703125
0 0.177734375 0.845703125 0.037109375 0.0439453125
0 0.208984375 0.802734375 0.03125 0.0361328125
0 0.16796875 0.78515625 0.046875 0.056640625
0 0.171875 0.73046875 0.037109375 0.046875
0 0.166015625 0.685546875 0.041015625 0.0517578125
0 0.1123046875 0.7734375 0.046875 0.064453125
0 0.1416015625 0.916015625 0.0732421875 0.087890625
0 0.109375 0.703125 0.046875 0.064453125
0 0.048828125 0.5078125 0.0546875 0.072265625
0 0.0498046875 0.8544921875 0.099609375 0.181640625
0 0.0322265625 0.3408203125 0.048828125 0.0986328125
0 0.3046875 0.0634765625 0.037109375 0.0517578125
0 0.275390625 0.1181640625 0.03125 0.0390625
0 0.2744140625 0.0830078125 0.037109375 0.0390625
0 0.263671875 0.041015625 0.046875 0.0595703125
0 0.23828125 0.009765625 0.05859375 0.01953125
0 0.3330078125 0.02734375 0.1376953125 0.0546875
0 0.3857421875 0.04296875 0.0439453125 0.046875
0 0.2470703125 0.1474609375 0.0283203125 0.03125
0 0.224609375 0.1494140625 0.025390625 0.0283203125
0 0.2255859375 0.1201171875 0.041015625 0.0439453125
0 0.224609375 0.0517578125 0.037109375 0.0517578125
0 0.1943359375 0.021484375 0.048828125 0.04296875
0 0.2001953125 0.0869140625 0.041015625 0.0517578125
0 0.171875 0.1044921875 0.03125 0.03125
0 0.14453125 0.1298828125 0.046875 0.056640625
0 0.1572265625 0.0673828125 0.0517578125 0.0673828125
0 0.1630859375 0.02734375 0.025390625 0.0234375
0 0.142578125 0.013671875 0.0546875 0.02734375
0 0.1171875 0.1279296875 0.021484375 0.0283203125
0 0.1220703125 0.1025390625 0.025390625 0.0390625
0 0.0947265625 0.1103515625 0.0283203125 0.0390625
0 0.1005859375 0.0751953125 0.048828125 0.056640625
0 0.125 0.033203125 0.025390625 0.03125
0 0.1025390625 0.017578125 0.037109375 0.03515625
0 0.052734375 0.064453125 0.046875 0.056640625
0 0.0732421875 0.21484375 0.021484375 0.0361328125
0 0.0732421875 0.181640625 0.021484375 0.03125
0 0.046875 0.1787109375 0.046875 0.0595703125
0 0.064453125 0.1279296875 0.029296875 0.0361328125
0 0.013671875 0.51953125 0.02734375 0.0390625
0 0.01953125 0.47265625 0.0283203125 0.046875
0 0.072265625 0.765625 0.03125 0.0390625
0 0.0673828125 0.72265625 0.0390625 0.0517578125
0 0.078125 0.681640625 0.03125 0.0361328125
0 0.0224609375 0.748046875 0.03125 0.0361328125
0 0.033203125 0.712890625 0.0283203125 0.0517578125
0 0.013671875 0.5517578125 0.02734375 0.044921875
0 0.0400390625 0.1181640625 0.025390625 0.056640625
0 0.0576171875 0.298828125 0.0283203125 0.046875
0 0.04296875 0.2734375 0.0185546875 0.0234375
0 0.021484375 0.271484375 0.015625 0.0283203125
0 0.02734375 0.2421875 0.021484375 0.03125
0 0.0400390625 0.21875 0.021484375 0.0234375
0 0.0107421875 0.6865234375 0.021484375 0.0361328125
0 0.171875 0.53515625 0.037109375 0.0517578125
0 0.0703125 0.021484375 0.0283203125 0.0390625
0 0.046875 0.03515625 0.0283203125 0.03125
0 0.046875 0.01171875 0.021484375 0.0234375
0 0.8525390625 0.8896484375 0.048828125 0.064453125
0 0.615234375 0.322265625 0.03125 0.0390625
0 0.576171875 0.3134765625 0.0205078125 0.03125
0 0.5595703125 0.298828125 0.03125 0.0361328125
0 0.498046875 0.7265625 0.0341796875 0.0439453125
0 0.619140625 0.763671875 0.0439453125 0.056640625
0 0.7197265625 0.423828125 0.0341796875 0.046875