0 0.5859375 0.580078125 0.142578125 0.1298828125
0 0.537109375 0.439453125 0.1376953125 0.1298828125
0 0.3154296875 0.935546875 0.0966796875 0.087890625
0 0.587890625 0.177734375 0.1435546875 0.1357421875
0 0.765625 0.638671875 0.087890625 0.0810546875
0 0.1591796875 0.119140625 0.095703125 0.083984375
0 0.7431640625 0.376953125 0.134765625 0.1220703125
0 0.5009765625 0.740234375 0.0703125 0.0654296875
0 0.359375 0.251953125 0.056640625 0.048828125
0 0.265625 0.3037109375 0.1435546875 0.126953125
0 0.267578125 0.087890625 0.068359375 0.064453125
0 0.0322265625 0.9658203125 0.060546875 0.0576171875
0 0.0595703125 0.626953125 0.0830078125 0.0703125
0 0.482421875 0.619140625 0.0595703125 0.0546875
0 0.3046875 0.7626953125 0.056640625 0.0498046875
0 0.8798828125 0.3837890625 0.052734375 0.0498046875
0 0.1376953125 0.044921875 0.0673828125 0.064453125
0 0.5908203125 0.333984375 0.0908203125 0.087890625
0 0.65234375 0.962890625 0.052734375 0.046875
0 0.2919921875 0.5419921875 0.044921875 0.0439453125
0 0.4091796875 0.4716796875 0.224609375 0.1953125
0 0.365234375 0.396484375 0.03125 0.029296875
0 0.2548828125 0.572265625 0.0439453125 0.0390625
0 0.068359375 0.869140625 0.13671875 0.12890625
0 0.712890625 0.2509765625 0.078125 0.078125
0 0.166015625 0.9521484375 0.0546875 0.0517578125
0 0.064453125 0.673828125 0.0361328125 0.033203125
0 0.267578125 0.392578125 0.0361328125 0.0341796875
0 0.75390625 0.283203125 0.0341796875 0.033203125
0 0.685546875 0.9267578125 0.0419921875 0.041015625
0 0.3525390625 0.3232421875 0.0361328125 0.037109375
0 0.07421875 0.9794921875 0.0341796875 0.03125
0 0.7783203125 0.6884765625 0.03125 0.0283203125
0 0.0419921875 0.3076171875 0.083984375 0.119140625
0 0.3251953125 0.353515625 0.048828125 0.0390625
0 0.240234375 0.232421875 0.060546875 0.052734375
0 0.505859375 0.126953125 0.0908203125 0.0830078125
0 0.640625 0.265625 0.119140625 0.111328125
0 0.1875 0.3623046875 0.1064453125 0.099609375
0 0.2294921875 0.9765625 0.115234375 0.046875
0 0.1708984375 0.8642578125 0.1376953125 0.130859375
0 0.9580078125 0.8955078125 0.083984375 0.125
0 0.869140625 0.9814453125 0.048828125 0.037109375
0 0.787109375 0.953125 0.064453125 0.052734375