0 0.615234375 0.1875 0.1689453125 0.1533203125
0 0.41015625 0.41796875 0.1201171875 0.111328125
0 0.1533203125 0.265625 0.119140625 0.1171875
0 0.919921875 0.470703125 0.1279296875 0.1123046875
0 0.8681640625 0.365234375 0.1279296875 0.115234375
0 0.4560546875 0.2646484375 0.087890625 0.078125
0 0.216796875 0.7236328125 0.1015625 0.0908203125
0 0.3125 0.259765625 0.1748046875 0.158203125
0 0.373046875 0.146484375 0.115234375 0.1064453125
0 0.4990234375 0.857421875 0.1171875 0.107421875
0 0.11328125 0.056640625 0.125 0.1123046875
0 0.4619140625 0.603515625 0.1923828125 0.1767578125
0 0.177734375 0.6708984375 0.169921875 0.1435546875
0 0.779296875 0.2763671875 0.0595703125 0.0517578125
0 0.7158203125 0.890625 0.150390625 0.1376953125
0 0.5341796875 0.75 0.056640625 0.056640625
0 0.296875 0.48046875 0.09375 0.0908203125
0 0.49609375 0.0927734375 0.158203125 0.140625
0 0.794921875 0.6875 0.078125 0.0703125
0 0.2109375 0.513671875 0.078125 0.0732421875
0 0.54296875 0.6337890625 0.080078125 0.0732421875
0 0.650390625 0.3623046875 0.0810546875 0.076171875
0 0.9208984375 0.794921875 0.0732421875 0.0703125
0 0.0576171875 0.232421875 0.0908203125 0.0830078125
0 0.8720703125 0.166015625 0.119140625 0.1171875
0 0.8564453125 0.7216796875 0.056640625 0.0546875
0 0.71875 0.521484375 0.09375 0.0859375
0 0.689453125 0.736328125 0.103515625 0.087890625
0 0.208984375 0.416015625 0.091796875 0.0830078125
0 0.06640625 0.966796875 0.087890625 0.0625
0 0.10546875 0.853515625 0.1044921875 0.099609375
0 0.8681640625 0.9619140625 0.0751953125 0.0654296875
0 0.2666015625 0.833984375 0.0703125 0.060546875
0 0.2666015625 0.8876953125 0.0498046875 0.0439453125
0 0.806640625 0.599609375 0.0966796875 0.09375
0 0.666015625 0.6279296875 0.1845703125 0.1748046875
0 0.6142578125 0.673828125 0.046875 0.0439453125
0 0.728515625 0.4208984375 0.09375 0.0830078125
0 0.2568359375 0.048828125 0.169921875 0.0966796875
0 0.6904296875 0.130859375 0.107421875 0.091796875
0 0.72265625 0.0439453125 0.1533203125 0.0859375
0 0.390625 0.0185546875 0.130859375 0.037109375
0 0.8203125 0.1689453125 0.154296875 0.138671875
0 0.966796875 0.3427734375 0.0654296875 0.080078125
0 0.0439453125 0.6650390625 0.087890625 0.1435546875
0 0.9833984375 0.7080078125 0.033203125 0.099609375
0 0.142578125 0.9619140625 0.078125 0.076171875
0 0.9619140625 0.208984375 0.076171875 0.11328125
0 0.8759765625 0.048828125 0.130859375 0.09765625
0 0.9140625 0.0595703125 0.0859375 0.080078125
0 0.8388671875 0.83203125 0.130859375 0.130859375
0 0.521484375 0.4951171875 0.1044921875 0.09375
0 0.607421875 0.4921875 0.0810546875 0.0654296875
0 0.552734375 0.9521484375 0.154296875 0.095703125
0 0.93359375 0.6767578125 0.0830078125 0.0732421875