0 0.1416015625 0.20703125 0.0390625 0.033203125
0 0.2587890625 0.193359375 0.0361328125 0.029296875
0 0.19140625 0.0498046875 0.021484375 0.017578125
0 0.421875 0.13671875 0.0546875 0.0419921875
0 0.580078125 0.0869140625 0.2392578125 0.173828125
0 0.6572265625 0.1796875 0.0439453125 0.0361328125
0 0.853515625 0.1875 0.0859375 0.068359375
0 0.744140625 0.2373046875 0.109375 0.087890625
0 0.7294921875 0.3623046875 0.0205078125 0.017578125
0 0.876953125 0.43359375 0.021484375 0.017578125
0 0.9248046875 0.12890625 0.033203125 0.0263671875
0 0.669921875 0.650390625 0.0498046875 0.041015625
0 0.701171875 0.6943359375 0.0205078125 0.015625
0 0.759765625 0.728515625 0.0341796875 0.03125
0 0.78515625 0.78515625 0.052734375 0.0419921875
0 0.6845703125 0.8203125 0.2109375 0.158203125
0 0.8515625 0.947265625 0.0908203125 0.0732421875
0 0.845703125 0.876953125 0.0283203125 0.021484375
0 0.595703125 0.9208984375 0.099609375 0.078125
0 0.533203125 0.791015625 0.0205078125 0.017578125
0 0.6513671875 0.5830078125 0.0185546875 0.015625
0 0.6171875 0.53515625 0.017578125 0.013671875
0 0.4970703125 0.5068359375 0.0234375 0.0185546875
0 0.7197265625 0.43359375 0.0185546875 0.015625
0 0.4921875 0.4140625 0.068359375 0.0576171875
0 0.455078125 0.390625 0.0810546875 0.0673828125
0 0.1845703125 0.4580078125 0.052734375 0.0439453125
0 0.1123046875 0.6435546875 0.181640625 0.1484375
0 0.251953125 0.814453125 0.259765625 0.2109375
0 0.42578125 0.9189453125 0.2080078125 0.162109375
0 0.3388671875 0.9423828125 0.216796875 0.115234375