0 0.15625 0.181640625 0.0234375 0.017578125
0 0.3896484375 0.2744140625 0.046875 0.037109375
0 0.66015625 0.267578125 0.2138671875 0.169921875
0 0.7900390625 0.2392578125 0.044921875 0.037109375
0 0.84765625 0.19140625 0.0283203125 0.0234375
0 0.880859375 0.564453125 0.0390625 0.03125
0 0.865234375 0.6435546875 0.03125 0.0283203125
0 0.94140625 0.6689453125 0.033203125 0.0263671875
0 0.666015625 0.556640625 0.0439453125 0.037109375
0 0.6591796875 0.5048828125 0.056640625 0.046875
0 0.474609375 0.212890625 0.0234375 0.0185546875
0 0.166015625 0.537109375 0.0263671875 0.021484375
0 0.1484375 0.56640625 0.017578125 0.015625
0 0.23828125 0.6611328125 0.208984375 0.1669921875
0 0.4130859375 0.623046875 0.177734375 0.146484375
0 0.5830078125 0.6982421875 0.2763671875 0.2158203125
0 0.8837890625 0.78125 0.224609375 0.177734375
0 0.91796875 0.916015625 0.1640625 0.1669921875
0 0.3642578125 0.806640625 0.033203125 0.0263671875
0 0.205078125 0.8193359375 0.0732421875 0.0625
0 0.212890625 0.966796875 0.087890625 0.0654296875
0 0.1171875 0.921875 0.228515625 0.15625