0 0.0888671875 0.2587890625 0.046875 0.0390625
0 0.033203125 0.23046875 0.037109375 0.029296875
0 0.28515625 0.1064453125 0.1220703125 0.095703125
0 0.626953125 0.15625 0.03125 0.0263671875
0 0.7978515625 0.1181640625 0.052734375 0.0390625
0 0.8203125 0.1982421875 0.208984375 0.1640625
0 0.876953125 0.48828125 0.2080078125 0.171875
0 0.638671875 0.4755859375 0.0859375 0.068359375
0 0.376953125 0.501953125 0.0390625 0.03125
0 0.5185546875 0.51171875 0.0419921875 0.03125
0 0.5126953125 0.662109375 0.1328125 0.111328125
0 0.634765625 0.638671875 0.142578125 0.115234375
0 0.2158203125 0.52734375 0.068359375 0.056640625
0 0.017578125 0.5478515625 0.0234375 0.0185546875
0 0.3369140625 0.845703125 0.408203125 0.291015625
0 0.7900390625 0.841796875 0.265625 0.205078125
0 0.587890625 0.28515625 0.0517578125 0.0419921875
0 0.5185546875 0.1806640625 0.015625 0.013671875
0 0.673828125 0.1796875 0.017578125 0.013671875