0 0.8232421875 0.26953125 0.1923828125 0.1533203125
0 0.8369140625 0.3408203125 0.0830078125 0.0654296875
0 0.78125 0.1328125 0.0986328125 0.0830078125
0 0.5234375 0.0625 0.177734375 0.125
0 0.130859375 0.177734375 0.140625 0.109375
0 0.06640625 0.2724609375 0.0439453125 0.0361328125
0 0.1220703125 0.3388671875 0.0390625 0.03125
0 0.185546875 0.3701171875 0.048828125 0.0390625
0 0.4287109375 0.2001953125 0.0625 0.052734375
0 0.431640625 0.283203125 0.015625 0.0126953125
0 0.564453125 0.314453125 0.1455078125 0.1171875
0 0.6640625 0.4521484375 0.0205078125 0.015625
0 0.576171875 0.4423828125 0.126953125 0.107421875
0 0.6572265625 0.5048828125 0.0205078125 0.015625
0 0.724609375 0.509765625 0.0341796875 0.0263671875
0 0.517578125 0.587890625 0.115234375 0.0908203125
0 0.294921875 0.447265625 0.046875 0.037109375
0 0.1220703125 0.4580078125 0.041015625 0.03125
0 0.083984375 0.5185546875 0.033203125 0.0263671875
0 0.9130859375 0.63671875 0.1484375 0.1220703125
0 0.8505859375 0.8330078125 0.052734375 0.0419921875
0 0.7841796875 0.900390625 0.1171875 0.091796875
0 0.869140625 0.923828125 0.0498046875 0.0419921875
0 0.5341796875 0.8525390625 0.146484375 0.115234375
0 0.15234375 0.966796875 0.0859375 0.0654296875
0 0.1640625 0.7451171875 0.0341796875 0.0283203125
0 0.1181640625 0.6259765625 0.158203125 0.126953125
0 0.267578125 0.63671875 0.0546875 0.0439453125
0 0.37890625 0.6640625 0.048828125 0.041015625
0 0.384765625 0.5615234375 0.0234375 0.0185546875
0 0.263671875 0.4189453125 0.013671875 0.0126953125