0 0.3125 0.025390625 0.0625 0.048828125
0 0.615234375 0.1220703125 0.0517578125 0.0419921875
0 0.548828125 0.1474609375 0.0576171875 0.048828125
0 0.79296875 0.1240234375 0.1533203125 0.1201171875
0 0.9033203125 0.1484375 0.0546875 0.0439453125
0 0.8369140625 0.337890625 0.0185546875 0.013671875
0 0.8486328125 0.384765625 0.029296875 0.025390625
0 0.7841796875 0.423828125 0.046875 0.0390625
0 0.7978515625 0.4755859375 0.025390625 0.0205078125
0 0.712890625 0.4384765625 0.046875 0.037109375
0 0.625 0.4619140625 0.0234375 0.0205078125
0 0.9248046875 0.560546875 0.123046875 0.0986328125
0 0.7548828125 0.5966796875 0.0859375 0.0673828125
0 0.109375 0.3388671875 0.1171875 0.0966796875
0 0.04296875 0.44140625 0.0361328125 0.03125
0 0.091796875 0.560546875 0.0234375 0.0205078125
0 0.103515625 0.54296875 0.017578125 0.013671875
0 0.4873046875 0.560546875 0.0419921875 0.0341796875
0 0.427734375 0.625 0.0498046875 0.041015625
0 0.376953125 0.712890625 0.041015625 0.0361328125
0 0.28125 0.720703125 0.0419921875 0.033203125
0 0.212890625 0.7568359375 0.0205078125 0.015625
0 0.3251953125 0.7548828125 0.021484375 0.017578125
0 0.021484375 0.7958984375 0.033203125 0.0263671875
0 0.2041015625 0.93359375 0.060546875 0.0498046875
0 0.3076171875 0.9677734375 0.0390625 0.03125
0 0.3623046875 0.9013671875 0.0234375 0.0185546875
0 0.5068359375 0.98046875 0.015625 0.0126953125
0 0.939453125 0.880859375 0.0205078125 0.015625
0 0.59375 0.6962890625 0.021484375 0.015625
0 0.5771484375 0.716796875 0.1142578125 0.091796875
0 0.9189453125 0.78125 0.0234375 0.0205078125
0 0.486328125 0.380859375 0.0859375 0.0751953125