0 0.5126953125 0.1689453125 0.1435546875 0.126953125
0 0.625 0.099609375 0.146484375 0.1357421875
0 0.1279296875 0.8173828125 0.052734375 0.048828125
0 0.099609375 0.923828125 0.078125 0.0751953125
0 0.5654296875 0.3408203125 0.0625 0.0546875
0 0.478515625 0.833984375 0.068359375 0.0625
0 0.0498046875 0.6904296875 0.0517578125 0.0439453125
0 0.763671875 0.6875 0.0986328125 0.087890625
0 0.525390625 0.7958984375 0.0888671875 0.0830078125
0 0.904296875 0.134765625 0.072265625 0.064453125
0 0.0810546875 0.603515625 0.0517578125 0.044921875
0 0.3603515625 0.615234375 0.044921875 0.0439453125
0 0.9462890625 0.263671875 0.1015625 0.119140625
0 0.6630859375 0.90625 0.0439453125 0.041015625
0 0.91796875 0.431640625 0.0908203125 0.095703125
0 0.361328125 0.5087890625 0.0517578125 0.044921875
0 0.572265625 0.5888671875 0.0517578125 0.046875
0 0.193359375 0.2255859375 0.037109375 0.0361328125
0 0.6728515625 0.6357421875 0.064453125 0.0576171875
0 0.3583984375 0.0947265625 0.0576171875 0.0498046875
0 0.1826171875 0.1923828125 0.046875 0.0439453125
0 0.2763671875 0.548828125 0.046875 0.0419921875
0 0.3720703125 0.1708984375 0.109375 0.0966796875
0 0.345703125 0.169921875 0.064453125 0.056640625
0 0.8876953125 0.517578125 0.03125 0.033203125
0 0.0283203125 0.615234375 0.033203125 0.0283203125
0 0.283203125 0.8994140625 0.27734375 0.201171875
0 0.201171875 0.9287109375 0.0283203125 0.0283203125
0 0.677734375 0.41796875 0.0908203125 0.0888671875
0 0.1123046875 0.083984375 0.0439453125 0.0439453125
0 0.90234375 0.650390625 0.189453125 0.2158203125
0 0.865234375 0.166015625 0.03125 0.033203125
0 0.4736328125 0.2734375 0.052734375 0.048828125
0 0.439453125 0.357421875 0.078125 0.072265625
0 0.357421875 0.7578125 0.1328125 0.1142578125
0 0.345703125 0.6953125 0.103515625 0.09375
0 0.255859375 0.744140625 0.033203125 0.033203125
0 0.4794921875 0.74609375 0.0283203125 0.0263671875
0 0.2138671875 0.06640625 0.0576171875 0.0546875
0 0.7646484375 0.9111328125 0.0751953125 0.068359375
0 0.263671875 0.076171875 0.09375 0.0859375
0 0.8388671875 0.818359375 0.0283203125 0.0234375
0 0.13671875 0.09765625 0.0341796875 0.03125
0 0.2373046875 0.126953125 0.0439453125 0.0419921875
0 0.478515625 0.0634765625 0.1455078125 0.126953125
0 0.84765625 0.2333984375 0.041015625 0.033203125
0 0.8642578125 0.224609375 0.037109375 0.033203125
0 0.724609375 0.4990234375 0.080078125 0.0751953125
0 0.8046875 0.744140625 0.0517578125 0.044921875
0 0.912109375 0.8330078125 0.087890625 0.078125
0 0.90625 0.9296875 0.1875 0.140625
0 0.55078125 0.9736328125 0.078125 0.052734375
0 0.435546875 0.94921875 0.1689453125 0.1015625
0 0.7294921875 0.630859375 0.138671875 0.130859375
0 0.6396484375 0.7626953125 0.2626953125 0.21875
0 0.4375 0.8173828125 0.060546875 0.0546875
0 0.4287109375 0.6708984375 0.0810546875 0.0703125
0 0.48828125 0.6328125 0.0390625 0.0361328125
0 0.517578125 0.560546875 0.0283203125 0.0234375
0 0.0595703125 0.421875 0.119140625 0.177734375
0 0.279296875 0.4765625 0.109375 0.0966796875
0 0.3125 0.4169921875 0.1455078125 0.1298828125
0 0.630859375 0.650390625 0.0517578125 0.046875