0 0.720703125 0.291015625 0.177734375 0.1611328125
0 0.5673828125 0.43359375 0.1298828125 0.123046875
0 0.6943359375 0.765625 0.1298828125 0.1201171875
0 0.666015625 0.662109375 0.09375 0.087890625
0 0.951171875 0.4228515625 0.072265625 0.0654296875
0 0.916015625 0.76953125 0.166015625 0.169921875
0 0.2109375 0.251953125 0.095703125 0.087890625
0 0.7587890625 0.5703125 0.125 0.1142578125
0 0.7197265625 0.04296875 0.095703125 0.0859375
0 0.1181640625 0.78125 0.150390625 0.130859375
0 0.2607421875 0.66015625 0.173828125 0.158203125
0 0.5693359375 0.7255859375 0.064453125 0.0546875
0 0.7109375 0.29296875 0.052734375 0.052734375
0 0.220703125 0.138671875 0.078125 0.0673828125
0 0.16015625 0.189453125 0.0576171875 0.056640625
0 0.130859375 0.119140625 0.087890625 0.080078125
0 0.2060546875 0.064453125 0.1123046875 0.095703125
0 0.7958984375 0.650390625 0.0673828125 0.0625
0 0.48828125 0.494140625 0.076171875 0.0732421875
0 0.7734375 0.2841796875 0.0654296875 0.0654296875
0 0.771484375 0.4560546875 0.0810546875 0.080078125
0 0.3984375 0.416015625 0.0546875 0.0517578125
0 0.3125 0.0556640625 0.087890625 0.0888671875
0 0.697265625 0.8828125 0.150390625 0.1298828125
0 0.4453125 0.587890625 0.068359375 0.064453125
0 0.23046875 0.966796875 0.0546875 0.056640625
0 0.3017578125 0.2763671875 0.091796875 0.078125
0 0.638671875 0.5654296875 0.052734375 0.052734375
0 0.3984375 0.712890625 0.09375 0.0908203125
0 0.474609375 0.7041015625 0.068359375 0.0654296875
0 0.810546875 0.9345703125 0.119140625 0.1142578125
0 0.3564453125 0.8974609375 0.0625 0.0654296875
0 0.2333984375 0.47265625 0.1923828125 0.171875
0 0.2763671875 0.017578125 0.046875 0.0341796875
0 0.189453125 0.0205078125 0.056640625 0.041015625
0 0.44921875 0.345703125 0.1484375 0.142578125
0 0.376953125 0.3193359375 0.0654296875 0.0654296875
0 0.6220703125 0.068359375 0.1064453125 0.09375
0 0.6630859375 0.1025390625 0.0517578125 0.041015625
0 0.7138671875 0.4404296875 0.1513671875 0.1328125
0 0.05078125 0.5224609375 0.1015625 0.1689453125
0 0.1435546875 0.603515625 0.1455078125 0.134765625
0 0.041015625 0.6796875 0.08203125 0.16015625
0 0.2255859375 0.826171875 0.171875 0.162109375
0 0.4189453125 0.8017578125 0.1611328125 0.134765625
0 0.697265625 0.9814453125 0.044921875 0.037109375
0 0.541015625 0.974609375 0.083984375 0.0498046875
0 0.5908203125 0.587890625 0.1064453125 0.0966796875
0 0.1015625 0.0302734375 0.107421875 0.060546875
0 0.0966796875 0.19140625 0.0888671875 0.0830078125