0 0.0791015625 0.8037109375 0.158203125 0.1826171875
0 0.5341796875 0.201171875 0.2216796875 0.201171875
0 0.396484375 0.451171875 0.193359375 0.1767578125
0 0.708984375 0.4482421875 0.2001953125 0.1845703125
0 0.8857421875 0.2294921875 0.2216796875 0.2314453125
0 0.564453125 0.5888671875 0.0517578125 0.048828125
0 0.2265625 0.6494140625 0.201171875 0.177734375
0 0.1494140625 0.5732421875 0.0908203125 0.0888671875
0 0.2646484375 0.5478515625 0.0576171875 0.052734375
0 0.54296875 0.68359375 0.15625 0.1513671875
0 0.8994140625 0.3798828125 0.060546875 0.0625
0 0.0263671875 0.56640625 0.041015625 0.0390625
0 0.4150390625 0.259765625 0.193359375 0.1826171875
0 0.353515625 0.8701171875 0.0751953125 0.0732421875
0 0.712890625 0.744140625 0.177734375 0.1611328125
0 0.240234375 0.408203125 0.0751953125 0.0673828125
0 0.685546875 0.28515625 0.1904296875 0.1669921875
0 0.7294921875 0.197265625 0.1142578125 0.1123046875
0 0.5048828125 0.751953125 0.041015625 0.0419921875
0 0.6484375 0.64453125 0.0625 0.0595703125
0 0.0849609375 0.974609375 0.0576171875 0.0498046875
0 0.4931640625 0.6103515625 0.048828125 0.0390625
0 0.48828125 0.9189453125 0.28125 0.162109375
0 0.70703125 0.61328125 0.0654296875 0.064453125
0 0.0390625 0.9833984375 0.0283203125 0.0263671875
0 0.529296875 0.0537109375 0.107421875 0.083984375
0 0.291015625 0.0205078125 0.212890625 0.041015625
0 0.078125 0.2412109375 0.15625 0.1767578125
0 0.0498046875 0.3671875 0.099609375 0.158203125
0 0.208984375 0.953125 0.21875 0.09375
0 0.9228515625 0.7841796875 0.154296875 0.197265625
0 0.9345703125 0.4990234375 0.130859375 0.185546875
0 0.083984375 0.080078125 0.16796875 0.16015625