0 0.478515625 0.9013671875 0.0888671875 0.083984375
0 0.7158203125 0.896484375 0.15625 0.1435546875
0 0.115234375 0.357421875 0.087890625 0.078125
0 0.3935546875 0.6142578125 0.0810546875 0.0830078125
0 0.611328125 0.287109375 0.134765625 0.123046875
0 0.572265625 0.697265625 0.158203125 0.150390625
0 0.556640625 0.060546875 0.1123046875 0.103515625
0 0.8486328125 0.8876953125 0.083984375 0.083984375
0 0.744140625 0.5732421875 0.068359375 0.064453125
0 0.9033203125 0.197265625 0.1435546875 0.126953125
0 0.0576171875 0.6357421875 0.103515625 0.0966796875
0 0.564453125 0.361328125 0.0966796875 0.0908203125
0 0.60546875 0.587890625 0.0986328125 0.0908203125
0 0.779296875 0.1142578125 0.162109375 0.134765625
0 0.4716796875 0.7333984375 0.0625 0.0595703125
0 0.033203125 0.267578125 0.064453125 0.0732421875
0 0.6484375 0.1025390625 0.072265625 0.076171875
0 0.8564453125 0.548828125 0.087890625 0.0859375
0 0.2392578125 0.765625 0.083984375 0.078125
0 0.3203125 0.5966796875 0.0595703125 0.0595703125
0 0.1328125 0.8427734375 0.0673828125 0.0625
0 0.2841796875 0.0703125 0.1064453125 0.09375
0 0.673828125 0.7822265625 0.052734375 0.0498046875
0 0.482421875 0.6357421875 0.0595703125 0.0546875
0 0.4638671875 0.59375 0.0595703125 0.052734375
0 0.923828125 0.6767578125 0.103515625 0.0966796875
0 0.3330078125 0.048828125 0.1591796875 0.0966796875
0 0.2080078125 0.40625 0.078125 0.0703125
0 0.0888671875 0.275390625 0.0595703125 0.0595703125
0 0.7373046875 0.2880859375 0.1123046875 0.107421875
0 0.044921875 0.55078125 0.078125 0.0673828125
0 0.431640625 0.42578125 0.125 0.115234375
0 0.302734375 0.740234375 0.087890625 0.087890625
0 0.8173828125 0.029296875 0.072265625 0.0576171875
0 0.6923828125 0.5068359375 0.103515625 0.0908203125
0 0.5380859375 0.869140625 0.044921875 0.0419921875
0 0.4140625 0.8349609375 0.078125 0.0732421875
0 0.556640625 0.0615234375 0.1123046875 0.1064453125
0 0.951171875 0.833984375 0.087890625 0.078125
0 0.943359375 0.275390625 0.0498046875 0.046875
0 0.1015625 0.7822265625 0.072265625 0.0673828125
0 0.2314453125 0.1533203125 0.0625 0.056640625
0 0.1298828125 0.59765625 0.0595703125 0.0625
0 0.662109375 0.681640625 0.0673828125 0.0673828125
0 0.5029296875 0.2294921875 0.15625 0.1376953125
0 0.83984375 0.263671875 0.068359375 0.0673828125
0 0.9638671875 0.095703125 0.072265625 0.09375
0 0.7919921875 0.4521484375 0.1201171875 0.1064453125
0 0.720703125 0.36328125 0.1142578125 0.095703125
0 0.8642578125 0.3623046875 0.0986328125 0.091796875
0 0.9287109375 0.37890625 0.111328125 0.099609375
0 0.962890625 0.599609375 0.0703125 0.0595703125
0 0.8486328125 0.4853515625 0.1123046875 0.0966796875
0 0.1708984375 0.609375 0.103515625 0.091796875
0 0.451171875 0.3359375 0.1767578125 0.15625
0 0.029296875 0.1904296875 0.0576171875 0.0517578125