0 0.2021484375 0.5322265625 0.1015625 0.0966796875
0 0.1025390625 0.189453125 0.1279296875 0.1201171875
0 0.0576171875 0.36328125 0.115234375 0.1171875
0 0.70703125 0.310546875 0.115234375 0.1015625
0 0.3330078125 0.6240234375 0.1171875 0.109375
0 0.4091796875 0.8544921875 0.125 0.1201171875
0 0.5947265625 0.724609375 0.1640625 0.1484375
0 0.365234375 0.0498046875 0.119140625 0.099609375
0 0.318359375 0.255859375 0.1796875 0.1611328125
0 0.6591796875 0.224609375 0.125 0.1142578125
0 0.9140625 0.4599609375 0.1279296875 0.1171875
0 0.140625 0.927734375 0.1845703125 0.1435546875
0 0.5029296875 0.3046875 0.1064453125 0.09375
0 0.205078125 0.0615234375 0.115234375 0.1064453125
0 0.578125 0.1083984375 0.119140625 0.123046875
0 0.623046875 0.5634765625 0.076171875 0.0673828125
0 0.447265625 0.478515625 0.1484375 0.1328125
0 0.9267578125 0.5595703125 0.1044921875 0.0888671875
0 0.6982421875 0.4501953125 0.1279296875 0.1201171875
0 0.423828125 0.7607421875 0.0703125 0.0654296875
0 0.95703125 0.650390625 0.0859375 0.09375
0 0.486328125 0.115234375 0.0859375 0.076171875
0 0.708984375 0.638671875 0.1513671875 0.1357421875
0 0.2958984375 0.9228515625 0.1298828125 0.115234375
0 0.830078125 0.5771484375 0.0966796875 0.0830078125
0 0.044921875 0.6533203125 0.0732421875 0.0673828125
0 0.509765625 0.794921875 0.0498046875 0.046875
0 0.1416015625 0.7666015625 0.162109375 0.142578125
0 0.1962890625 0.787109375 0.1015625 0.0908203125
0 0.3349609375 0.5302734375 0.0625 0.0595703125
0 0.56640625 0.208984375 0.052734375 0.046875
0 0.5126953125 0.6181640625 0.083984375 0.080078125
0 0.599609375 0.302734375 0.078125 0.0703125
0 0.0390625 0.109375 0.0703125 0.064453125
0 0.833984375 0.849609375 0.056640625 0.056640625
0 0.916015625 0.8837890625 0.1455078125 0.134765625
0 0.052734375 0.5400390625 0.10546875 0.103515625
0 0.6396484375 0.896484375 0.056640625 0.052734375
0 0.111328125 0.7255859375 0.080078125 0.0673828125
0 0.837890625 0.0380859375 0.068359375 0.076171875
0 0.697265625 0.8837890625 0.0654296875 0.0673828125
0 0.830078125 0.470703125 0.041015625 0.0439453125
0 0.400390625 0.154296875 0.0625 0.0546875
0 0.744140625 0.8271484375 0.078125 0.0703125
0 0.7783203125 0.115234375 0.119140625 0.109375
0 0.0361328125 0.0322265625 0.072265625 0.064453125
0 0.2998046875 0.7099609375 0.1171875 0.1064453125
0 0.8779296875 0.3017578125 0.1357421875 0.123046875
0 0.150390625 0.376953125 0.1455078125 0.140625
0 0.7958984375 0.9384765625 0.138671875 0.123046875
0 0.2041015625 0.185546875 0.150390625 0.1435546875
0 0.1640625 0.6533203125 0.111328125 0.1044921875
0 0.4970703125 0.009765625 0.099609375 0.0185546875
0 0.6328125 0.029296875 0.0859375 0.05859375
0 0.4951171875 0.173828125 0.083984375 0.072265625
0 0.34375 0.4775390625 0.0986328125 0.0908203125
0 0.5322265625 0.408203125 0.1142578125 0.103515625
0 0.931640625 0.091796875 0.1328125 0.1298828125
0 0.798828125 0.1923828125 0.1171875 0.109375
0 0.98046875 0.251953125 0.0390625 0.0595703125
0 0.896484375 0.1806640625 0.103515625 0.103515625
0 0.89453125 0.365234375 0.099609375 0.0888671875
0 0.9853515625 0.3974609375 0.029296875 0.041015625
0 0.751953125 0.490234375 0.1279296875 0.1201171875
0 0.4375 0.642578125 0.134765625 0.126953125
0 0.259765625 0.5947265625 0.095703125 0.0908203125
0 0.98046875 0.744140625 0.0390625 0.0830078125
0 0.630859375 0.96484375 0.123046875 0.0703125
0 0.1357421875 0.650390625 0.103515625 0.091796875
0 0.541015625 0.470703125 0.0595703125 0.056640625
0 0.298828125 0.337890625 0.078125 0.0673828125
0 0.869140625 0.41015625 0.0986328125 0.09375