0 0.33203125 0.361328125 0.189453125 0.1748046875
0 0.244140625 0.056640625 0.1484375 0.11328125
0 0.1015625 0.091796875 0.1748046875 0.1689453125
0 0.109375 0.8740234375 0.1142578125 0.1044921875
0 0.1142578125 0.517578125 0.109375 0.1064453125
0 0.18359375 0.58984375 0.1171875 0.109375
0 0.8125 0.748046875 0.068359375 0.064453125
0 0.2861328125 0.734375 0.107421875 0.0986328125
0 0.759765625 0.166015625 0.1533203125 0.150390625
0 0.4921875 0.12890625 0.0908203125 0.0830078125
0 0.626953125 0.609375 0.0654296875 0.0625
0 0.5146484375 0.5107421875 0.173828125 0.15625
0 0.638671875 0.4580078125 0.103515625 0.091796875
0 0.578125 0.9150390625 0.0625 0.052734375
0 0.908203125 0.60546875 0.0673828125 0.060546875
0 0.357421875 0.140625 0.138671875 0.1171875
0 0.1728515625 0.771484375 0.1142578125 0.103515625
0 0.587890625 0.2783203125 0.1298828125 0.115234375
0 0.5830078125 0.8125 0.0830078125 0.0810546875
0 0.7353515625 0.41796875 0.0830078125 0.076171875
0 0.923828125 0.0791015625 0.080078125 0.0732421875
0 0.7080078125 0.845703125 0.103515625 0.099609375
0 0.912109375 0.4912109375 0.09375 0.087890625
0 0.7841796875 0.53515625 0.15625 0.146484375
0 0.798828125 0.953125 0.072265625 0.0703125
0 0.9697265625 0.267578125 0.060546875 0.150390625
0 0.265625 0.8974609375 0.068359375 0.064453125
0 0.326171875 0.578125 0.095703125 0.09375
0 0.490234375 0.658203125 0.1220703125 0.1220703125
0 0.455078125 0.6845703125 0.078125 0.0703125
0 0.505859375 0.845703125 0.0673828125 0.060546875
0 0.658203125 0.1787109375 0.0595703125 0.060546875
0 0.361328125 0.71484375 0.0595703125 0.056640625
0 0.0390625 0.703125 0.078125 0.103515625
0 0.349609375 0.833984375 0.1513671875 0.140625
0 0.8447265625 0.6357421875 0.0576171875 0.0546875
0 0.744140625 0.767578125 0.0673828125 0.0625
0 0.0419921875 0.5224609375 0.052734375 0.0517578125
0 0.1796875 0.2236328125 0.0908203125 0.080078125
0 0.4580078125 0.310546875 0.072265625 0.0703125
0 0.673828125 0.9541015625 0.1220703125 0.091796875
0 0.638671875 0.0615234375 0.1904296875 0.123046875
0 0.275390625 0.248046875 0.220703125 0.193359375
0 0.1767578125 0.353515625 0.099609375 0.091796875
0 0.0234375 0.208984375 0.046875 0.111328125
0 0.845703125 0.3505859375 0.09375 0.0859375
0 0.69921875 0.5322265625 0.1201171875 0.107421875
0 0.427734375 0.791015625 0.1484375 0.142578125
0 0.2734375 0.689453125 0.080078125 0.0673828125
0 0.3720703125 0.630859375 0.1171875 0.1044921875
0 0.4140625 0.447265625 0.142578125 0.1298828125
0 0.2138671875 0.173828125 0.0859375 0.0732421875
0 0.4599609375 0.02734375 0.119140625 0.0546875
0 0.697265625 0.75 0.078125 0.0732421875
0 0.6474609375 0.330078125 0.123046875 0.125