0 0.751953125 0.4833984375 0.134765625 0.123046875
0 0.3671875 0.267578125 0.123046875 0.115234375
0 0.58984375 0.552734375 0.1171875 0.1123046875
0 0.09375 0.5068359375 0.09375 0.0830078125
0 0.4736328125 0.5439453125 0.099609375 0.09375
0 0.060546875 0.8193359375 0.0908203125 0.0859375
0 0.3544921875 0.6181640625 0.126953125 0.1142578125
0 0.853515625 0.4150390625 0.068359375 0.060546875
0 0.373046875 0.3916015625 0.1376953125 0.1298828125
0 0.609375 0.1923828125 0.130859375 0.119140625
0 0.490234375 0.416015625 0.087890625 0.0830078125
0 0.0615234375 0.3837890625 0.0888671875 0.083984375
0 0.115234375 0.302734375 0.099609375 0.09375
0 0.5732421875 0.5185546875 0.083984375 0.076171875
0 0.2939453125 0.37890625 0.072265625 0.068359375
0 0.130859375 0.162109375 0.0986328125 0.091796875
0 0.0859375 0.228515625 0.078125 0.0703125
0 0.96875 0.408203125 0.056640625 0.0595703125
0 0.599609375 0.4326171875 0.0751953125 0.0673828125
0 0.205078125 0.814453125 0.140625 0.1279296875
0 0.2451171875 0.7509765625 0.064453125 0.0625
0 0.765625 0.3740234375 0.0751953125 0.0673828125
0 0.7333984375 0.90625 0.0751953125 0.0654296875
0 0.119140625 0.650390625 0.134765625 0.123046875
0 0.4716796875 0.8095703125 0.068359375 0.0654296875
0 0.8046875 0.8427734375 0.0654296875 0.0595703125
0 0.7138671875 0.32421875 0.046875 0.0498046875
0 0.6435546875 0.0517578125 0.056640625 0.0498046875
0 0.73046875 0.2392578125 0.095703125 0.087890625
0 0.03125 0.544921875 0.0625 0.0966796875
0 0.5107421875 0.8515625 0.046875 0.0439453125
0 0.8564453125 0.8876953125 0.0625 0.056640625
0 0.798828125 0.052734375 0.056640625 0.048828125
0 0.4716796875 0.6767578125 0.076171875 0.0703125
0 0.5947265625 0.88671875 0.1123046875 0.1044921875
0 0.255859375 0.5263671875 0.068359375 0.0654296875
0 0.810546875 0.1259765625 0.1142578125 0.107421875
0 0.8173828125 0.6689453125 0.1220703125 0.1171875
0 0.71875 0.1787109375 0.0576171875 0.048828125
0 0.0419921875 0.3125 0.046875 0.0498046875
0 0.1962890625 0.7138671875 0.064453125 0.0673828125
0 0.498046875 0.302734375 0.142578125 0.126953125
0 0.287109375 0.81640625 0.1171875 0.107421875
0 0.3193359375 0.7548828125 0.052734375 0.0517578125
0 0.703125 0.126953125 0.0751953125 0.060546875
0 0.8984375 0.84765625 0.0576171875 0.052734375
0 0.4169921875 0.822265625 0.052734375 0.056640625
0 0.6953125 0.7001953125 0.0595703125 0.0546875
0 0.2021484375 0.859375 0.087890625 0.0830078125
0 0.9541015625 0.5791015625 0.091796875 0.123046875
0 0.451171875 0.9052734375 0.099609375 0.091796875
0 0.0322265625 0.0966796875 0.064453125 0.091796875
0 0.318359375 0.0263671875 0.1064453125 0.052734375
0 0.505859375 0.0517578125 0.1435546875 0.103515625
0 0.603515625 0.326171875 0.173828125 0.15625
0 0.658203125 0.0146484375 0.0966796875 0.029296875
0 0.1728515625 0.365234375 0.15625 0.1484375
0 0.96484375 0.7216796875 0.0703125 0.154296875
0 0.826171875 0.9716796875 0.09375 0.056640625
0 0.435546875 0.9736328125 0.0625 0.052734375
0 0.294921875 0.9677734375 0.1298828125 0.064453125
0 0.37109375 0.90234375 0.123046875 0.1220703125
0 0.8916015625 0.134765625 0.181640625 0.162109375