0 0.1455078125 0.0517578125 0.142578125 0.103515625
0 0.3310546875 0.146484375 0.060546875 0.048828125
0 0.3837890625 0.1552734375 0.0361328125 0.0283203125
0 0.392578125 0.2021484375 0.046875 0.0390625
0 0.484375 0.1083984375 0.0830078125 0.0673828125
0 0.6328125 0.1826171875 0.072265625 0.0576171875
0 0.5986328125 0.3056640625 0.0439453125 0.037109375
0 0.75 0.3046875 0.056640625 0.048828125
0 0.80859375 0.3955078125 0.1015625 0.083984375
0 0.4951171875 0.361328125 0.068359375 0.056640625
0 0.501953125 0.45703125 0.1220703125 0.1015625
0 0.6142578125 0.4697265625 0.1064453125 0.0859375
0 0.701171875 0.486328125 0.0361328125 0.0283203125
0 0.779296875 0.4814453125 0.0234375 0.0205078125
0 0.9072265625 0.4638671875 0.185546875 0.177734375
0 0.8603515625 0.607421875 0.068359375 0.0546875
0 0.2353515625 0.43359375 0.0185546875 0.015625
0 0.2578125 0.615234375 0.1796875 0.1513671875
0 0.359375 0.54296875 0.0283203125 0.025390625
0 0.451171875 0.609375 0.248046875 0.197265625
0 0.525390625 0.7353515625 0.052734375 0.0390625
0 0.224609375 0.806640625 0.1591796875 0.1298828125
0 0.1416015625 0.9658203125 0.03125 0.025390625
0 0.732421875 0.81640625 0.212890625 0.1767578125
0 0.947265625 0.9296875 0.0439453125 0.033203125