0 0.2314453125 0.333984375 0.1875 0.166015625
0 0.30859375 0.75390625 0.189453125 0.1748046875
0 0.5048828125 0.458984375 0.1904296875 0.1767578125
0 0.384765625 0.1845703125 0.1875 0.158203125
0 0.712890625 0.3525390625 0.2138671875 0.1904296875
0 0.34765625 0.5849609375 0.1767578125 0.1640625
0 0.109375 0.048828125 0.1123046875 0.0966796875
0 0.2880859375 0.103515625 0.0830078125 0.076171875
0 0.0810546875 0.2333984375 0.162109375 0.1767578125
0 0.849609375 0.751953125 0.212890625 0.205078125
0 0.7841796875 0.1611328125 0.078125 0.0673828125
0 0.025390625 0.5556640625 0.05078125 0.068359375
0 0.06640625 0.515625 0.064453125 0.0625
0 0.1396484375 0.58984375 0.0703125 0.072265625
0 0.62890625 0.548828125 0.076171875 0.072265625
0 0.046875 0.732421875 0.09375 0.1220703125
0 0.34765625 0.28125 0.0390625 0.0361328125
0 0.7294921875 0.6357421875 0.115234375 0.1201171875
0 0.25390625 0.9501953125 0.1484375 0.099609375
0 0.333984375 0.9072265625 0.158203125 0.1513671875
0 0.705078125 0.8955078125 0.2158203125 0.189453125
0 0.638671875 0.7841796875 0.048828125 0.046875
0 0.904296875 0.646484375 0.0341796875 0.0361328125
0 0.54296875 0.03515625 0.0986328125 0.0703125
0 0.8994140625 0.173828125 0.201171875 0.275390625
0 0.62109375 0.2080078125 0.306640625 0.244140625
0 0.5791015625 0.7421875 0.0498046875 0.046875
0 0.8447265625 0.4130859375 0.1591796875 0.154296875
0 0.830078125 0.091796875 0.072265625 0.072265625
0 0.1962890625 0.2568359375 0.0546875 0.0498046875