0 0.208984375 0.9462890625 0.125 0.107421875
0 0.6494140625 0.626953125 0.1845703125 0.162109375
0 0.259765625 0.6982421875 0.1748046875 0.162109375
0 0.494140625 0.552734375 0.173828125 0.1611328125
0 0.5244140625 0.884765625 0.140625 0.126953125
0 0.755859375 0.189453125 0.080078125 0.0732421875
0 0.6201171875 0.2646484375 0.078125 0.0732421875
0 0.373046875 0.8515625 0.1064453125 0.0966796875
0 0.810546875 0.380859375 0.0830078125 0.078125
0 0.119140625 0.3388671875 0.0810546875 0.0703125
0 0.08203125 0.23828125 0.0859375 0.080078125
0 0.552734375 0.18359375 0.0732421875 0.0673828125
0 0.478515625 0.1875 0.0625 0.0595703125
0 0.9228515625 0.703125 0.154296875 0.16015625
0 0.3935546875 0.3828125 0.15625 0.158203125
0 0.12109375 0.49609375 0.068359375 0.0625
0 0.640625 0.21484375 0.0595703125 0.0546875
0 0.50390625 0.2998046875 0.1220703125 0.109375
0 0.6533203125 0.0791015625 0.087890625 0.0830078125
0 0.4228515625 0.4150390625 0.1142578125 0.1044921875
0 0.05078125 0.666015625 0.056640625 0.0546875
0 0.400390625 0.6923828125 0.1376953125 0.126953125
0 0.404296875 0.966796875 0.0830078125 0.0625
0 0.8095703125 0.04296875 0.0625 0.056640625
0 0.298828125 0.607421875 0.052734375 0.046875
0 0.9384765625 0.41015625 0.083984375 0.076171875
0 0.123046875 0.8427734375 0.171875 0.154296875
0 0.216796875 0.2998046875 0.189453125 0.1669921875
0 0.765625 0.4541015625 0.052734375 0.048828125
0 0.896484375 0.314453125 0.0810546875 0.078125
0 0.8701171875 0.3173828125 0.0595703125 0.0625
0 0.767578125 0.8798828125 0.1357421875 0.130859375
0 0.216796875 0.203125 0.1201171875 0.1123046875
0 0.060546875 0.138671875 0.1201171875 0.1767578125
0 0.4873046875 0.0517578125 0.1376953125 0.103515625
0 0.701171875 0.0380859375 0.1533203125 0.076171875
0 0.5224609375 0.01953125 0.0703125 0.0390625
0 0.96875 0.5400390625 0.0625 0.1435546875
0 0.6796875 0.9560546875 0.142578125 0.087890625
0 0.298828125 0.02734375 0.1298828125 0.0546875
0 0.0146484375 0.765625 0.029296875 0.115234375