0 0.2021484375 0.6865234375 0.185546875 0.1640625
0 0.6181640625 0.716796875 0.1015625 0.0888671875
0 0.052734375 0.7392578125 0.1044921875 0.1123046875
0 0.4765625 0.1259765625 0.091796875 0.083984375
0 0.5205078125 0.9501953125 0.109375 0.09375
0 0.1298828125 0.833984375 0.078125 0.072265625
0 0.6787109375 0.4169921875 0.1484375 0.130859375
0 0.9404296875 0.779296875 0.119140625 0.126953125
0 0.7666015625 0.310546875 0.15625 0.138671875
0 0.1416015625 0.93359375 0.095703125 0.0888671875
0 0.3955078125 0.091796875 0.109375 0.109375
0 0.2626953125 0.5927734375 0.1015625 0.0888671875
0 0.5537109375 0.78125 0.076171875 0.0703125
0 0.9375 0.6806640625 0.1015625 0.0888671875
0 0.5703125 0.5322265625 0.134765625 0.125
0 0.115234375 0.0888671875 0.1376953125 0.126953125
0 0.453125 0.8134765625 0.150390625 0.1201171875
0 0.42578125 0.748046875 0.083984375 0.0751953125
0 0.6474609375 0.8134765625 0.134765625 0.123046875
0 0.298828125 0.8857421875 0.1220703125 0.1064453125
0 0.451171875 0.8720703125 0.103515625 0.0966796875
0 0.8623046875 0.423828125 0.091796875 0.083984375
0 0.5390625 0.37109375 0.078125 0.0732421875
0 0.8056640625 0.935546875 0.0732421875 0.0595703125
0 0.7919921875 0.599609375 0.1015625 0.0966796875
0 0.3369140625 0.517578125 0.078125 0.0703125
0 0.2529296875 0.3623046875 0.1376953125 0.126953125
0 0.9658203125 0.4814453125 0.068359375 0.0703125
0 0.4677734375 0.40234375 0.15625 0.150390625
0 0.4404296875 0.400390625 0.0986328125 0.09375
0 0.396484375 0.58203125 0.15625 0.1328125
0 0.619140625 0.625 0.064453125 0.060546875
0 0.42578125 0.6845703125 0.09375 0.0830078125
0 0.794921875 0.404296875 0.0654296875 0.060546875
0 0.189453125 0.04296875 0.064453125 0.0625
0 0.8935546875 0.6181640625 0.068359375 0.060546875
0 0.5390625 0.275390625 0.072265625 0.0703125
0 0.732421875 0.6552734375 0.046875 0.0439453125
0 0.7294921875 0.5703125 0.109375 0.0986328125
0 0.244140625 0.462890625 0.0888671875 0.0751953125
0 0.3369140625 0.79296875 0.0703125 0.064453125
0 0.322265625 0.130859375 0.1298828125 0.1220703125
0 0.298828125 0.181640625 0.0625 0.0595703125
0 0.0595703125 0.0556640625 0.119140625 0.111328125
0 0.455078125 0.021484375 0.0859375 0.04296875
0 0.845703125 0.0302734375 0.177734375 0.060546875
0 0.685546875 0.154296875 0.1455078125 0.1376953125
0 0.607421875 0.0576171875 0.0830078125 0.0751953125
0 0.5458984375 0.123046875 0.115234375 0.1123046875
0 0.505859375 0.2158203125 0.126953125 0.1142578125
0 0.095703125 0.388671875 0.1171875 0.111328125
0 0.033203125 0.576171875 0.0654296875 0.158203125
0 0.3916015625 0.9541015625 0.134765625 0.091796875
0 0.69921875 0.95703125 0.185546875 0.0859375
0 0.8466796875 0.7373046875 0.146484375 0.1357421875
0 0.970703125 0.615234375 0.0576171875 0.1357421875
0 0.5390625 0.677734375 0.0625 0.0576171875
0 0.220703125 0.26953125 0.1142578125 0.1064453125