0 0.2783203125 0.5634765625 0.119140625 0.1123046875
0 0.1904296875 0.162109375 0.1435546875 0.1328125
0 0.408203125 0.44140625 0.103515625 0.0966796875
0 0.326171875 0.251953125 0.115234375 0.1044921875
0 0.919921875 0.61328125 0.078125 0.072265625
0 0.9609375 0.0419921875 0.078125 0.080078125
0 0.044921875 0.5947265625 0.08984375 0.087890625
0 0.3623046875 0.359375 0.0703125 0.064453125
0 0.560546875 0.3984375 0.1435546875 0.134765625
0 0.4296875 0.34375 0.056640625 0.0517578125
0 0.462890625 0.677734375 0.087890625 0.0830078125
0 0.134765625 0.36328125 0.0830078125 0.080078125
0 0.708984375 0.814453125 0.0810546875 0.0732421875
0 0.419921875 0.9130859375 0.0703125 0.064453125
0 0.931640625 0.173828125 0.068359375 0.0625
0 0.3203125 0.4599609375 0.080078125 0.0810546875
0 0.650390625 0.4189453125 0.0498046875 0.052734375
0 0.755859375 0.181640625 0.048828125 0.0439453125
0 0.8076171875 0.4736328125 0.046875 0.0439453125
0 0.052734375 0.9033203125 0.0625 0.0595703125
0 0.650390625 0.6943359375 0.064453125 0.0576171875
0 0.037109375 0.830078125 0.07421875 0.1015625
0 0.7177734375 0.5419921875 0.1328125 0.123046875
0 0.9580078125 0.72265625 0.083984375 0.099609375
0 0.966796875 0.51171875 0.0654296875 0.126953125
0 0.5263671875 0.8544921875 0.0830078125 0.0751953125
0 0.544921875 0.798828125 0.078125 0.072265625
0 0.8642578125 0.439453125 0.0595703125 0.0595703125
0 0.943359375 0.921875 0.1123046875 0.1044921875
0 0.615234375 0.474609375 0.080078125 0.0654296875
0 0.5576171875 0.1455078125 0.1298828125 0.1142578125
0 0.330078125 0.865234375 0.080078125 0.0732421875
0 0.8095703125 0.8359375 0.09375 0.0888671875
0 0.4326171875 0.779296875 0.0908203125 0.0810546875
0 0.111328125 0.828125 0.0546875 0.0498046875
0 0.8232421875 0.5234375 0.052734375 0.0498046875
0 0.9169921875 0.1005859375 0.0576171875 0.0546875
0 0.318359375 0.7275390625 0.0986328125 0.09375
0 0.39453125 0.7119140625 0.1064453125 0.0986328125
0 0.25 0.9619140625 0.0498046875 0.046875
0 0.189453125 0.599609375 0.0732421875 0.0673828125
0 0.3193359375 0.01953125 0.0419921875 0.0390625
0 0.0556640625 0.095703125 0.046875 0.044921875
0 0.2275390625 0.283203125 0.052734375 0.046875
0 0.0234375 0.296875 0.046875 0.0419921875
0 0.7548828125 0.2529296875 0.158203125 0.1376953125
0 0.80078125 0.71484375 0.0751953125 0.068359375
0 0.30078125 0.1826171875 0.0517578125 0.0439453125
0 0.0205078125 0.046875 0.041015625 0.0810546875
0 0.5205078125 0.044921875 0.150390625 0.0888671875
0 0.7939453125 0.048828125 0.146484375 0.09765625
0 0.9560546875 0.2451171875 0.087890625 0.109375
0 0.9794921875 0.326171875 0.041015625 0.048828125
0 0.82421875 0.6474609375 0.1298828125 0.115234375
0 0.9267578125 0.787109375 0.1328125 0.1171875
0 0.978515625 0.8056640625 0.0419921875 0.048828125
0 0.7958984375 0.900390625 0.1298828125 0.115234375
0 0.708984375 0.8681640625 0.1142578125 0.0986328125
0 0.4736328125 0.9697265625 0.099609375 0.060546875
0 0.40625 0.5400390625 0.1455078125 0.125
0 0.0341796875 0.5009765625 0.068359375 0.0966796875
0 0.84375 0.0859375 0.0703125 0.056640625
0 0.15234375 0.498046875 0.177734375 0.1669921875
0 0.6474609375 0.9609375 0.1064453125 0.078125
0 0.734375 0.0478515625 0.1298828125 0.095703125