0 0.175305 0.643701 0.064024 0.051181
0 0.657012 0.139764 0.051829 0.074803
0 0.260671 0.604331 0.051829 0.066929
0 0.344512 0.466535 0.054878 0.059055
0 0.513720 0.395669 0.057927 0.074803
0 0.388720 0.236220 0.057927 0.078740
0 0.806402 0.824803 0.082317 0.066929
0 0.728659 0.322835 0.067073 0.078740
0 0.521341 0.663386 0.060976 0.074803
0 0.486280 0.049213 0.070122 0.090551
0 0.646341 0.031496 0.091463 0.062992
0 0.294207 0.027559 0.112805 0.055118
0 0.368902 0.574803 0.079268 0.086614
0 0.480183 0.281496 0.082317 0.090551
0 0.588415 0.230315 0.085366 0.106299
0 0.329268 0.137795 0.091463 0.110236
0 0.339939 0.716535 0.088415 0.118110
0 0.681402 0.838583 0.094512 0.125984
0 0.847561 0.078740 0.097561 0.125984
0 0.629573 0.397638 0.106707 0.133858
0 0.562500 0.935039 0.125000 0.122047
0 0.057927 0.927165 0.115854 0.137795
0 0.455793 0.816929 0.143293 0.185039
0 0.161585 0.332677 0.189024 0.248031
