0 0.724609375 0.7236328125 0.1328125 0.1201171875
0 0.064453125 0.8203125 0.1279296875 0.1201171875
0 0.1142578125 0.033203125 0.076171875 0.06640625
0 0.05078125 0.2763671875 0.078125 0.068359375
0 0.8701171875 0.515625 0.140625 0.130859375
0 0.583984375 0.728515625 0.1376953125 0.125
0 0.787109375 0.234375 0.1064453125 0.095703125
0 0.345703125 0.375 0.080078125 0.078125
0 0.3623046875 0.7626953125 0.1376953125 0.126953125
0 0.267578125 0.912109375 0.142578125 0.134765625
0 0.818359375 0.087890625 0.076171875 0.0673828125
0 0.7197265625 0.12109375 0.111328125 0.099609375
0 0.4423828125 0.2333984375 0.1044921875 0.0986328125
0 0.806640625 0.8359375 0.083984375 0.0751953125
0 0.646484375 0.2607421875 0.15625 0.138671875
0 0.611328125 0.205078125 0.072265625 0.0703125
0 0.533203125 0.138671875 0.052734375 0.0498046875
0 0.529296875 0.2333984375 0.0654296875 0.0595703125
0 0.2607421875 0.3251953125 0.0654296875 0.0595703125
0 0.724609375 0.19140625 0.0625 0.056640625
0 0.6171875 0.5205078125 0.103515625 0.09375
0 0.70703125 0.0302734375 0.099609375 0.060546875
0 0.099609375 0.9482421875 0.1748046875 0.103515625
0 0.0341796875 0.6337890625 0.068359375 0.109375
0 0.1630859375 0.5849609375 0.146484375 0.1435546875
0 0.666015625 0.9716796875 0.109375 0.056640625