0 0.359375 0.080078125 0.0751953125 0.0595703125
0 0.287109375 0.162109375 0.091796875 0.0751953125
0 0.12109375 0.1923828125 0.0185546875 0.015625
0 0.6865234375 0.0888671875 0.255859375 0.177734375
0 0.6015625 0.2919921875 0.126953125 0.09375
0 0.595703125 0.4150390625 0.2470703125 0.1923828125
0 0.9130859375 0.4208984375 0.072265625 0.0546875
0 0.8076171875 0.2958984375 0.033203125 0.0263671875
0 0.16015625 0.4228515625 0.2529296875 0.205078125
0 0.1572265625 0.619140625 0.099609375 0.0810546875
0 0.0498046875 0.634765625 0.0390625 0.03125
0 0.2216796875 0.791015625 0.3388671875 0.259765625
0 0.517578125 0.669921875 0.015625 0.0126953125
0 0.7265625 0.6455078125 0.1923828125 0.1513671875
0 0.98046875 0.8583984375 0.0263671875 0.021484375
0 0.8544921875 0.9287109375 0.2373046875 0.142578125