0 0.7607421875 0.4033203125 0.103515625 0.0966796875
0 0.75 0.603515625 0.1298828125 0.1220703125
0 0.2958984375 0.4921875 0.154296875 0.140625
0 0.3154296875 0.685546875 0.1064453125 0.09375
0 0.5234375 0.59375 0.1201171875 0.1201171875
0 0.177734375 0.6015625 0.130859375 0.1171875
0 0.435546875 0.2119140625 0.095703125 0.0888671875
0 0.5126953125 0.4794921875 0.1376953125 0.1201171875
0 0.5498046875 0.96484375 0.0625 0.0595703125
0 0.404296875 0.748046875 0.146484375 0.1298828125
0 0.0986328125 0.275390625 0.171875 0.1640625
0 0.2646484375 0.28515625 0.0859375 0.078125
0 0.435546875 0.0537109375 0.052734375 0.048828125
0 0.0625 0.46484375 0.125 0.1376953125
0 0.416015625 0.490234375 0.056640625 0.052734375
0 0.5517578125 0.259765625 0.0908203125 0.078125
0 0.943359375 0.671875 0.099609375 0.09375
0 0.1826171875 0.384765625 0.142578125 0.1328125
0 0.794921875 0.8564453125 0.0625 0.0595703125
0 0.298828125 0.138671875 0.119140625 0.103515625
0 0.1875 0.498046875 0.0625 0.0595703125
0 0.640625 0.2373046875 0.0810546875 0.076171875
0 0.458984375 0.9296875 0.099609375 0.0888671875
0 0.1357421875 0.162109375 0.09375 0.078125
0 0.6298828125 0.583984375 0.1044921875 0.09375
0 0.7109375 0.1455078125 0.0595703125 0.056640625
0 0.9248046875 0.3193359375 0.0625 0.0595703125
0 0.5732421875 0.041015625 0.052734375 0.046875
0 0.5673828125 0.3095703125 0.052734375 0.0498046875
0 0.3232421875 0.939453125 0.0673828125 0.0595703125
0 0.2998046875 0.849609375 0.068359375 0.0673828125
0 0.6484375 0.353515625 0.140625 0.1328125
0 0.912109375 0.080078125 0.1064453125 0.1015625
0 0.2060546875 0.7109375 0.0751953125 0.0673828125
0 0.41796875 0.6201171875 0.0732421875 0.0625
0 0.9482421875 0.427734375 0.103515625 0.138671875
0 0.9638671875 0.7900390625 0.056640625 0.0498046875
0 0.919921875 0.7509765625 0.0654296875 0.0595703125
0 0.9345703125 0.0615234375 0.056640625 0.052734375
0 0.9443359375 0.9150390625 0.111328125 0.123046875
0 0.09765625 0.580078125 0.0390625 0.0390625
0 0.9619140625 0.4345703125 0.076171875 0.095703125
0 0.8955078125 0.771484375 0.056640625 0.0517578125
0 0.869140625 0.341796875 0.107421875 0.099609375
0 0.8955078125 0.1220703125 0.078125 0.0732421875
0 0.142578125 0.048828125 0.15234375 0.09765625
0 0.6904296875 0.02734375 0.119140625 0.0546875
0 0.720703125 0.326171875 0.1357421875 0.123046875
0 0.9658203125 0.3037109375 0.068359375 0.0732421875
0 0.6328125 0.8095703125 0.21875 0.1875
0 0.5625 0.7236328125 0.1064453125 0.09375
0 0.1044921875 0.69921875 0.078125 0.0703125
0 0.1806640625 0.958984375 0.119140625 0.0810546875
0 0.791015625 0.953125 0.181640625 0.09375
0 0.904296875 0.587890625 0.0703125 0.0703125
0 0.486328125 0.1298828125 0.0673828125 0.0654296875
0 0.771484375 0.23828125 0.1015625 0.0986328125
0 0.8671875 0.23828125 0.1044921875 0.09375
0 0.029296875 0.12109375 0.05859375 0.0625