0 0.666015625 0.732421875 0.15625 0.1455078125
0 0.3564453125 0.3720703125 0.0830078125 0.078125
0 0.767578125 0.3359375 0.119140625 0.107421875
0 0.4296875 0.900390625 0.208984375 0.1845703125
0 0.498046875 0.95703125 0.0673828125 0.060546875
0 0.810546875 0.5556640625 0.1845703125 0.1611328125
0 0.8681640625 0.9384765625 0.0986328125 0.0888671875
0 0.763671875 0.2529296875 0.0625 0.0546875
0 0.8798828125 0.412109375 0.072265625 0.068359375
0 0.052734375 0.375 0.1044921875 0.111328125
0 0.330078125 0.119140625 0.134765625 0.1201171875
0 0.1328125 0.544921875 0.115234375 0.1064453125
0 0.8134765625 0.7421875 0.1376953125 0.1298828125
0 0.6181640625 0.0888671875 0.1611328125 0.1484375
0 0.244140625 0.1669921875 0.091796875 0.087890625
0 0.5517578125 0.365234375 0.0576171875 0.0546875
0 0.265625 0.5234375 0.0625 0.0625
0 0.220703125 0.607421875 0.041015625 0.037109375
0 0.517578125 0.185546875 0.111328125 0.1015625
0 0.5087890625 0.810546875 0.099609375 0.0908203125
0 0.5810546875 0.5517578125 0.1669921875 0.1484375
0 0.162109375 0.8251953125 0.2548828125 0.220703125
0 0.0751953125 0.7060546875 0.0439453125 0.0419921875
0 0.705078125 0.5888671875 0.033203125 0.03125
0 0.181640625 0.64453125 0.0361328125 0.0341796875
0 0.921875 0.240234375 0.037109375 0.0341796875
0 0.6298828125 0.513671875 0.0732421875 0.0673828125
0 0.0859375 0.591796875 0.0361328125 0.033203125
0 0.45703125 0.6650390625 0.037109375 0.033203125
0 0.6494140625 0.3583984375 0.0498046875 0.0439453125
0 0.861328125 0.095703125 0.134765625 0.1220703125
0 0.1943359375 0.083984375 0.0703125 0.068359375
0 0.6484375 0.328125 0.0361328125 0.029296875
0 0.607421875 0.3076171875 0.0361328125 0.029296875
0 0.275390625 0.7451171875 0.1142578125 0.107421875
0 0.6953125 0.482421875 0.046875 0.0439453125
0 0.9345703125 0.69140625 0.130859375 0.138671875
0 0.2353515625 0.279296875 0.0419921875 0.0390625
0 0.3623046875 0.0166015625 0.0439453125 0.033203125
0 0.779296875 0.1328125 0.1982421875 0.1748046875
0 0.583984375 0.3857421875 0.0283203125 0.0283203125
0 0.462890625 0.5830078125 0.0546875 0.0517578125
0 0.4970703125 0.5654296875 0.060546875 0.0546875
0 0.623046875 0.974609375 0.091796875 0.0498046875
0 0.326171875 0.953125 0.029296875 0.0263671875
0 0.4931640625 0.75 0.078125 0.072265625
0 0.025390625 0.8974609375 0.05078125 0.119140625
0 0.251953125 0.6708984375 0.083984375 0.0751953125
0 0.9619140625 0.4775390625 0.048828125 0.044921875
0 0.115234375 0.4111328125 0.025390625 0.021484375
0 0.130859375 0.486328125 0.0390625 0.0341796875