0 0.1767578125 0.7890625 0.115234375 0.1123046875
0 0.328125 0.576171875 0.099609375 0.0966796875
0 0.720703125 0.5830078125 0.181640625 0.1591796875
0 0.59375 0.1044921875 0.126953125 0.111328125
0 0.2607421875 0.078125 0.1513671875 0.1328125
0 0.2685546875 0.7275390625 0.1123046875 0.1064453125
0 0.654296875 0.37890625 0.0859375 0.0810546875
0 0.9580078125 0.8505859375 0.078125 0.0830078125
0 0.294921875 0.388671875 0.1064453125 0.0986328125
0 0.5283203125 0.2255859375 0.083984375 0.0859375
0 0.3701171875 0.1572265625 0.134765625 0.130859375
0 0.0869140625 0.6845703125 0.173828125 0.1689453125
0 0.064453125 0.521484375 0.1279296875 0.123046875
0 0.390625 0.365234375 0.1533203125 0.138671875
0 0.4423828125 0.2490234375 0.109375 0.1064453125
0 0.884765625 0.287109375 0.1513671875 0.1357421875
0 0.365234375 0.048828125 0.095703125 0.09375
0 0.583984375 0.833984375 0.1123046875 0.109375
0 0.888671875 0.779296875 0.046875 0.0498046875
0 0.759765625 0.8203125 0.1640625 0.1484375
0 0.10546875 0.298828125 0.115234375 0.1064453125
0 0.9248046875 0.4453125 0.1455078125 0.130859375
0 0.3486328125 0.9482421875 0.0966796875 0.083984375
0 0.2392578125 0.185546875 0.0908203125 0.0859375
0 0.404296875 0.763671875 0.1767578125 0.1533203125
0 0.603515625 0.732421875 0.1123046875 0.103515625
0 0.365234375 0.5126953125 0.056640625 0.0517578125
0 0.236328125 0.5537109375 0.072265625 0.0595703125
0 0.74609375 0.3017578125 0.1279296875 0.1201171875
0 0.4765625 0.0498046875 0.140625 0.099609375
0 0.9384765625 0.158203125 0.107421875 0.091796875
0 0.908203125 0.5615234375 0.171875 0.1533203125
0 0.681640625 0.458984375 0.0966796875 0.0810546875
0 0.234375 0.298828125 0.1484375 0.130859375
0 0.408203125 0.8896484375 0.111328125 0.095703125
0 0.7666015625 0.130859375 0.216796875 0.203125
0 0.6123046875 0.9375 0.107421875 0.103515625
0 0.455078125 0.568359375 0.1279296875 0.125
0 0.892578125 0.919921875 0.099609375 0.09375
0 0.0830078125 0.927734375 0.095703125 0.0888671875