0 0.7763671875 0.6806640625 0.115234375 0.1064453125
0 0.28125 0.8515625 0.125 0.1123046875
0 0.521484375 0.2060546875 0.15625 0.142578125
0 0.0458984375 0.173828125 0.091796875 0.1533203125
0 0.517578125 0.595703125 0.103515625 0.09375
0 0.1328125 0.3779296875 0.146484375 0.1357421875
0 0.0595703125 0.837890625 0.087890625 0.080078125
0 0.6435546875 0.837890625 0.125 0.109375
0 0.4140625 0.1484375 0.1220703125 0.1142578125
0 0.158203125 0.49609375 0.052734375 0.048828125
0 0.455078125 0.8837890625 0.111328125 0.1015625
0 0.955078125 0.5673828125 0.078125 0.0732421875
0 0.771484375 0.3291015625 0.0732421875 0.0654296875
0 0.3359375 0.65234375 0.052734375 0.0498046875
0 0.962890625 0.4599609375 0.0732421875 0.078125
0 0.6142578125 0.068359375 0.140625 0.126953125
0 0.796875 0.38671875 0.0888671875 0.0810546875
0 0.603515625 0.3916015625 0.0625 0.0546875
0 0.443359375 0.0703125 0.0419921875 0.041015625
0 0.572265625 0.3447265625 0.0625 0.0546875
0 0.9169921875 0.6767578125 0.064453125 0.060546875
0 0.447265625 0.716796875 0.068359375 0.0625
0 0.884765625 0.826171875 0.0546875 0.046875
0 0.919921875 0.6025390625 0.052734375 0.0498046875
0 0.7919921875 0.162109375 0.142578125 0.126953125
0 0.4072265625 0.23828125 0.0390625 0.037109375
0 0.294921875 0.25390625 0.052734375 0.0498046875
0 0.943359375 0.0673828125 0.0625 0.056640625
0 0.642578125 0.373046875 0.0419921875 0.0361328125
0 0.591796875 0.9384765625 0.0966796875 0.09375
0 0.9111328125 0.5087890625 0.052734375 0.044921875
0 0.6640625 0.4892578125 0.0341796875 0.0341796875
0 0.603515625 0.67578125 0.025390625 0.0263671875
0 0.248046875 0.2119140625 0.041015625 0.0361328125
0 0.0791015625 0.521484375 0.0390625 0.0341796875
0 0.205078125 0.076171875 0.060546875 0.0546875
0 0.3046875 0.71484375 0.048828125 0.044921875
0 0.357421875 0.6171875 0.0283203125 0.0263671875
0 0.380859375 0.759765625 0.029296875 0.029296875
0 0.7529296875 0.826171875 0.0439453125 0.0439453125
0 0.0615234375 0.0419921875 0.0498046875 0.0498046875
0 0.4951171875 0.61328125 0.052734375 0.046875
0 0.4228515625 0.609375 0.0517578125 0.046875
0 0.693359375 0.1083984375 0.0546875 0.048828125
0 0.8720703125 0.73046875 0.0498046875 0.046875
0 0.0224609375 0.4208984375 0.033203125 0.033203125
0 0.2294921875 0.3779296875 0.046875 0.044921875
0 0.01953125 0.466796875 0.033203125 0.03125
0 0.5751953125 0.6748046875 0.0439453125 0.0439453125
0 0.09765625 0.912109375 0.0703125 0.0673828125
0 0.1875 0.1298828125 0.0751953125 0.072265625
0 0.1572265625 0.080078125 0.037109375 0.033203125
0 0.6806640625 0.623046875 0.0283203125 0.021484375
0 0.705078125 0.5947265625 0.03125 0.0283203125
0 0.927734375 0.158203125 0.1435546875 0.140625
0 0.060546875 0.0244140625 0.12109375 0.048828125
0 0.3037109375 0.0966796875 0.037109375 0.029296875
0 0.310546875 0.017578125 0.052734375 0.0341796875
0 0.048828125 0.443359375 0.041015625 0.037109375
0 0.310546875 0.3955078125 0.111328125 0.099609375
0 0.333984375 0.36328125 0.091796875 0.0810546875
0 0.541015625 0.0439453125 0.15625 0.087890625
0 0.7978515625 0.025390625 0.166015625 0.05078125
0 0.970703125 0.1474609375 0.0576171875 0.1142578125
0 0.7197265625 0.150390625 0.046875 0.044921875
0 0.7890625 0.974609375 0.0859375 0.0498046875
0 0.025390625 0.646484375 0.05078125 0.17578125
0 0.0146484375 0.2666015625 0.029296875 0.0986328125
0 0.990234375 0.3212890625 0.0185546875 0.0439453125
0 0.232421875 0.5859375 0.125 0.119140625