0 0.126953125 0.259765625 0.1875 0.1689453125
0 0.423828125 0.5068359375 0.2216796875 0.2001953125
0 0.818359375 0.177734375 0.1767578125 0.1611328125
0 0.2822265625 0.69140625 0.2236328125 0.193359375
0 0.0888671875 0.7626953125 0.177734375 0.2109375
0 0.544921875 0.0712890625 0.2158203125 0.142578125
0 0.669921875 0.220703125 0.171875 0.1611328125
0 0.3798828125 0.20703125 0.177734375 0.162109375
0 0.9501953125 0.67578125 0.0751953125 0.0732421875
0 0.4619140625 0.39453125 0.0966796875 0.087890625
0 0.654296875 0.638671875 0.0673828125 0.0654296875
0 0.5078125 0.794921875 0.083984375 0.0751953125
0 0.439453125 0.8984375 0.0732421875 0.0673828125
0 0.60546875 0.474609375 0.0419921875 0.041015625
0 0.56640625 0.0654296875 0.080078125 0.072265625
0 0.904296875 0.595703125 0.0673828125 0.0625
0 0.501953125 0.2802734375 0.0732421875 0.068359375
0 0.720703125 0.7490234375 0.0283203125 0.0263671875
0 0.646484375 0.5283203125 0.03125 0.029296875
0 0.654296875 0.8017578125 0.0888671875 0.083984375
0 0.203125 0.529296875 0.0439453125 0.0390625
0 0.9365234375 0.958984375 0.0966796875 0.0751953125
0 0.0810546875 0.9404296875 0.037109375 0.0341796875
0 0.61328125 0.1162109375 0.037109375 0.033203125
0 0.666015625 0.337890625 0.0966796875 0.0888671875
0 0.873046875 0.4775390625 0.078125 0.0703125
0 0.96484375 0.44140625 0.033203125 0.029296875
0 0.8486328125 0.4404296875 0.095703125 0.087890625
0 0.830078125 0.560546875 0.146484375 0.1328125
0 0.9716796875 0.88671875 0.056640625 0.123046875
0 0.8544921875 0.7646484375 0.0439453125 0.0419921875
0 0.0166015625 0.9443359375 0.033203125 0.0810546875
0 0.611328125 0.361328125 0.0439453125 0.046875