0 0.84765625 0.0791015625 0.119140625 0.154296875
0 0.9345703125 0.314453125 0.060546875 0.0859375
0 0.9482421875 0.251953125 0.041015625 0.0439453125
0 0.908203125 0.23828125 0.0576171875 0.080078125
0 0.970703125 0.419921875 0.0576171875 0.1064453125
0 0.990234375 0.3408203125 0.0185546875 0.03125
0 0.990234375 0.310546875 0.0185546875 0.03125
0 0.9765625 0.267578125 0.046875 0.0751953125
0 0.990234375 0.228515625 0.0185546875 0.03125
0 0.9755859375 0.21875 0.0341796875 0.03125
0 0.9853515625 0.173828125 0.029296875 0.0390625
0 0.9921875 0.1455078125 0.015625 0.0439453125
0 0.990234375 0.0986328125 0.0185546875 0.072265625
0 0.9921875 0.0595703125 0.015625 0.03125
0 0.9541015625 0.193359375 0.0546875 0.072265625
0 0.962890625 0.1259765625 0.03125 0.056640625
0 0.9697265625 0.0947265625 0.025390625 0.0361328125
0 0.9404296875 0.1142578125 0.0283203125 0.03125
0 0.9404296875 0.080078125 0.037109375 0.0517578125
0 0.97265625 0.0673828125 0.0283203125 0.0283203125
0 0.962890625 0.02734375 0.0732421875 0.0517578125
0 0.7333984375 0.166015625 0.064453125 0.0830078125
0 0.810546875 0.25390625 0.0546875 0.0751953125
0 0.7333984375 0.318359375 0.0888671875 0.1142578125
0 0.658203125 0.1416015625 0.0732421875 0.0986328125
0 0.625 0.091796875 0.041015625 0.0517578125
0 0.736328125 0.0947265625 0.041015625 0.056640625
0 0.6953125 0.0830078125 0.046875 0.046875
0 0.697265625 0.5078125 0.0546875 0.0751953125
0 0.646484375 0.521484375 0.046875 0.064453125
0 0.5107421875 0.3974609375 0.0859375 0.111328125
0 0.724609375 0.25390625 0.0185546875 0.0205078125
0 0.6826171875 0.23046875 0.0673828125 0.087890625
0 0.5927734375 0.232421875 0.1123046875 0.142578125
0 0.9375 0.1435546875 0.037109375 0.0439453125
0 0.9052734375 0.1669921875 0.048828125 0.0595703125
0 0.8525390625 0.203125 0.064453125 0.0751953125
0 0.97265625 0.3505859375 0.0283203125 0.03125
0 0.974609375 0.314453125 0.0283203125 0.0361328125
0 0.904296875 0.443359375 0.0703125 0.080078125
0 0.927734375 0.3896484375 0.048828125 0.0673828125
0 0.8701171875 0.3798828125 0.0673828125 0.0830078125
0 0.892578125 0.341796875 0.0283203125 0.03125
0 0.935546875 0.515625 0.076171875 0.095703125
0 0.974609375 0.5517578125 0.037109375 0.0234375
0 0.990234375 0.51171875 0.0185546875 0.046875
0 0.982421875 0.48046875 0.0341796875 0.0390625
0 0.9404296875 0.453125 0.041015625 0.046875
0 0.814453125 0.333984375 0.060546875 0.0908203125
0 0.8916015625 0.490234375 0.041015625 0.0390625
0 0.91015625 0.6083984375 0.0439453125 0.0546875
0 0.8720703125 0.5634765625 0.0546875 0.0625
0 0.8583984375 0.5 0.046875 0.056640625
0 0.8623046875 0.45703125 0.025390625 0.0283203125
0 0.8642578125 0.4287109375 0.03125 0.0439453125
0 0.8251953125 0.572265625 0.025390625 0.0390625
0 0.828125 0.53515625 0.046875 0.056640625
0 0.818359375 0.478515625 0.048828125 0.072265625
0 0.83984375 0.447265625 0.0283203125 0.0283203125
0 0.83203125 0.4169921875 0.037109375 0.0439453125
0 0.8369140625 0.6005859375 0.0341796875 0.0390625
0 0.798828125 0.5595703125 0.041015625 0.0546875
0 0.9892578125 0.5947265625 0.021484375 0.0546875
0 0.9599609375 0.5947265625 0.0341796875 0.0595703125
0 0.8505859375 0.697265625 0.048828125 0.072265625
0 0.7998046875 0.6494140625 0.0517578125 0.0703125
0 0.9892578125 0.8173828125 0.021484375 0.064453125
0 0.9892578125 0.765625 0.021484375 0.0390625
0 0.982421875 0.71484375 0.0341796875 0.0673828125
0 0.9599609375 0.728515625 0.025390625 0.0283203125
0 0.9296875 0.6904296875 0.03125 0.0390625
0 0.89453125 0.6591796875 0.0283203125 0.0439453125
0 0.8525390625 0.6337890625 0.0283203125 0.0390625
0 0.9765625 0.9423828125 0.046875 0.115234375
0 0.9404296875 0.8505859375 0.046875 0.0595703125
0 0.90234375 0.794921875 0.0546875 0.064453125
0 0.962890625 0.8056640625 0.021484375 0.0361328125
0 0.95703125 0.765625 0.0283203125 0.0390625
0 0.90234375 0.728515625 0.037109375 0.046875
0 0.8095703125 0.818359375 0.109375 0.158203125
0 0.8857421875 0.8974609375 0.048828125 0.064453125
0 0.9267578125 0.9765625 0.0439453125 0.046875
0 0.9326171875 0.9169921875 0.037109375 0.046875
0 0.884765625 0.955078125 0.03125 0.0390625
0 0.630859375 0.4052734375 0.125 0.181640625
0 0.7802734375 0.462890625 0.0283203125 0.0390625
0 0.7822265625 0.4287109375 0.0205078125 0.03125
0 0.8095703125 0.404296875 0.03125 0.046875
0 0.7724609375 0.3916015625 0.0390625 0.0390625
0 0.7626953125 0.4482421875 0.0234375 0.0283203125
0 0.7373046875 0.451171875 0.0205078125 0.0283203125
0 0.740234375 0.4169921875 0.03125 0.046875
0 0.783203125 0.5986328125 0.03125 0.0390625
0 0.767578125 0.5634765625 0.025390625 0.0390625
0 0.740234375 0.5517578125 0.0341796875 0.0361328125
0 0.7822265625 0.51953125 0.0283203125 0.0361328125
0 0.744140625 0.5 0.0341796875 0.046875
0 0.7578125 0.4765625 0.0283203125 0.03125
0 0.767578125 0.712890625 0.060546875 0.072265625
0 0.775390625 0.6376953125 0.0283203125 0.0361328125
0 0.861328125 0.3251953125 0.0439453125 0.0439453125
0 0.89453125 0.28515625 0.025390625 0.046875
0 0.8642578125 0.2734375 0.048828125 0.0595703125
0 0.7255859375 0.6748046875 0.0439453125 0.0439453125
0 0.7392578125 0.6357421875 0.0390625 0.0517578125
0 0.7421875 0.791015625 0.03125 0.0361328125
0 0.759765625 0.755859375 0.03125 0.0361328125
0 0.6826171875 0.8447265625 0.109375 0.166015625
0 0.724609375 0.75 0.0361328125 0.046875
0 0.6748046875 0.6943359375 0.0517578125 0.0751953125
0 0.767578125 0.232421875 0.0546875 0.080078125
0 0.794921875 0.1708984375 0.0576171875 0.0830078125
0 0.783203125 0.1240234375 0.041015625 0.0390625
0 0.7724609375 0.068359375 0.0439453125 0.0517578125
0 0.75 0.029296875 0.0341796875 0.0439453125
0 0.72265625 0.0556640625 0.037109375 0.0439453125
0 0.724609375 0.01953125 0.03125 0.0361328125
0 0.912109375 0.025390625 0.046875 0.05078125
0 0.9130859375 0.0712890625 0.0341796875 0.0439453125
0 0.916015625 0.1162109375 0.025390625 0.03125
0 0.7099609375 0.447265625 0.046875 0.0517578125
0 0.60546875 0.685546875 0.064453125 0.080078125
0 0.666015625 0.6396484375 0.03125 0.0390625
0 0.6357421875 0.6376953125 0.0205078125 0.03125
0 0.619140625 0.6240234375 0.03125 0.0361328125
0 0.595703125 0.6064453125 0.0185546875 0.03125
0 0.5498046875 0.5595703125 0.048828125 0.0625
0 0.58984375 0.1240234375 0.0439453125 0.0625
0 0.5595703125 0.072265625 0.048828125 0.072265625
0 0.6494140625 0.041015625 0.115234375 0.08203125
0 0.7275390625 0.21875 0.0205078125 0.0283203125
0 0.669921875 0.3095703125 0.0283203125 0.03125
0 0.52734375 0.162109375 0.046875 0.056640625
0 0.484375 0.0556640625 0.091796875 0.111328125
0 0.4833984375 0.28125 0.095703125 0.1064453125
0 0.490234375 0.1982421875 0.0361328125 0.046875
0 0.47265625 0.1630859375 0.03125 0.0439453125
0 0.4453125 0.1982421875 0.048828125 0.064453125
0 0.556640625 0.3642578125 0.0283203125 0.0361328125
0 0.580078125 0.3212890625 0.025390625 0.0361328125
0 0.5458984375 0.326171875 0.03125 0.0361328125
0 0.603515625 0.498046875 0.025390625 0.03125
0 0.626953125 0.5830078125 0.03125 0.0390625
0 0.58984375 0.541015625 0.0283203125 0.0390625
0 0.564453125 0.50390625 0.0283203125 0.0390625
0 0.552734375 0.462890625 0.041015625 0.046875
0 0.556640625 0.423828125 0.0283203125 0.0361328125
0 0.556640625 0.3955078125 0.0205078125 0.0283203125
0 0.5791015625 0.6337890625 0.0283203125 0.0390625
0 0.673828125 0.5947265625 0.0283203125 0.0390625
0 0.583984375 0.787109375 0.060546875 0.0830078125
0 0.6787109375 0.9716796875 0.060546875 0.056640625
0 0.7744140625 0.9697265625 0.115234375 0.060546875
0 0.564453125 0.9228515625 0.1484375 0.154296875
0 0.474609375 0.5556640625 0.0673828125 0.078125
0 0.51953125 0.669921875 0.0888671875 0.111328125
0 0.341796875 0.71875 0.107421875 0.150390625
0 0.45703125 0.8173828125 0.1591796875 0.216796875
0 0.521484375 0.521484375 0.025390625 0.03125
0 0.5078125 0.486328125 0.03125 0.046875
0 0.45703125 0.49609375 0.0341796875 0.0390625
0 0.373046875 0.580078125 0.0986328125 0.134765625
0 0.322265625 0.6279296875 0.03125 0.046875
0 0.453125 0.6826171875 0.046875 0.0517578125
0 0.45703125 0.6337890625 0.0341796875 0.0439453125
0 0.419921875 0.6416015625 0.0283203125 0.0439453125
0 0.4453125 0.3759765625 0.0283203125 0.0283203125
0 0.4130859375 0.4248046875 0.0185546875 0.0205078125
0 0.4150390625 0.4013671875 0.0126953125 0.0234375
0 0.4208984375 0.3818359375 0.015625 0.0205078125
0 0.412109375 0.3583984375 0.0283203125 0.03125
0 0.396484375 0.3896484375 0.03125 0.0390625
0 0.365234375 0.3408203125 0.060546875 0.0830078125
0 0.3427734375 0.474609375 0.0732421875 0.095703125
0 0.3798828125 0.423828125 0.03125 0.0390625
0 0.330078125 0.3955078125 0.046875 0.0595703125
0 0.3349609375 0.3525390625 0.0234375 0.03125
0 0.3125 0.53515625 0.0439453125 0.056640625
0 0.4248046875 0.501953125 0.041015625 0.0439453125
0 0.408203125 0.4609375 0.037109375 0.0439453125
0 0.443359375 0.4169921875 0.046875 0.0517578125
0 0.439453125 0.345703125 0.025390625 0.03125
0 0.4130859375 0.3134765625 0.0439453125 0.0546875
0 0.3876953125 0.23828125 0.078125 0.103515625
0 0.4423828125 0.1416015625 0.0341796875 0.0390625
0 0.4208984375 0.1064453125 0.037109375 0.046875
0 0.427734375 0.0634765625 0.037109375 0.046875
0 0.3916015625 0.044921875 0.0517578125 0.080078125
0 0.4326171875 0.021484375 0.03125 0.0390625
0 0.330078125 0.1376953125 0.109375 0.1376953125
0 0.306640625 0.24609375 0.0546875 0.0673828125
0 0.3095703125 0.3251953125 0.046875 0.0625
0 0.29296875 0.4169921875 0.0341796875 0.0439453125
0 0.271484375 0.498046875 0.048828125 0.064453125
0 0.2197265625 0.529296875 0.0439453125 0.056640625
0 0.2666015625 0.6044921875 0.0888671875 0.109375
0 0.234375 0.720703125 0.0546875 0.0751953125
0 0.279296875 0.8173828125 0.0546875 0.0751953125
0 0.3369140625 0.837890625 0.046875 0.056640625
0 0.365234375 0.916015625 0.037109375 0.046875
0 0.3955078125 0.9775390625 0.052734375 0.044921875
0 0.45703125 0.958984375 0.037109375 0.0439453125
0 0.314453125 0.943359375 0.0390625 0.0517578125
0 0.255859375 0.9404296875 0.0439453125 0.056640625
0 0.3076171875 0.904296875 0.0185546875 0.0283203125
0 0.287109375 0.908203125 0.0234375 0.03125
0 0.28515625 0.8720703125 0.021484375 0.0283203125
0 0.2578125 0.8759765625 0.0341796875 0.0390625
0 0.162109375 0.333984375 0.2109375 0.2763671875
0 0.2607421875 0.236328125 0.03125 0.0390625
0 0.255859375 0.1904296875 0.0439453125 0.056640625
0 0.275390625 0.3525390625 0.037109375 0.0361328125
0 0.1220703125 0.5634765625 0.080078125 0.0859375
0 0.1767578125 0.6455078125 0.0830078125 0.1064453125
0 0.0751953125 0.6669921875 0.091796875 0.109375
0 0.208984375 0.8876953125 0.0341796875 0.0390625
0 0.234375 0.8408203125 0.0283203125 0.03125
0 0.1923828125 0.8291015625 0.0439453125 0.0517578125
0 0.193359375 0.7734375 0.033203125 0.0439453125
0 0.1826171875 0.728515625 0.037109375 0.046875
0 0.1376953125 0.8251953125 0.0439453125 0.0595703125
0 0.177734375 0.9599609375 0.0673828125 0.080078125
0 0.1279296875 0.75390625 0.041015625 0.056640625
0 0.0517578125 0.568359375 0.0517578125 0.064453125
0 0.064453125 0.9169921875 0.1279296875 0.166015625
0 0.021484375 0.404296875 0.0419921875 0.09375
0 0.26953125 0.091796875 0.0341796875 0.046875
0 0.2451171875 0.1494140625 0.0283203125 0.0361328125
0 0.2421875 0.1162109375 0.0341796875 0.0361328125
0 0.228515625 0.076171875 0.0439453125 0.0517578125
0 0.2001953125 0.029296875 0.052734375 0.05859375
0 0.296875 0.03515625 0.130859375 0.0703125
0 0.349609375 0.060546875 0.0390625 0.0390625
0 0.2197265625 0.185546875 0.025390625 0.0283203125
0 0.1982421875 0.189453125 0.025390625 0.0234375
0 0.1953125 0.1591796875 0.037109375 0.0390625
0 0.189453125 0.0908203125 0.0341796875 0.0439453125
0 0.1572265625 0.060546875 0.0439453125 0.0517578125
0 0.16796875 0.1298828125 0.037109375 0.0439453125
0 0.142578125 0.1494140625 0.0283203125 0.03125
0 0.1171875 0.1787109375 0.0439453125 0.0517578125
0 0.123046875 0.1162109375 0.046875 0.0625
0 0.126953125 0.0751953125 0.021484375 0.0205078125
0 0.103515625 0.04296875 0.048828125 0.0595703125
0 0.169921875 0.01171875 0.0283203125 0.0234375
0 0.08984375 0.181640625 0.0185546875 0.0283203125
0 0.091796875 0.1552734375 0.025390625 0.0361328125
0 0.064453125 0.1669921875 0.0283203125 0.0361328125
0 0.068359375 0.1298828125 0.044921875 0.046875
0 0.08984375 0.0869140625 0.021484375 0.0283203125
0 0.064453125 0.0751953125 0.0341796875 0.03125
0 0.021484375 0.126953125 0.0419921875 0.0517578125
0 0.0517578125 0.2734375 0.0185546875 0.0361328125
0 0.048828125 0.240234375 0.017578125 0.03125
0 0.0244140625 0.2421875 0.0439453125 0.056640625
0 0.037109375 0.189453125 0.03125 0.03125
0 0.0166015625 0.5869140625 0.0283203125 0.0361328125
0 0.021484375 0.537109375 0.025390625 0.0439453125
0 0.0947265625 0.822265625 0.0283203125 0.0390625
0 0.0869140625 0.779296875 0.037109375 0.0439453125
0 0.0947265625 0.736328125 0.0283203125 0.0361328125
0 0.0458984375 0.810546875 0.0283203125 0.03125
0 0.052734375 0.775390625 0.025390625 0.046875
0 0.0166015625 0.62109375 0.033203125 0.0390625
0 0.0107421875 0.1826171875 0.021484375 0.0517578125
0 0.04296875 0.3603515625 0.025390625 0.0439453125
0 0.02734375 0.3369140625 0.0185546875 0.0234375
0 0.005859375 0.3359375 0.01171875 0.02734375
0 0.009765625 0.306640625 0.017578125 0.03125
0 0.017578125 0.283203125 0.0185546875 0.0234375
0 0.021484375 0.755859375 0.0341796875 0.03125
0 0.0078125 0.7890625 0.015625 0.056640625
0 0.009765625 0.73046875 0.017578125 0.0361328125
0 0.1767578125 0.580078125 0.033203125 0.046875
0 0.041015625 0.0390625 0.037109375 0.0439453125
0 0.033203125 0.0830078125 0.025390625 0.0361328125
0 0.0126953125 0.0986328125 0.025390625 0.03125
0 0.009765625 0.0634765625 0.017578125 0.046875
0 0.880859375 0.8408203125 0.046875 0.056640625
0 0.6025390625 0.3095703125 0.0283203125 0.0361328125
0 0.560546875 0.302734375 0.0185546875 0.03125
0 0.54296875 0.29296875 0.0283203125 0.0361328125
0 0.5166015625 0.7265625 0.03125 0.0390625
0 0.640625 0.74609375 0.037109375 0.0517578125
0 0.7119140625 0.3935546875 0.03125 0.0439453125