0 0.6259765625 0.154296875 0.1640625 0.158203125
0 0.49609375 0.0576171875 0.1123046875 0.1044921875
0 0.583984375 0.4013671875 0.0859375 0.076171875
0 0.4091796875 0.291015625 0.119140625 0.1171875
0 0.9111328125 0.5185546875 0.1220703125 0.1171875
0 0.4638671875 0.759765625 0.1298828125 0.119140625
0 0.7255859375 0.88671875 0.1484375 0.1376953125
0 0.3046875 0.208984375 0.134765625 0.126953125
0 0.2158203125 0.5361328125 0.119140625 0.109375
0 0.6298828125 0.5869140625 0.134765625 0.123046875
0 0.103515625 0.205078125 0.0908203125 0.0830078125
0 0.2646484375 0.328125 0.0810546875 0.072265625
0 0.5654296875 0.873046875 0.0830078125 0.0751953125
0 0.857421875 0.099609375 0.1357421875 0.123046875
0 0.587890625 0.4853515625 0.080078125 0.0732421875
0 0.470703125 0.1962890625 0.1220703125 0.111328125
0 0.189453125 0.712890625 0.060546875 0.0546875
0 0.1015625 0.6162109375 0.056640625 0.052734375
0 0.701171875 0.388671875 0.0986328125 0.0908203125
0 0.4560546875 0.4453125 0.0830078125 0.0751953125
0 0.32421875 0.53515625 0.0908203125 0.080078125
0 0.162109375 0.4306640625 0.1123046875 0.1044921875
0 0.8994140625 0.8525390625 0.091796875 0.0810546875
0 0.7998046875 0.4326171875 0.0751953125 0.0732421875
0 0.724609375 0.5087890625 0.1357421875 0.1201171875
0 0.1318359375 0.72265625 0.0546875 0.0498046875
0 0.9453125 0.0439453125 0.0966796875 0.0830078125
0 0.4287109375 0.65234375 0.138671875 0.125
0 0.69140625 0.712890625 0.130859375 0.111328125
0 0.193359375 0.279296875 0.1015625 0.091796875
0 0.876953125 0.4296875 0.0546875 0.0517578125
0 0.9541015625 0.66796875 0.091796875 0.1015625
0 0.9609375 0.6171875 0.072265625 0.0625
0 0.591796875 0.7412109375 0.052734375 0.0517578125
0 0.8525390625 0.9482421875 0.1328125 0.103515625
0 0.1328125 0.884765625 0.0595703125 0.052734375
0 0.169921875 0.107421875 0.0654296875 0.0576171875
0 0.859375 0.2666015625 0.1982421875 0.1826171875
0 0.873046875 0.251953125 0.078125 0.076171875
0 0.111328125 0.5078125 0.109375 0.099609375
0 0.7880859375 0.306640625 0.0732421875 0.068359375
0 0.03515625 0.5703125 0.064453125 0.060546875
0 0.744140625 0.697265625 0.0517578125 0.0517578125
0 0.7060546875 0.41015625 0.0732421875 0.0654296875
0 0.751953125 0.6142578125 0.1015625 0.091796875
0 0.275390625 0.458984375 0.0625 0.056640625
0 0.560546875 0.318359375 0.0703125 0.064453125
0 0.9638671875 0.318359375 0.072265625 0.0751953125
0 0.9443359375 0.3056640625 0.052734375 0.046875
0 0.8466796875 0.7294921875 0.072265625 0.0654296875
0 0.8662109375 0.787109375 0.095703125 0.0859375
0 0.291015625 0.7177734375 0.048828125 0.046875
0 0.193359375 0.13671875 0.0576171875 0.0546875
0 0.138671875 0.125 0.060546875 0.060546875
0 0.3037109375 0.0791015625 0.138671875 0.1220703125
0 0.322265625 0.0341796875 0.1123046875 0.068359375
0 0.740234375 0.0673828125 0.1015625 0.091796875
0 0.4296875 0.529296875 0.1123046875 0.1064453125
0 0.4931640625 0.5576171875 0.0859375 0.078125
0 0.9599609375 0.9462890625 0.080078125 0.107421875
0 0.658203125 0.966796875 0.115234375 0.0654296875
0 0.6943359375 0.81640625 0.0810546875 0.0673828125
0 0.505859375 0.9482421875 0.1533203125 0.103515625
0 0.33984375 0.9658203125 0.205078125 0.068359375
0 0.2802734375 0.8740234375 0.138671875 0.126953125
0 0.015625 0.9599609375 0.03125 0.0625
0 0.0341796875 0.810546875 0.068359375 0.111328125
0 0.52734375 0.65234375 0.1357421875 0.1328125
0 0.03515625 0.373046875 0.0703125 0.1357421875