0 0.6904296875 0.14453125 0.224609375 0.1953125
0 0.84375 0.2978515625 0.1064453125 0.0966796875
0 0.8525390625 0.388671875 0.0625 0.0576171875
0 0.751953125 0.619140625 0.0595703125 0.0595703125
0 0.7294921875 0.708984375 0.115234375 0.109375
0 0.5556640625 0.888671875 0.0654296875 0.064453125
0 0.529296875 0.2353515625 0.123046875 0.1142578125
0 0.5029296875 0.185546875 0.095703125 0.0859375
0 0.3662109375 0.533203125 0.09375 0.0830078125
0 0.8125 0.513671875 0.205078125 0.177734375
0 0.0625 0.375 0.099609375 0.0888671875
0 0.6474609375 0.4794921875 0.0703125 0.0625
0 0.8671875 0.775390625 0.0966796875 0.0966796875
0 0.568359375 0.794921875 0.0810546875 0.076171875
0 0.8701171875 0.2099609375 0.0908203125 0.0810546875
0 0.9033203125 0.6015625 0.1875 0.1875
0 0.8251953125 0.6787109375 0.0498046875 0.0439453125
0 0.83984375 0.1572265625 0.064453125 0.0595703125
0 0.6806640625 0.279296875 0.0595703125 0.052734375
0 0.95703125 0.337890625 0.0859375 0.09375
0 0.611328125 0.0263671875 0.0751953125 0.052734375
0 0.5869140625 0.966796875 0.0625 0.0546875
0 0.705078125 0.845703125 0.0703125 0.0673828125
0 0.3603515625 0.6708984375 0.189453125 0.171875
0 0.630859375 0.8857421875 0.0830078125 0.076171875
0 0.3251953125 0.77734375 0.056640625 0.046875
0 0.087890625 0.056640625 0.1328125 0.1123046875
0 0.3271484375 0.5869140625 0.0498046875 0.046875
0 0.076171875 0.7744140625 0.083984375 0.0830078125
0 0.4638671875 0.9814453125 0.146484375 0.037109375
0 0.6025390625 0.5908203125 0.078125 0.068359375
0 0.3212890625 0.0791015625 0.234375 0.158203125
0 0.9638671875 0.08984375 0.0283203125 0.025390625
0 0.1240234375 0.2373046875 0.1220703125 0.109375
0 0.05859375 0.2724609375 0.0908203125 0.0859375
0 0.8251953125 0.0634765625 0.1376953125 0.126953125
0 0.904296875 0.345703125 0.0703125 0.0625
0 0.818359375 0.845703125 0.1376953125 0.119140625
0 0.9482421875 0.908203125 0.103515625 0.1640625
0 0.669921875 0.98046875 0.1533203125 0.0390625
0 0.7392578125 0.96875 0.107421875 0.0625
0 0.189453125 0.845703125 0.1826171875 0.162109375
0 0.12890625 0.78125 0.1015625 0.095703125
0 0.287109375 0.8271484375 0.064453125 0.0595703125
0 0.181640625 0.7158203125 0.080078125 0.0732421875
0 0.6943359375 0.021484375 0.064453125 0.04296875
0 0.55859375 0.525390625 0.1142578125 0.103515625
0 0.150390625 0.93359375 0.087890625 0.078125