0 0.37890625 0.1435546875 0.1484375 0.134765625
0 0.5859375 0.2578125 0.2529296875 0.2236328125
0 0.3544921875 0.728515625 0.267578125 0.2236328125
0 0.4951171875 0.63671875 0.0908203125 0.0888671875
0 0.865234375 0.4296875 0.0830078125 0.0751953125
0 0.767578125 0.552734375 0.056640625 0.056640625
0 0.810546875 0.703125 0.1767578125 0.15625
0 0.6064453125 0.548828125 0.193359375 0.171875
0 0.1748046875 0.2236328125 0.1376953125 0.123046875
0 0.421875 0.5263671875 0.1064453125 0.0966796875
0 0.9326171875 0.26953125 0.064453125 0.056640625
0 0.587890625 0.0693359375 0.095703125 0.0830078125
0 0.048828125 0.900390625 0.076171875 0.0703125
0 0.1689453125 0.884765625 0.048828125 0.046875
0 0.5302734375 0.853515625 0.0810546875 0.076171875
0 0.181640625 0.6103515625 0.056640625 0.0517578125
0 0.83203125 0.060546875 0.0546875 0.0517578125
0 0.1279296875 0.287109375 0.0517578125 0.046875
0 0.6904296875 0.4111328125 0.0439453125 0.0419921875
0 0.1806640625 0.978515625 0.041015625 0.0390625
0 0.5380859375 0.763671875 0.1220703125 0.1123046875
0 0.716796875 0.5 0.0625 0.056640625
0 0.7236328125 0.5517578125 0.0439453125 0.0439453125
0 0.6611328125 0.8154296875 0.072265625 0.0654296875
0 0.388671875 0.4189453125 0.263671875 0.2158203125
0 0.5068359375 0.505859375 0.0390625 0.0390625
0 0.9384765625 0.1953125 0.0361328125 0.033203125
0 0.8818359375 0.63671875 0.041015625 0.0341796875
0 0.8818359375 0.314453125 0.037109375 0.0361328125
0 0.154296875 0.158203125 0.046875 0.041015625
0 0.103515625 0.39453125 0.037109375 0.033203125
0 0.123046875 0.603515625 0.0498046875 0.046875
0 0.8251953125 0.216796875 0.037109375 0.0361328125
0 0.216796875 0.591796875 0.041015625 0.041015625
0 0.9580078125 0.533203125 0.083984375 0.080078125
0 0.845703125 0.888671875 0.291015625 0.2216796875
0 0.728515625 0.765625 0.03125 0.029296875
0 0.0947265625 0.9560546875 0.037109375 0.03125
0 0.693359375 0.412109375 0.048828125 0.0439453125
0 0.8369140625 0.5537109375 0.03125 0.029296875
0 0.2353515625 0.369140625 0.03125 0.025390625
0 0.9169921875 0.779296875 0.046875 0.0439453125
0 0.7587890625 0.173828125 0.0361328125 0.033203125
0 0.0458984375 0.322265625 0.091796875 0.236328125
0 0.0341796875 0.068359375 0.068359375 0.109375
0 0.205078125 0.0986328125 0.0263671875 0.0283203125
0 0.51171875 0.0625 0.025390625 0.021484375
0 0.5283203125 0.1376953125 0.029296875 0.0263671875
0 0.623046875 0.0166015625 0.0888671875 0.033203125
0 0.9794921875 0.228515625 0.041015625 0.0546875
0 0.9775390625 0.3310546875 0.044921875 0.052734375
0 0.935546875 0.49609375 0.03125 0.0283203125
0 0.5458984375 0.4775390625 0.0283203125 0.0263671875
0 0.16015625 0.658203125 0.0283203125 0.0263671875
0 0.6328125 0.9443359375 0.234375 0.111328125
0 0.435546875 0.8896484375 0.2080078125 0.1923828125
0 0.3828125 0.6064453125 0.095703125 0.078125