0 0.1904296875 0.583984375 0.212890625 0.189453125
0 0.5078125 0.615234375 0.134765625 0.123046875
0 0.384765625 0.083984375 0.091796875 0.0859375
0 0.509765625 0.265625 0.119140625 0.1123046875
0 0.779296875 0.732421875 0.109375 0.0986328125
0 0.7685546875 0.4150390625 0.0751953125 0.0732421875
0 0.6064453125 0.841796875 0.0498046875 0.046875
0 0.328125 0.5751953125 0.0498046875 0.046875
0 0.7236328125 0.771484375 0.0810546875 0.0830078125
0 0.4248046875 0.138671875 0.056640625 0.0546875
0 0.4443359375 0.837890625 0.0576171875 0.052734375
0 0.560546875 0.5166015625 0.0625 0.0576171875
0 0.7880859375 0.302734375 0.0703125 0.064453125
0 0.1123046875 0.173828125 0.1767578125 0.1611328125
0 0.0546875 0.12109375 0.078125 0.072265625
0 0.474609375 0.9267578125 0.0810546875 0.076171875
0 0.0791015625 0.3212890625 0.0595703125 0.0517578125
0 0.283203125 0.111328125 0.0517578125 0.0439453125
0 0.541015625 0.830078125 0.0517578125 0.048828125
0 0.966796875 0.94921875 0.0625 0.0517578125
0 0.279296875 0.8203125 0.306640625 0.2421875
0 0.1552734375 0.8544921875 0.0595703125 0.052734375
0 0.3046875 0.193359375 0.154296875 0.138671875
0 0.90234375 0.267578125 0.1953125 0.189453125
0 0.357421875 0.326171875 0.064453125 0.0546875
0 0.185546875 0.302734375 0.0341796875 0.033203125
0 0.509765625 0.4013671875 0.1875 0.1640625
0 0.9150390625 0.94140625 0.0390625 0.0341796875
0 0.3701171875 0.73046875 0.0595703125 0.052734375
0 0.611328125 0.48828125 0.0498046875 0.0439453125
0 0.373046875 0.2802734375 0.0341796875 0.033203125
0 0.037109375 0.21875 0.07421875 0.0859375
0 0.513671875 0.779296875 0.072265625 0.0625
0 0.4091796875 0.0185546875 0.078125 0.037109375
0 0.439453125 0.064453125 0.0576171875 0.0517578125
0 0.970703125 0.146484375 0.0576171875 0.0703125
0 0.974609375 0.0859375 0.0498046875 0.0498046875
0 0.583984375 0.201171875 0.064453125 0.052734375
0 0.0458984375 0.8564453125 0.091796875 0.1279296875
0 0.458984375 0.734375 0.1376953125 0.1298828125
0 0.013671875 0.4541015625 0.02734375 0.107421875
0 0.375 0.537109375 0.083984375 0.0751953125
0 0.265625 0.41015625 0.1455078125 0.1328125
0 0.0419921875 0.291015625 0.046875 0.048828125
0 0.673828125 0.9853515625 0.041015625 0.029296875
0 0.435546875 0.447265625 0.1748046875 0.1591796875
0 0.404296875 0.3408203125 0.064453125 0.0595703125