0 0.1953125 0.0791015625 0.197265625 0.158203125
0 0.6953125 0.044921875 0.0673828125 0.052734375
0 0.6572265625 0.072265625 0.0703125 0.056640625
0 0.974609375 0.111328125 0.0185546875 0.015625
0 0.9267578125 0.2470703125 0.146484375 0.130859375
0 0.470703125 0.255859375 0.1064453125 0.091796875
0 0.849609375 0.3955078125 0.1767578125 0.1376953125
0 0.912109375 0.5126953125 0.1279296875 0.1044921875
0 0.8720703125 0.6162109375 0.0234375 0.0185546875
0 0.9541015625 0.681640625 0.091796875 0.0830078125
0 0.970703125 0.7353515625 0.046875 0.0361328125
0 0.916015625 0.78125 0.021484375 0.017578125
0 0.681640625 0.8076171875 0.064453125 0.0517578125
0 0.681640625 0.669921875 0.1015625 0.0810546875
0 0.556640625 0.720703125 0.0517578125 0.0419921875
0 0.515625 0.7666015625 0.091796875 0.076171875
0 0.478515625 0.8583984375 0.0185546875 0.015625
0 0.2451171875 0.87109375 0.029296875 0.0263671875
0 0.06640625 0.9296875 0.072265625 0.0595703125
0 0.0615234375 0.8291015625 0.0703125 0.0576171875
0 0.318359375 0.572265625 0.037109375 0.03125
0 0.2001953125 0.484375 0.1611328125 0.1298828125
0 0.4794921875 0.5966796875 0.103515625 0.0859375