0 0.9755859375 0.1181640625 0.048828125 0.0517578125
0 0.7333984375 0.1474609375 0.1201171875 0.0966796875
0 0.5927734375 0.103515625 0.015625 0.0126953125
0 0.755859375 0.291015625 0.0517578125 0.041015625
0 0.890625 0.318359375 0.2158203125 0.169921875
0 0.740234375 0.447265625 0.0419921875 0.0341796875
0 0.9375 0.693359375 0.064453125 0.0517578125
0 0.982421875 0.6982421875 0.0263671875 0.0234375
0 0.666015625 0.9453125 0.025390625 0.0205078125
0 0.6328125 0.845703125 0.0517578125 0.0419921875
0 0.51953125 0.876953125 0.0654296875 0.0546875
0 0.423828125 0.7705078125 0.1376953125 0.1123046875
0 0.3388671875 0.677734375 0.0419921875 0.0341796875
0 0.044921875 0.7890625 0.0234375 0.0185546875
0 0.287109375 0.9248046875 0.015625 0.0126953125
0 0.1689453125 0.7705078125 0.177734375 0.1435546875
0 0.0859375 0.5986328125 0.046875 0.037109375
0 0.1416015625 0.4375 0.044921875 0.0390625
0 0.0341796875 0.4697265625 0.068359375 0.0546875
0 0.7041015625 0.603515625 0.2607421875 0.1904296875
0 0.373046875 0.7099609375 0.228515625 0.1796875
0 0.349609375 0.4521484375 0.412109375 0.283203125
0 0.623046875 0.3046875 0.033203125 0.0263671875
0 0.5703125 0.197265625 0.2109375 0.173828125
0 0.037109375 0.322265625 0.0361328125 0.029296875
0 0.283203125 0.033203125 0.0361328125 0.03125
0 0.3515625 0.1181640625 0.052734375 0.041015625
0 0.751953125 0.7548828125 0.029296875 0.0234375