0 0.248046875 0.65625 0.169921875 0.154296875
0 0.267578125 0.484375 0.185546875 0.169921875
0 0.427734375 0.7685546875 0.1689453125 0.1533203125
0 0.5751953125 0.583984375 0.1064453125 0.0966796875
0 0.7080078125 0.474609375 0.171875 0.154296875
0 0.5263671875 0.46484375 0.166015625 0.1513671875
0 0.275390625 0.900390625 0.162109375 0.1533203125
0 0.7412109375 0.267578125 0.0751953125 0.0654296875
0 0.2041015625 0.1552734375 0.2734375 0.2607421875
0 0.6162109375 0.40625 0.0703125 0.0654296875
0 0.4853515625 0.091796875 0.0888671875 0.078125
0 0.5537109375 0.947265625 0.09375 0.0859375
0 0.5517578125 0.076171875 0.0390625 0.041015625
0 0.380859375 0.9462890625 0.0859375 0.080078125
0 0.376953125 0.56640625 0.095703125 0.0888671875
0 0.416015625 0.2958984375 0.220703125 0.2109375
0 0.119140625 0.7021484375 0.107421875 0.1015625
0 0.9296875 0.068359375 0.046875 0.0439453125
0 0.2158203125 0.296875 0.056640625 0.0498046875
0 0.759765625 0.578125 0.095703125 0.0810546875
0 0.361328125 0.8466796875 0.046875 0.0439453125
0 0.9296875 0.6171875 0.134765625 0.140625
0 0.607421875 0.162109375 0.0732421875 0.0673828125
0 0.7509765625 0.662109375 0.1201171875 0.107421875
0 0.84765625 0.1376953125 0.046875 0.041015625
0 0.0732421875 0.244140625 0.052734375 0.048828125
0 0.685546875 0.833984375 0.2626953125 0.208984375
0 0.296875 0.7783203125 0.037109375 0.0361328125
0 0.5224609375 0.6826171875 0.1689453125 0.1533203125
0 0.939453125 0.162109375 0.0419921875 0.037109375
0 0.81640625 0.337890625 0.0283203125 0.025390625
0 0.2734375 0.041015625 0.041015625 0.0419921875
0 0.9140625 0.1943359375 0.048828125 0.0439453125
0 0.724609375 0.3955078125 0.0654296875 0.0546875
0 0.8662109375 0.9267578125 0.212890625 0.146484375
0 0.4345703125 0.916015625 0.0703125 0.0625
0 0.0830078125 0.83984375 0.0498046875 0.041015625
0 0.51953125 0.822265625 0.068359375 0.0625
0 0.5927734375 0.525390625 0.0263671875 0.0234375
0 0.146484375 0.576171875 0.076171875 0.068359375
0 0.056640625 0.291015625 0.0283203125 0.0234375