0 0.8310546875 0.03125 0.052734375 0.0439453125
0 0.7548828125 0.12109375 0.0419921875 0.0341796875
0 0.8017578125 0.19140625 0.1142578125 0.0966796875
0 0.638671875 0.1123046875 0.0361328125 0.0283203125
0 0.6416015625 0.1552734375 0.0498046875 0.037109375
0 0.244140625 0.103515625 0.119140625 0.0986328125
0 0.064453125 0.2021484375 0.044921875 0.037109375
0 0.3955078125 0.4521484375 0.0390625 0.0341796875
0 0.5126953125 0.4296875 0.044921875 0.037109375
0 0.6357421875 0.447265625 0.0859375 0.0673828125
0 0.76953125 0.4443359375 0.0283203125 0.025390625
0 0.8544921875 0.6015625 0.2158203125 0.1689453125
0 0.6953125 0.564453125 0.0234375 0.0205078125
0 0.6953125 0.724609375 0.142578125 0.1142578125
0 0.666015625 0.974609375 0.0205078125 0.017578125
0 0.4853515625 0.80078125 0.021484375 0.0185546875
0 0.1826171875 0.8681640625 0.041015625 0.033203125
0 0.2216796875 0.9072265625 0.0205078125 0.015625
0 0.1513671875 0.9765625 0.056640625 0.046875
0 0.2919921875 0.833984375 0.1875 0.1455078125
0 0.2333984375 0.40625 0.2470703125 0.189453125
0 0.408203125 0.357421875 0.126953125 0.1015625
0 0.5234375 0.287109375 0.087890625 0.068359375
0 0.7236328125 0.318359375 0.208984375 0.1640625