0 0.37109375 0.607421875 0.1826171875 0.1689453125
0 0.2294921875 0.1474609375 0.171875 0.154296875
0 0.1982421875 0.689453125 0.134765625 0.1220703125
0 0.515625 0.0361328125 0.0830078125 0.072265625
0 0.603515625 0.892578125 0.1982421875 0.181640625
0 0.1376953125 0.59375 0.068359375 0.0703125
0 0.2841796875 0.9736328125 0.0751953125 0.052734375
0 0.806640625 0.83984375 0.1142578125 0.1064453125
0 0.0654296875 0.646484375 0.130859375 0.125
0 0.8798828125 0.78125 0.060546875 0.0595703125
0 0.5712890625 0.451171875 0.1201171875 0.1123046875
0 0.9755859375 0.52734375 0.048828125 0.0546875
0 0.8330078125 0.705078125 0.140625 0.125
0 0.5947265625 0.134765625 0.0830078125 0.0751953125
0 0.072265625 0.7783203125 0.1435546875 0.1533203125
0 0.0244140625 0.7802734375 0.048828125 0.0546875
0 0.2958984375 0.248046875 0.0419921875 0.041015625
0 0.373046875 0.91015625 0.1328125 0.119140625
0 0.646484375 0.3037109375 0.2158203125 0.189453125
0 0.6640625 0.240234375 0.0888671875 0.080078125
0 0.0634765625 0.537109375 0.126953125 0.123046875
0 0.5205078125 0.330078125 0.0546875 0.046875
0 0.1220703125 0.072265625 0.0439453125 0.0439453125
0 0.162109375 0.2353515625 0.029296875 0.0283203125
0 0.212890625 0.408203125 0.279296875 0.25
0 0.224609375 0.2412109375 0.03125 0.0263671875
0 0.693359375 0.517578125 0.181640625 0.171875
0 0.056640625 0.326171875 0.1123046875 0.146484375
0 0.052734375 0.154296875 0.1044921875 0.130859375
0 0.451171875 0.6767578125 0.1611328125 0.1435546875
0 0.9033203125 0.119140625 0.193359375 0.205078125
0 0.3955078125 0.822265625 0.076171875 0.072265625
0 0.134765625 0.5244140625 0.072265625 0.0595703125
0 0.529296875 0.294921875 0.0654296875 0.0595703125
0 0.8681640625 0.537109375 0.1767578125 0.166015625
0 0.3876953125 0.4658203125 0.140625 0.1279296875