0 0.1796875 0.4375 0.2392578125 0.212890625
0 0.2529296875 0.59375 0.1611328125 0.150390625
0 0.669921875 0.8193359375 0.2216796875 0.2109375
0 0.525390625 0.3447265625 0.1376953125 0.1220703125
0 0.630859375 0.208984375 0.1611328125 0.1435546875
0 0.9013671875 0.3935546875 0.193359375 0.1669921875
0 0.501953125 0.6982421875 0.265625 0.2392578125
0 0.220703125 0.2294921875 0.0732421875 0.0703125
0 0.3564453125 0.0751953125 0.0888671875 0.080078125
0 0.873046875 0.875 0.220703125 0.1982421875
0 0.0712890625 0.138671875 0.142578125 0.1611328125
0 0.046875 0.3427734375 0.0546875 0.0517578125
0 0.1181640625 0.306640625 0.0888671875 0.0830078125
0 0.6396484375 0.638671875 0.060546875 0.0576171875
0 0.357421875 0.9169921875 0.044921875 0.041015625
0 0.138671875 0.859375 0.1845703125 0.1591796875
0 0.3740234375 0.19140625 0.0498046875 0.044921875
0 0.4443359375 0.9814453125 0.0419921875 0.037109375
0 0.697265625 0.6796875 0.033203125 0.033203125
0 0.212890625 0.107421875 0.169921875 0.158203125
0 0.923828125 0.4609375 0.037109375 0.0341796875
0 0.42578125 0.9169921875 0.041015625 0.037109375
0 0.626953125 0.3525390625 0.046875 0.044921875
0 0.744140625 0.611328125 0.0498046875 0.0439453125
0 0.736328125 0.2158203125 0.0673828125 0.0673828125
0 0.4619140625 0.88671875 0.0546875 0.048828125
0 0.3134765625 0.48828125 0.044921875 0.0419921875
0 0.283203125 0.7509765625 0.029296875 0.0283203125
0 0.7939453125 0.3544921875 0.037109375 0.037109375
0 0.7890625 0.119140625 0.2548828125 0.2109375
0 0.6982421875 0.0205078125 0.046875 0.041015625
0 0.9208984375 0.259765625 0.0361328125 0.033203125
0 0.96484375 0.3017578125 0.0439453125 0.0361328125
0 0.93359375 0.6025390625 0.1328125 0.1298828125
0 0.9150390625 0.541015625 0.041015625 0.037109375
0 0.6474609375 0.693359375 0.033203125 0.03125
0 0.197265625 0.9541015625 0.03125 0.03125
0 0.53125 0.92578125 0.0419921875 0.037109375
0 0.1396484375 0.0791015625 0.029296875 0.029296875
0 0.541015625 0.470703125 0.1669921875 0.150390625
0 0.44140625 0.263671875 0.0283203125 0.0263671875
0 0.36328125 0.3427734375 0.033203125 0.029296875
0 0.3798828125 0.5126953125 0.0361328125 0.033203125
0 0.3125 0.9658203125 0.1328125 0.068359375
0 0.232421875 0.732421875 0.03125 0.03125
0 0.734375 0.9443359375 0.177734375 0.111328125
0 0.8974609375 0.7373046875 0.1484375 0.1298828125
0 0.9072265625 0.1162109375 0.185546875 0.189453125
0 0.2822265625 0.2978515625 0.0361328125 0.03125