0 0.1201171875 0.1279296875 0.1875 0.146484375
0 0.39453125 0.1806640625 0.0546875 0.0419921875
0 0.3046875 0.2783203125 0.1142578125 0.0888671875
0 0.06640625 0.2705078125 0.0283203125 0.0234375
0 0.02734375 0.4423828125 0.0341796875 0.0283203125
0 0.189453125 0.3642578125 0.013671875 0.0107421875
0 0.2900390625 0.427734375 0.0126953125 0.0107421875
0 0.5322265625 0.060546875 0.015625 0.0126953125
0 0.9892578125 0.2294921875 0.021484375 0.021484375
0 0.6484375 0.4716796875 0.046875 0.037109375
0 0.5859375 0.4736328125 0.046875 0.0341796875
0 0.6171875 0.5615234375 0.029296875 0.0263671875
0 0.69921875 0.5751953125 0.052734375 0.0419921875
0 0.2509765625 0.685546875 0.1689453125 0.1376953125
0 0.2978515625 0.767578125 0.046875 0.037109375
0 0.1689453125 0.8935546875 0.0439453125 0.037109375
0 0.185546875 0.9140625 0.158203125 0.1298828125
0 0.7548828125 0.94921875 0.0830078125 0.0703125
0 0.77734375 0.833984375 0.0419921875 0.0341796875
0 0.7763671875 0.787109375 0.037109375 0.03125
0 0.5126953125 0.884765625 0.212890625 0.1611328125