0 0.265625 0.1025390625 0.0986328125 0.091796875
0 0.42578125 0.353515625 0.265625 0.232421875
0 0.333984375 0.544921875 0.2314453125 0.2080078125
0 0.951171875 0.3740234375 0.080078125 0.0751953125
0 0.037109375 0.548828125 0.0673828125 0.068359375
0 0.9345703125 0.9443359375 0.125 0.1064453125
0 0.048828125 0.79296875 0.091796875 0.0830078125
0 0.224609375 0.712890625 0.2314453125 0.1845703125
0 0.1669921875 0.79296875 0.064453125 0.0576171875
0 0.078125 0.7177734375 0.068359375 0.0673828125
0 0.8125 0.0244140625 0.044921875 0.0419921875
0 0.8896484375 0.3056640625 0.109375 0.103515625
0 0.8837890625 0.244140625 0.0751953125 0.068359375
0 0.7587890625 0.341796875 0.1982421875 0.1826171875
0 0.275390625 0.435546875 0.0576171875 0.0595703125
0 0.966796875 0.2744140625 0.0576171875 0.0517578125
0 0.935546875 0.9462890625 0.1279296875 0.107421875
0 0.775390625 0.9345703125 0.208984375 0.130859375
0 0.556640625 0.498046875 0.0498046875 0.0498046875
0 0.7919921875 0.658203125 0.0673828125 0.056640625
0 0.876953125 0.15625 0.048828125 0.0439453125
0 0.1513671875 0.87109375 0.076171875 0.0703125
0 0.9697265625 0.212890625 0.0517578125 0.041015625
0 0.67578125 0.5029296875 0.0703125 0.064453125
0 0.5048828125 0.921875 0.306640625 0.15625
0 0.626953125 0.46875 0.048828125 0.0439453125
0 0.1337890625 0.501953125 0.103515625 0.095703125
0 0.87109375 0.595703125 0.0498046875 0.0439453125
0 0.9521484375 0.130859375 0.048828125 0.046875
0 0.447265625 0.205078125 0.0888671875 0.076171875
0 0.802734375 0.5869140625 0.107421875 0.1015625
0 0.943359375 0.662109375 0.1123046875 0.1796875
0 0.923828125 0.5498046875 0.0283203125 0.0234375
0 0.8251953125 0.4375 0.0439453125 0.0390625
0 0.41796875 0.041015625 0.0673828125 0.060546875
0 0.1328125 0.0673828125 0.072265625 0.0654296875
0 0.197265625 0.208984375 0.1064453125 0.09375
0 0.0673828125 0.619140625 0.09375 0.087890625
0 0.0380859375 0.6640625 0.052734375 0.044921875
0 0.3349609375 0.7890625 0.1826171875 0.1591796875
0 0.27734375 0.9501953125 0.126953125 0.099609375
0 0.9638671875 0.7529296875 0.072265625 0.1845703125
0 0.830078125 0.7861328125 0.1826171875 0.173828125
0 0.591796875 0.689453125 0.267578125 0.2734375
0 0.8740234375 0.3984375 0.087890625 0.0859375
0 0.951171875 0.451171875 0.0673828125 0.0576171875