0 0.240234375 0.14453125 0.0185546875 0.015625
0 0.123046875 0.27734375 0.2451171875 0.2060546875
0 0.30078125 0.2548828125 0.017578125 0.0126953125
0 0.330078125 0.3837890625 0.013671875 0.0126953125
0 0.1494140625 0.4697265625 0.0341796875 0.0283203125
0 0.322265625 0.462890625 0.1767578125 0.1376953125
0 0.427734375 0.35546875 0.0361328125 0.0283203125
0 0.5302734375 0.380859375 0.0126953125 0.009765625
0 0.8720703125 0.27734375 0.068359375 0.056640625
0 0.67578125 0.46875 0.212890625 0.166015625
0 0.5244140625 0.556640625 0.212890625 0.1689453125
0 0.6796875 0.6015625 0.052734375 0.0419921875
0 0.828125 0.57421875 0.0185546875 0.013671875
0 0.685546875 0.6875 0.033203125 0.0263671875
0 0.6171875 0.7177734375 0.029296875 0.0234375
0 0.2958984375 0.5908203125 0.0703125 0.0546875
0 0.2109375 0.638671875 0.162109375 0.123046875
0 0.21875 0.76953125 0.0576171875 0.048828125
0 0.228515625 0.7626953125 0.2392578125 0.1875
0 0.8466796875 0.8203125 0.0595703125 0.0498046875
0 0.2861328125 0.8955078125 0.2548828125 0.1875