0 0.3408203125 0.181640625 0.1357421875 0.1279296875
0 0.640625 0.3994140625 0.1376953125 0.1298828125
0 0.8515625 0.0322265625 0.072265625 0.064453125
0 0.5439453125 0.0537109375 0.09375 0.083984375
0 0.06640625 0.8505859375 0.1201171875 0.109375
0 0.4453125 0.14453125 0.060546875 0.056640625
0 0.2060546875 0.2529296875 0.076171875 0.068359375
0 0.18359375 0.470703125 0.080078125 0.072265625
0 0.314453125 0.5224609375 0.166015625 0.1591796875
0 0.830078125 0.310546875 0.072265625 0.0703125
0 0.5205078125 0.955078125 0.078125 0.0732421875
0 0.4736328125 0.5537109375 0.140625 0.1328125
0 0.802734375 0.732421875 0.119140625 0.107421875
0 0.7939453125 0.85546875 0.1123046875 0.107421875
0 0.953125 0.923828125 0.09375 0.1357421875
0 0.4951171875 0.35546875 0.0595703125 0.0576171875
0 0.501953125 0.8466796875 0.072265625 0.0625
0 0.365234375 0.3212890625 0.0703125 0.0703125
0 0.091796875 0.791015625 0.0625 0.056640625
0 0.265625 0.9765625 0.0498046875 0.041015625
0 0.3857421875 0.806640625 0.123046875 0.1064453125
0 0.794921875 0.275390625 0.078125 0.072265625
0 0.5224609375 0.318359375 0.099609375 0.0908203125
0 0.158203125 0.396484375 0.048828125 0.0439453125
0 0.9169921875 0.10546875 0.078125 0.0703125
0 0.96875 0.298828125 0.0625 0.060546875
0 0.9091796875 0.435546875 0.056640625 0.052734375
0 0.681640625 0.908203125 0.0517578125 0.046875
0 0.1904296875 0.158203125 0.0703125 0.0673828125
0 0.6083984375 0.677734375 0.0703125 0.0654296875
0 0.296875 0.01953125 0.130859375 0.0390625
0 0.287109375 0.87890625 0.0625 0.056640625
0 0.783203125 0.029296875 0.0595703125 0.0576171875
0 0.9580078125 0.4853515625 0.083984375 0.134765625
0 0.787109375 0.4091796875 0.150390625 0.1279296875
0 0.044921875 0.5361328125 0.0888671875 0.1875
0 0.8935546875 0.5791015625 0.130859375 0.1298828125
0 0.0400390625 0.060546875 0.078125 0.107421875
0 0.541015625 0.7099609375 0.134765625 0.123046875
0 0.74609375 0.359375 0.072265625 0.0673828125
0 0.017578125 0.3740234375 0.03515625 0.064453125
0 0.68359375 0.044921875 0.15625 0.08984375
0 0.4375 0.025390625 0.0859375 0.05078125
0 0.84765625 0.7626953125 0.1220703125 0.1142578125
0 0.3359375 0.9736328125 0.091796875 0.052734375
0 0.6044921875 0.77734375 0.1845703125 0.173828125
0 0.240234375 0.7490234375 0.109375 0.1015625
0 0.70703125 0.662109375 0.0576171875 0.056640625