0 0.357421875 0.9443359375 0.099609375 0.0908203125
0 0.3955078125 0.390625 0.171875 0.154296875
0 0.2275390625 0.732421875 0.0830078125 0.0751953125
0 0.671875 0.1494140625 0.181640625 0.158203125
0 0.306640625 0.2744140625 0.1064453125 0.0986328125
0 0.654296875 0.427734375 0.119140625 0.107421875
0 0.154296875 0.4921875 0.1064453125 0.095703125
0 0.818359375 0.9521484375 0.1171875 0.095703125
0 0.21484375 0.146484375 0.1376953125 0.1201171875
0 0.0966796875 0.072265625 0.0751953125 0.0673828125
0 0.626953125 0.6650390625 0.083984375 0.078125
0 0.9091796875 0.716796875 0.1064453125 0.0908203125
0 0.5908203125 0.783203125 0.171875 0.150390625
0 0.689453125 0.740234375 0.130859375 0.125
0 0.525390625 0.896484375 0.0810546875 0.0732421875
0 0.298828125 0.896484375 0.0908203125 0.0859375
0 0.712890625 0.267578125 0.1376953125 0.1201171875
0 0.3798828125 0.8759765625 0.0673828125 0.064453125
0 0.1279296875 0.1201171875 0.056640625 0.0517578125
0 0.5654296875 0.341796875 0.119140625 0.1064453125
0 0.455078125 0.923828125 0.072265625 0.064453125
0 0.02734375 0.892578125 0.0546875 0.056640625
0 0.6748046875 0.513671875 0.078125 0.0732421875
0 0.388671875 0.205078125 0.0859375 0.0751953125
0 0.1455078125 0.95703125 0.1220703125 0.0859375
0 0.107421875 0.892578125 0.052734375 0.046875
0 0.046875 0.828125 0.09375 0.0908203125
0 0.37890625 0.7275390625 0.1484375 0.1298828125
0 0.6279296875 0.1435546875 0.095703125 0.087890625
0 0.076171875 0.4609375 0.1328125 0.1328125
0 0.0576171875 0.6533203125 0.115234375 0.1435546875
0 0.0146484375 0.5615234375 0.029296875 0.068359375
0 0.9150390625 0.0673828125 0.169921875 0.134765625
0 0.51171875 0.296875 0.1689453125 0.162109375
0 0.2197265625 0.865234375 0.1875 0.1767578125
0 0.029296875 0.6787109375 0.05859375 0.162109375
0 0.341796875 0.6748046875 0.1123046875 0.1015625
0 0.962890625 0.869140625 0.0732421875 0.0859375
0 0.7138671875 0.98046875 0.0673828125 0.0390625
0 0.490234375 0.14453125 0.1220703125 0.1279296875
0 0.5126953125 0.6181640625 0.107421875 0.111328125
0 0.357421875 0.0234375 0.068359375 0.046875