0 0.171875 0.4296875 0.1123046875 0.099609375
0 0.873046875 0.7783203125 0.103515625 0.09375
0 0.1376953125 0.1591796875 0.119140625 0.1044921875
0 0.0986328125 0.5537109375 0.0625 0.0576171875
0 0.4697265625 0.6845703125 0.1220703125 0.1044921875
0 0.333984375 0.9296875 0.1123046875 0.1064453125
0 0.533203125 0.900390625 0.1591796875 0.146484375
0 0.365234375 0.287109375 0.087890625 0.0830078125
0 0.822265625 0.603515625 0.09375 0.0859375
0 0.103515625 0.638671875 0.111328125 0.1123046875
0 0.587890625 0.2587890625 0.1064453125 0.0908203125
0 0.673828125 0.578125 0.2109375 0.1689453125
0 0.4189453125 0.83203125 0.130859375 0.126953125
0 0.4345703125 0.607421875 0.0625 0.0595703125
0 0.201171875 0.0703125 0.115234375 0.1064453125
0 0.490234375 0.3125 0.087890625 0.0830078125
0 0.775390625 0.720703125 0.068359375 0.0625
0 0.939453125 0.4912109375 0.072265625 0.0703125
0 0.9140625 0.3408203125 0.115234375 0.1044921875
0 0.212890625 0.7080078125 0.1064453125 0.0986328125
0 0.3017578125 0.7734375 0.115234375 0.107421875
0 0.4833984375 0.4072265625 0.0810546875 0.072265625
0 0.9423828125 0.708984375 0.109375 0.103515625
0 0.8154296875 0.271484375 0.0595703125 0.056640625
0 0.140625 0.798828125 0.087890625 0.0830078125
0 0.046875 0.458984375 0.068359375 0.0595703125
0 0.5888671875 0.0703125 0.1484375 0.140625
0 0.5810546875 0.0537109375 0.0625 0.0625
0 0.0498046875 0.357421875 0.099609375 0.1171875
0 0.7001953125 0.7080078125 0.068359375 0.064453125
0 0.720703125 0.224609375 0.1328125 0.119140625
0 0.33984375 0.1015625 0.140625 0.1142578125
0 0.3408203125 0.0537109375 0.087890625 0.080078125
0 0.8720703125 0.681640625 0.0439453125 0.041015625
0 0.0908203125 0.0556640625 0.0625 0.0595703125
0 0.478515625 0.08203125 0.1513671875 0.1357421875
0 0.701171875 0.4912109375 0.1220703125 0.111328125
0 0.966796875 0.8876953125 0.0595703125 0.056640625
0 0.177734375 0.611328125 0.080078125 0.0732421875
0 0.6953125 0.9140625 0.1591796875 0.150390625
0 0.357421875 0.4091796875 0.072265625 0.0703125
0 0.7392578125 0.2431640625 0.072265625 0.064453125
0 0.966796875 0.193359375 0.0654296875 0.060546875
0 0.6015625 0.259765625 0.078125 0.076171875
0 0.3310546875 0.669921875 0.056640625 0.0595703125
0 0.2431640625 0.212890625 0.142578125 0.1328125
0 0.5263671875 0.5068359375 0.0595703125 0.0546875
0 0.1826171875 0.2294921875 0.072265625 0.0625
0 0.080078125 0.294921875 0.1591796875 0.1533203125
0 0.615234375 0.439453125 0.0908203125 0.0830078125
0 0.0234375 0.880859375 0.046875 0.0859375
0 0.291015625 0.677734375 0.056640625 0.0546875
0 0.0205078125 0.69921875 0.041015625 0.09375
0 0.275390625 0.228515625 0.072265625 0.0673828125