0 0.3125 0.3408203125 0.21875 0.1904296875
0 0.9111328125 0.447265625 0.166015625 0.1455078125
0 0.494140625 0.4150390625 0.150390625 0.140625
0 0.58984375 0.720703125 0.142578125 0.1328125
0 0.359375 0.7080078125 0.1533203125 0.138671875
0 0.5439453125 0.09375 0.0546875 0.046875
0 0.2470703125 0.1806640625 0.099609375 0.091796875
0 0.6650390625 0.166015625 0.0673828125 0.0576171875
0 0.3818359375 0.818359375 0.0888671875 0.0859375
0 0.2109375 0.595703125 0.171875 0.1611328125
0 0.2177734375 0.453125 0.078125 0.0703125
0 0.373046875 0.5341796875 0.1591796875 0.1455078125
0 0.8759765625 0.66796875 0.119140625 0.109375
0 0.873046875 0.2314453125 0.083984375 0.076171875
0 0.1455078125 0.8095703125 0.109375 0.103515625
0 0.5625 0.23046875 0.0703125 0.064453125
0 0.7353515625 0.6005859375 0.171875 0.1611328125
0 0.8857421875 0.5966796875 0.064453125 0.0576171875
0 0.5107421875 0.669921875 0.052734375 0.046875
0 0.4892578125 0.111328125 0.0390625 0.0361328125
0 0.458984375 0.7412109375 0.048828125 0.0439453125
0 0.0302734375 0.91015625 0.0517578125 0.0498046875
0 0.4287109375 0.9208984375 0.0390625 0.0361328125
0 0.435546875 0.802734375 0.0390625 0.037109375
0 0.529296875 0.912109375 0.0517578125 0.046875
0 0.669921875 0.810546875 0.0517578125 0.046875
0 0.087890625 0.47265625 0.17578125 0.22265625
0 0.51953125 0.556640625 0.0654296875 0.0595703125
0 0.8408203125 0.7822265625 0.037109375 0.0390625
0 0.8056640625 0.8701171875 0.048828125 0.0419921875
0 0.20703125 0.271484375 0.033203125 0.0283203125
0 0.9248046875 0.869140625 0.1357421875 0.125
0 0.779296875 0.333984375 0.0517578125 0.046875
0 0.8505859375 0.890625 0.041015625 0.0419921875
0 0.943359375 0.2431640625 0.037109375 0.03125
0 0.369140625 0.0810546875 0.0390625 0.0341796875
0 0.220703125 0.875 0.0361328125 0.037109375
0 0.955078125 0.7666015625 0.0341796875 0.0283203125
0 0.6015625 0.82421875 0.041015625 0.0361328125
0 0.654296875 0.4951171875 0.052734375 0.0439453125
0 0.9765625 0.0615234375 0.041015625 0.0361328125
0 0.2666015625 0.455078125 0.03125 0.033203125
0 0.294921875 0.0263671875 0.177734375 0.052734375
0 0.8447265625 0.0458984375 0.123046875 0.091796875
0 0.712890625 0.083984375 0.0595703125 0.0576171875
0 0.814453125 0.1513671875 0.0732421875 0.064453125
0 0.7763671875 0.0986328125 0.1201171875 0.109375
0 0.6787109375 0.4013671875 0.140625 0.1279296875
0 0.7568359375 0.388671875 0.0625 0.0673828125
0 0.98046875 0.6005859375 0.0390625 0.1220703125
0 0.630859375 0.599609375 0.0888671875 0.0830078125
0 0.958984375 0.9775390625 0.0625 0.044921875
0 0.892578125 0.9228515625 0.052734375 0.0498046875
0 0.736328125 0.681640625 0.181640625 0.15625
0 0.48046875 0.92578125 0.0283203125 0.025390625
0 0.46875 0.978515625 0.1064453125 0.0419921875
0 0.154296875 0.3701171875 0.119140625 0.115234375
0 0.232421875 0.2587890625 0.037109375 0.0341796875
0 0.248046875 0.9521484375 0.1533203125 0.095703125
0 0.1513671875 0.80859375 0.0361328125 0.033203125
0 0.134765625 0.732421875 0.0234375 0.0205078125