0 0.3544921875 0.287109375 0.1455078125 0.138671875
0 0.7470703125 0.544921875 0.162109375 0.140625
0 0.9384765625 0.341796875 0.123046875 0.109375
0 0.484375 0.3115234375 0.150390625 0.130859375
0 0.640625 0.720703125 0.125 0.1142578125
0 0.2783203125 0.568359375 0.130859375 0.1201171875
0 0.904296875 0.7080078125 0.083984375 0.0751953125
0 0.2421875 0.72265625 0.154296875 0.140625
0 0.8017578125 0.78515625 0.1201171875 0.0986328125
0 0.8154296875 0.4658203125 0.1015625 0.0966796875
0 0.90625 0.474609375 0.1201171875 0.109375
0 0.5029296875 0.44140625 0.087890625 0.0830078125
0 0.259765625 0.162109375 0.177734375 0.1640625
0 0.4111328125 0.880859375 0.134765625 0.1220703125
0 0.404296875 0.6572265625 0.078125 0.0703125
0 0.8720703125 0.8681640625 0.1064453125 0.09375
0 0.7646484375 0.9501953125 0.1279296875 0.099609375
0 0.5224609375 0.6455078125 0.140625 0.1298828125
0 0.5966796875 0.4326171875 0.119140625 0.123046875
0 0.4072265625 0.1591796875 0.0546875 0.052734375
0 0.1962890625 0.5009765625 0.138671875 0.123046875
0 0.9697265625 0.6220703125 0.060546875 0.0673828125
0 0.6611328125 0.27734375 0.0625 0.056640625
0 0.8095703125 0.828125 0.09375 0.0810546875
0 0.78515625 0.2724609375 0.1376953125 0.1279296875
0 0.5009765625 0.13671875 0.1767578125 0.1640625
0 0.4501953125 0.806640625 0.0625 0.0546875
0 0.390625 0.55859375 0.0625 0.0595703125
0 0.6630859375 0.123046875 0.109375 0.103515625
0 0.818359375 0.296875 0.056640625 0.056640625
0 0.935546875 0.046875 0.103515625 0.09375
0 0.884765625 0.916015625 0.0517578125 0.048828125
0 0.630859375 0.1923828125 0.064453125 0.0595703125
0 0.05078125 0.16796875 0.1015625 0.111328125
0 0.8984375 0.775390625 0.041015625 0.041015625
0 0.81640625 0.6923828125 0.076171875 0.0751953125
0 0.76953125 0.705078125 0.052734375 0.048828125
0 0.5380859375 0.220703125 0.091796875 0.0859375
0 0.8125 0.041015625 0.056640625 0.0517578125
0 0.958984375 0.86328125 0.0673828125 0.0654296875
0 0.9482421875 0.123046875 0.080078125 0.0732421875
0 0.8232421875 0.2958984375 0.0654296875 0.060546875
0 0.369140625 0.5185546875 0.033203125 0.03125
0 0.6689453125 0.373046875 0.1591796875 0.140625
0 0.1376953125 0.220703125 0.083984375 0.0810546875
0 0.3427734375 0.0654296875 0.236328125 0.130859375
0 0.662109375 0.0234375 0.119140625 0.046875
0 0.701171875 0.599609375 0.1533203125 0.1376953125
0 0.982421875 0.7021484375 0.0341796875 0.1015625
0 0.9375 0.96875 0.099609375 0.0625
0 0.443359375 0.525390625 0.119140625 0.107421875
0 0.123046875 0.849609375 0.134765625 0.125
0 0.19921875 0.41015625 0.103515625 0.09375
0 0.3291015625 0.423828125 0.0888671875 0.087890625
0 0.330078125 0.4755859375 0.095703125 0.0888671875
0 0.0595703125 0.384765625 0.119140625 0.171875
0 0.060546875 0.0859375 0.0908203125 0.087890625
0 0.876953125 0.37890625 0.0654296875 0.060546875
0 0.591796875 0.8427734375 0.1142578125 0.109375
0 0.251953125 0.9638671875 0.076171875 0.072265625
0 0.037109375 0.49609375 0.0498046875 0.0546875