0 0.7138671875 0.333984375 0.1591796875 0.146484375
0 0.396484375 0.27734375 0.2451171875 0.2080078125
0 0.119140625 0.2431640625 0.212890625 0.181640625
0 0.3486328125 0.5087890625 0.109375 0.099609375
0 0.154296875 0.4091796875 0.1845703125 0.1640625
0 0.2548828125 0.7822265625 0.173828125 0.158203125
0 0.548828125 0.482421875 0.0888671875 0.0810546875
0 0.8662109375 0.8984375 0.1767578125 0.1591796875
0 0.3115234375 0.86328125 0.0419921875 0.037109375
0 0.2509765625 0.103515625 0.0830078125 0.0732421875
0 0.5927734375 0.322265625 0.076171875 0.072265625
0 0.3173828125 0.404296875 0.0517578125 0.048828125
0 0.185546875 0.404296875 0.072265625 0.068359375
0 0.5966796875 0.5654296875 0.056640625 0.0546875
0 0.41796875 0.724609375 0.185546875 0.169921875
0 0.595703125 0.6982421875 0.146484375 0.1328125
0 0.626953125 0.623046875 0.046875 0.041015625
0 0.7890625 0.708984375 0.0546875 0.052734375
0 0.84375 0.6767578125 0.126953125 0.1142578125
0 0.7744140625 0.826171875 0.0498046875 0.044921875
0 0.875 0.2060546875 0.056640625 0.0498046875
0 0.6923828125 0.7275390625 0.130859375 0.1201171875
0 0.615234375 0.7939453125 0.056640625 0.056640625
0 0.25390625 0.2763671875 0.0390625 0.033203125
0 0.2109375 0.041015625 0.052734375 0.046875
0 0.6796875 0.7822265625 0.046875 0.0439453125
0 0.6044921875 0.4501953125 0.0283203125 0.029296875
0 0.9580078125 0.302734375 0.0654296875 0.0625
0 0.796875 0.275390625 0.0439453125 0.046875
0 0.6484375 0.5185546875 0.0283203125 0.0263671875
0 0.6220703125 0.4765625 0.0498046875 0.046875
0 0.640625 0.6591796875 0.037109375 0.0390625
0 0.943359375 0.755859375 0.0419921875 0.0390625
0 0.9638671875 0.7177734375 0.046875 0.037109375
0 0.384765625 0.015625 0.064453125 0.03125
0 0.9580078125 0.4736328125 0.083984375 0.208984375
0 0.767578125 0.4873046875 0.224609375 0.1875
0 0.490234375 0.5947265625 0.2001953125 0.185546875
0 0.9619140625 0.6220703125 0.076171875 0.107421875
0 0.791015625 0.98046875 0.0986328125 0.0390625
0 0.1005859375 0.763671875 0.150390625 0.1455078125
0 0.0615234375 0.92578125 0.123046875 0.1484375
0 0.0439453125 0.619140625 0.087890625 0.1064453125
0 0.099609375 0.595703125 0.1328125 0.123046875
0 0.2705078125 0.388671875 0.0361328125 0.033203125
0 0.560546875 0.197265625 0.140625 0.1298828125
0 0.5478515625 0.9580078125 0.158203125 0.083984375
0 0.302734375 0.9755859375 0.0595703125 0.048828125
0 0.361328125 0.8798828125 0.052734375 0.0498046875