0 0.203125 0.1005859375 0.15625 0.1435546875
0 0.123046875 0.732421875 0.1171875 0.1064453125
0 0.6025390625 0.0859375 0.142578125 0.126953125
0 0.9267578125 0.7900390625 0.0908203125 0.0830078125
0 0.771484375 0.8154296875 0.0751953125 0.0703125
0 0.4365234375 0.93359375 0.0966796875 0.0908203125
0 0.111328125 0.212890625 0.083984375 0.080078125
0 0.8798828125 0.333984375 0.107421875 0.1064453125
0 0.375 0.9814453125 0.06640625 0.037109375
0 0.599609375 0.548828125 0.173828125 0.158203125
0 0.640625 0.6005859375 0.099609375 0.0966796875
0 0.482421875 0.5283203125 0.0908203125 0.0908203125
0 0.341796875 0.1875 0.064453125 0.0595703125
0 0.40234375 0.603515625 0.1748046875 0.1640625
0 0.5322265625 0.892578125 0.0517578125 0.0498046875
0 0.8154296875 0.7431640625 0.0498046875 0.0517578125
0 0.5234375 0.388671875 0.109375 0.099609375
0 0.576171875 0.876953125 0.0654296875 0.0595703125
0 0.8974609375 0.5458984375 0.146484375 0.140625
0 0.7109375 0.513671875 0.078125 0.0673828125
0 0.9287109375 0.2216796875 0.140625 0.1455078125
0 0.748046875 0.693359375 0.115234375 0.1064453125
0 0.5029296875 0.625 0.056640625 0.0546875
0 0.9609375 0.7333984375 0.0595703125 0.0517578125
0 0.39453125 0.853515625 0.185546875 0.1611328125
0 0.9736328125 0.94140625 0.052734375 0.0517578125
0 0.275390625 0.177734375 0.0625 0.056640625
0 0.4658203125 0.7880859375 0.169921875 0.1611328125
0 0.33203125 0.4169921875 0.1953125 0.1796875
0 0.3779296875 0.3154296875 0.056640625 0.0546875
0 0.794921875 0.880859375 0.041015625 0.041015625
0 0.4267578125 0.3505859375 0.041015625 0.041015625
0 0.9423828125 0.6298828125 0.056640625 0.0576171875
0 0.486328125 0.89453125 0.03125 0.0283203125
0 0.51953125 0.2109375 0.1220703125 0.1123046875
0 0.82421875 0.2431640625 0.0673828125 0.0595703125
0 0.658203125 0.2861328125 0.125 0.109375
0 0.462890625 0.4638671875 0.0439453125 0.0390625
0 0.892578125 0.4208984375 0.046875 0.046875
0 0.5771484375 0.208984375 0.0673828125 0.068359375
0 0.1123046875 0.056640625 0.134765625 0.11328125
0 0.8701171875 0.060546875 0.255859375 0.1201171875
0 0.5625 0.35546875 0.1298828125 0.119140625
0 0.521484375 0.294921875 0.1142578125 0.1015625
0 0.9501953125 0.44921875 0.099609375 0.201171875
0 0.7646484375 0.4091796875 0.111328125 0.0986328125
0 0.8759765625 0.912109375 0.1171875 0.1064453125
0 0.244140625 0.83984375 0.095703125 0.091796875
0 0.478515625 0.712890625 0.107421875 0.099609375
0 0.8701171875 0.8603515625 0.107421875 0.09375