0 0.501953125 0.3505859375 0.103515625 0.0966796875
0 0.498046875 0.138671875 0.0966796875 0.0908203125
0 0.208984375 0.5419921875 0.1455078125 0.140625
0 0.2734375 0.7138671875 0.0908203125 0.0859375
0 0.408203125 0.455078125 0.1015625 0.095703125
0 0.6044921875 0.3857421875 0.0966796875 0.0908203125
0 0.2109375 0.419921875 0.0966796875 0.087890625
0 0.904296875 0.8544921875 0.0908203125 0.0908203125
0 0.4267578125 0.720703125 0.103515625 0.09375
0 0.109375 0.3564453125 0.1435546875 0.1376953125
0 0.9169921875 0.34765625 0.140625 0.1328125
0 0.560546875 0.24609375 0.115234375 0.1064453125
0 0.494140625 0.8125 0.119140625 0.1123046875
0 0.2197265625 0.3310546875 0.0908203125 0.083984375
0 0.8359375 0.931640625 0.109375 0.103515625
0 0.388671875 0.548828125 0.0966796875 0.0830078125
0 0.0908203125 0.552734375 0.0751953125 0.0673828125
0 0.1318359375 0.8427734375 0.154296875 0.1435546875
0 0.0654296875 0.6416015625 0.130859375 0.142578125
0 0.6015625 0.6435546875 0.0595703125 0.0546875
0 0.2626953125 0.177734375 0.1064453125 0.103515625
0 0.6845703125 0.7861328125 0.1748046875 0.1591796875
0 0.783203125 0.380859375 0.103515625 0.1064453125
0 0.7060546875 0.3154296875 0.1435546875 0.1376953125
0 0.3955078125 0.8662109375 0.1279296875 0.126953125
0 0.6943359375 0.626953125 0.1748046875 0.154296875
0 0.6591796875 0.6640625 0.056640625 0.056640625
0 0.8125 0.611328125 0.130859375 0.1201171875
0 0.7451171875 0.1455078125 0.197265625 0.177734375
0 0.2919921875 0.8212890625 0.078125 0.0703125
0 0.8828125 0.22265625 0.060546875 0.052734375
0 0.849609375 0.7509765625 0.130859375 0.1298828125
0 0.0634765625 0.2119140625 0.076171875 0.0732421875
0 0.8681640625 0.474609375 0.0888671875 0.0888671875
0 0.341796875 0.6845703125 0.046875 0.0498046875
0 0.595703125 0.1171875 0.0908203125 0.0888671875
0 0.451171875 0.525390625 0.0595703125 0.0595703125
0 0.197265625 0.048828125 0.068359375 0.0673828125
0 0.3623046875 0.076171875 0.1982421875 0.1513671875
0 0.6025390625 0.033203125 0.111328125 0.06640625
0 0.9580078125 0.2177734375 0.083984375 0.107421875
0 0.6962890625 0.513671875 0.1201171875 0.107421875
0 0.568359375 0.5078125 0.1171875 0.103515625
0 0.615234375 0.798828125 0.1455078125 0.1435546875
0 0.2490234375 0.947265625 0.158203125 0.1044921875
0 0.1923828125 0.6875 0.1611328125 0.150390625
0 0.5166015625 0.640625 0.1171875 0.0986328125
0 0.3837890625 0.166015625 0.060546875 0.046875