0 0.294921875 0.724609375 0.1640625 0.146484375
0 0.2783203125 0.576171875 0.099609375 0.087890625
0 0.0419921875 0.3994140625 0.083984375 0.0859375
0 0.3193359375 0.486328125 0.1279296875 0.119140625
0 0.7001953125 0.5419921875 0.130859375 0.1201171875
0 0.7705078125 0.3525390625 0.115234375 0.107421875
0 0.2607421875 0.1865234375 0.1171875 0.103515625
0 0.2783203125 0.14453125 0.1064453125 0.0966796875
0 0.669921875 0.7939453125 0.109375 0.0986328125
0 0.095703125 0.048828125 0.1201171875 0.0966796875
0 0.4111328125 0.6513671875 0.201171875 0.1875
0 0.486328125 0.712890625 0.078125 0.0703125
0 0.5439453125 0.6259765625 0.099609375 0.09375
0 0.8544921875 0.671875 0.1279296875 0.115234375
0 0.6455078125 0.6767578125 0.103515625 0.0966796875
0 0.69140625 0.9013671875 0.103515625 0.1015625
0 0.6728515625 0.0517578125 0.1064453125 0.091796875
0 0.44140625 0.466796875 0.126953125 0.109375
0 0.9375 0.087890625 0.119140625 0.1220703125
0 0.029296875 0.283203125 0.0576171875 0.1357421875
0 0.5126953125 0.298828125 0.138671875 0.1279296875
0 0.255859375 0.2802734375 0.0810546875 0.0830078125
0 0.576171875 0.755859375 0.091796875 0.0908203125
0 0.140625 0.7333984375 0.0751953125 0.0703125
0 0.787109375 0.130859375 0.146484375 0.1376953125
0 0.169921875 0.634765625 0.095703125 0.0859375
0 0.89453125 0.8251953125 0.076171875 0.0703125
0 0.82421875 0.87109375 0.095703125 0.0908203125
0 0.3642578125 0.2177734375 0.083984375 0.0732421875
0 0.2001953125 0.509765625 0.0810546875 0.0732421875
0 0.181640625 0.9404296875 0.107421875 0.107421875
0 0.513671875 0.556640625 0.0595703125 0.056640625
0 0.6513671875 0.3349609375 0.0595703125 0.0546875
0 0.8701171875 0.5244140625 0.0830078125 0.0732421875
0 0.189453125 0.302734375 0.103515625 0.1015625
0 0.552734375 0.171875 0.1044921875 0.0888671875
0 0.552734375 0.890625 0.103515625 0.0908203125
0 0.9580078125 0.591796875 0.078125 0.0859375
0 0.4755859375 0.9375 0.119140625 0.109375
0 0.259765625 0.8974609375 0.0732421875 0.0595703125
0 0.404296875 0.900390625 0.0654296875 0.0625
0 0.412109375 0.796875 0.0751953125 0.0732421875
0 0.412109375 0.298828125 0.123046875 0.1171875
0 0.970703125 0.5185546875 0.0576171875 0.1015625
0 0.7607421875 0.6796875 0.1171875 0.119140625
0 0.521484375 0.849609375 0.068359375 0.060546875
0 0.458984375 0.8701171875 0.0654296875 0.0595703125
0 0.3818359375 0.056640625 0.158203125 0.11328125
0 0.5380859375 0.091796875 0.134765625 0.1142578125
0 0.5810546875 0.4619140625 0.1201171875 0.1142578125
0 0.611328125 0.4072265625 0.0908203125 0.0732421875
0 0.947265625 0.2939453125 0.1044921875 0.1123046875