0 0.498046875 0.13671875 0.0517578125 0.0419921875
0 0.4111328125 0.0283203125 0.0595703125 0.048828125
0 0.1474609375 0.0654296875 0.044921875 0.037109375
0 0.216796875 0.138671875 0.03125 0.0263671875
0 0.6494140625 0.1171875 0.0703125 0.0546875
0 0.716796875 0.134765625 0.0439453125 0.0361328125
0 0.8955078125 0.232421875 0.0859375 0.0673828125
0 0.802734375 0.2216796875 0.103515625 0.0810546875
0 0.78125 0.376953125 0.0185546875 0.015625
0 0.89453125 0.396484375 0.2109375 0.1748046875
0 0.615234375 0.37109375 0.056640625 0.048828125
0 0.6044921875 0.298828125 0.1171875 0.0986328125
0 0.40625 0.275390625 0.1796875 0.146484375
0 0.1796875 0.3564453125 0.0234375 0.0185546875
0 0.3671875 0.4267578125 0.1982421875 0.1611328125
0 0.208984375 0.5283203125 0.201171875 0.1611328125
0 0.09765625 0.5390625 0.189453125 0.158203125
0 0.1416015625 0.7080078125 0.064453125 0.0517578125
0 0.2421875 0.673828125 0.0361328125 0.03125
0 0.384765625 0.62109375 0.1953125 0.162109375
0 0.5703125 0.669921875 0.2138671875 0.1533203125
0 0.669921875 0.6142578125 0.029296875 0.0234375
0 0.5224609375 0.53125 0.0390625 0.033203125
0 0.84765625 0.60546875 0.2265625 0.1845703125
0 0.6513671875 0.48828125 0.2080078125 0.1669921875
0 0.787109375 0.75390625 0.046875 0.037109375
0 0.8447265625 0.767578125 0.033203125 0.0263671875
0 0.884765625 0.798828125 0.048828125 0.041015625
0 0.7822265625 0.8671875 0.0205078125 0.0185546875
0 0.95703125 0.9853515625 0.0234375 0.0205078125
0 0.1796875 0.8544921875 0.0185546875 0.013671875
0 0.083984375 0.8896484375 0.078125 0.064453125
0 0.267578125 0.9482421875 0.052734375 0.0439453125
0 0.189453125 0.9609375 0.203125 0.078125