0 0.28125 0.048828125 0.021484375 0.015625
0 0.41015625 0.0810546875 0.052734375 0.041015625
0 0.7021484375 0.138671875 0.123046875 0.0986328125
0 0.9443359375 0.109375 0.0654296875 0.052734375
0 0.8662109375 0.2275390625 0.2158203125 0.1669921875
0 0.728515625 0.212890625 0.048828125 0.041015625
0 0.673828125 0.2275390625 0.029296875 0.025390625
0 0.650390625 0.2978515625 0.0205078125 0.015625
0 0.5859375 0.3232421875 0.048828125 0.0390625
0 0.6806640625 0.431640625 0.2626953125 0.177734375
0 0.8505859375 0.4658203125 0.0419921875 0.033203125
0 0.8447265625 0.68359375 0.064453125 0.0517578125
0 0.671875 0.728515625 0.0859375 0.0673828125
0 0.494140625 0.69140625 0.044921875 0.037109375
0 0.2255859375 0.900390625 0.0703125 0.0546875
0 0.322265625 0.783203125 0.0390625 0.03125
0 0.173828125 0.767578125 0.173828125 0.1376953125
0 0.099609375 0.6943359375 0.044921875 0.037109375
0 0.0654296875 0.5263671875 0.0673828125 0.0546875
0 0.173828125 0.541015625 0.048828125 0.0390625
0 0.361328125 0.6103515625 0.228515625 0.1796875
0 0.361328125 0.5166015625 0.0390625 0.033203125
0 0.46484375 0.935546875 0.0283203125 0.0234375
0 0.5517578125 0.9169921875 0.046875 0.037109375
0 0.626953125 0.958984375 0.0419921875 0.0341796875
0 0.728515625 0.892578125 0.029296875 0.025390625