0 0.3017578125 0.4970703125 0.046875 0.041015625
0 0.2421875 0.548828125 0.111328125 0.0986328125
0 0.6201171875 0.1494140625 0.1220703125 0.111328125
0 0.083984375 0.47265625 0.0546875 0.0498046875
0 0.806640625 0.580078125 0.087890625 0.080078125
0 0.7216796875 0.6591796875 0.1123046875 0.1015625
0 0.216796875 0.849609375 0.115234375 0.107421875
0 0.642578125 0.8857421875 0.0517578125 0.046875
0 0.6845703125 0.4365234375 0.140625 0.125
0 0.841796875 0.5283203125 0.052734375 0.0498046875
0 0.3935546875 0.4033203125 0.1376953125 0.1298828125
0 0.4365234375 0.2373046875 0.150390625 0.1376953125
0 0.021484375 0.470703125 0.0419921875 0.0419921875
0 0.078125 0.666015625 0.087890625 0.0830078125
0 0.837890625 0.115234375 0.072265625 0.0625
0 0.068359375 0.3876953125 0.13671875 0.130859375
0 0.287109375 0.40625 0.0546875 0.046875
0 0.943359375 0.87890625 0.068359375 0.056640625
0 0.4423828125 0.755859375 0.0595703125 0.0498046875
0 0.544921875 0.607421875 0.0595703125 0.056640625
0 0.8916015625 0.62890625 0.072265625 0.0654296875
0 0.4296875 0.7939453125 0.0546875 0.0498046875
0 0.931640625 0.716796875 0.056640625 0.0517578125
0 0.7958984375 0.7666015625 0.0361328125 0.0361328125
0 0.544921875 0.8525390625 0.044921875 0.044921875
0 0.9697265625 0.32421875 0.060546875 0.06640625
0 0.3017578125 0.30078125 0.109375 0.099609375
0 0.6005859375 0.361328125 0.033203125 0.033203125
0 0.283203125 0.783203125 0.0341796875 0.0341796875
0 0.419921875 0.947265625 0.046875 0.0419921875
0 0.5966796875 0.55859375 0.0625 0.0595703125
0 0.1630859375 0.6064453125 0.033203125 0.03125
0 0.8662109375 0.396484375 0.0390625 0.037109375
0 0.685546875 0.3251953125 0.033203125 0.03125
0 0.8876953125 0.974609375 0.03125 0.033203125
0 0.341796875 0.208984375 0.0283203125 0.0263671875
0 0.326171875 0.6591796875 0.0283203125 0.0263671875
0 0.953125 0.560546875 0.037109375 0.0390625
0 0.4052734375 0.826171875 0.03125 0.033203125
0 0.474609375 0.8359375 0.03125 0.029296875
0 0.0947265625 0.1962890625 0.0625 0.052734375
0 0.0771484375 0.162109375 0.0576171875 0.0517578125
0 0.3896484375 0.099609375 0.109375 0.0986328125
0 0.3486328125 0.0634765625 0.0625 0.060546875
0 0.501953125 0.896484375 0.033203125 0.0283203125
0 0.7373046875 0.1279296875 0.037109375 0.0341796875
0 0.490234375 0.16796875 0.103515625 0.095703125
0 0.6767578125 0.033203125 0.0625 0.0625
0 0.13671875 0.3974609375 0.056640625 0.0517578125
0 0.9892578125 0.5947265625 0.021484375 0.048828125
0 0.015625 0.80859375 0.03125 0.072265625
0 0.19921875 0.908203125 0.0283203125 0.0234375
0 0.306640625 0.787109375 0.029296875 0.029296875
0 0.3427734375 0.767578125 0.0234375 0.0205078125
0 0.736328125 0.9775390625 0.0546875 0.044921875
0 0.7705078125 0.9599609375 0.0283203125 0.025390625
0 0.9501953125 0.6318359375 0.029296875 0.0234375
0 0.6103515625 0.818359375 0.0341796875 0.0283203125