0 0.4892578125 0.5869140625 0.166015625 0.1533203125
0 0.5888671875 0.3359375 0.1591796875 0.1435546875
0 0.201171875 0.916015625 0.0908203125 0.0859375
0 0.0703125 0.236328125 0.0966796875 0.0859375
0 0.7529296875 0.865234375 0.1201171875 0.111328125
0 0.798828125 0.552734375 0.0654296875 0.0625
0 0.068359375 0.0830078125 0.13671875 0.142578125
0 0.8154296875 0.392578125 0.0751953125 0.0732421875
0 0.431640625 0.9599609375 0.162109375 0.080078125
0 0.3955078125 0.68359375 0.134765625 0.1171875
0 0.5576171875 0.5 0.0595703125 0.0625
0 0.17578125 0.3525390625 0.0595703125 0.052734375
0 0.51953125 0.0595703125 0.044921875 0.0419921875
0 0.2275390625 0.3974609375 0.0498046875 0.044921875
0 0.8759765625 0.056640625 0.0390625 0.037109375
0 0.6279296875 0.83984375 0.0498046875 0.0439453125
0 0.4912109375 0.8203125 0.048828125 0.0439453125
0 0.861328125 0.2294921875 0.1328125 0.130859375
0 0.126953125 0.798828125 0.041015625 0.0390625
0 0.498046875 0.216796875 0.0576171875 0.0595703125
0 0.16015625 0.283203125 0.044921875 0.044921875
0 0.1923828125 0.6494140625 0.083984375 0.078125
0 0.6728515625 0.658203125 0.0966796875 0.09375
0 0.3935546875 0.568359375 0.052734375 0.052734375
0 0.30078125 0.2998046875 0.236328125 0.193359375
0 0.46875 0.744140625 0.03125 0.029296875
0 0.6962890625 0.361328125 0.0361328125 0.03125
0 0.2861328125 0.93359375 0.0390625 0.0341796875
0 0.6513671875 0.80078125 0.046875 0.0419921875
0 0.240234375 0.6298828125 0.037109375 0.0341796875
0 0.044921875 0.8154296875 0.0390625 0.0361328125
0 0.0380859375 0.318359375 0.0390625 0.037109375
0 0.134765625 0.5166015625 0.1328125 0.123046875
0 0.654296875 0.560546875 0.1845703125 0.166015625
0 0.6904296875 0.4736328125 0.03125 0.033203125
0 0.884765625 0.1455078125 0.025390625 0.0263671875
0 0.3310546875 0.0595703125 0.03125 0.029296875
0 0.7998046875 0.115234375 0.1435546875 0.1328125
0 0.1650390625 0.107421875 0.138671875 0.1376953125
0 0.3408203125 0.2080078125 0.2529296875 0.205078125
0 0.697265625 0.173828125 0.224609375 0.1982421875
0 0.978515625 0.5263671875 0.0419921875 0.048828125
0 0.0966796875 0.455078125 0.0673828125 0.060546875
0 0.0517578125 0.681640625 0.103515625 0.185546875
0 0.548828125 0.7626953125 0.1328125 0.1220703125
0 0.9169921875 0.98828125 0.0625 0.0234375
0 0.9716796875 0.9423828125 0.056640625 0.0810546875
0 0.875 0.884765625 0.1767578125 0.15625
0 0.2978515625 0.9111328125 0.025390625 0.0263671875
0 0.2734375 0.81640625 0.046875 0.0419921875
0 0.0634765625 0.5576171875 0.126953125 0.154296875
0 0.17578125 0.259765625 0.0263671875 0.0234375
0 0.9443359375 0.10546875 0.111328125 0.2109375
0 0.720703125 0.720703125 0.041015625 0.0341796875
0 0.7275390625 0.671875 0.0361328125 0.03125
0 0.5927734375 0.677734375 0.03125 0.0283203125
0 0.5048828125 0.9208984375 0.0234375 0.0185546875