0 0.4033203125 0.072265625 0.015625 0.0126953125
0 0.4677734375 0.06640625 0.052734375 0.0419921875
0 0.556640625 0.1416015625 0.2138671875 0.173828125
0 0.728515625 0.21484375 0.140625 0.1142578125
0 0.80078125 0.255859375 0.017578125 0.013671875
0 0.826171875 0.2158203125 0.064453125 0.056640625
0 0.392578125 0.1533203125 0.1640625 0.134765625
0 0.361328125 0.2744140625 0.240234375 0.181640625
0 0.2080078125 0.236328125 0.21875 0.173828125
0 0.078125 0.171875 0.15625 0.1533203125
0 0.177734375 0.40625 0.0341796875 0.029296875
0 0.3359375 0.400390625 0.255859375 0.193359375
0 0.603515625 0.412109375 0.0439453125 0.037109375
0 0.7392578125 0.603515625 0.1923828125 0.1669921875
0 0.880859375 0.6044921875 0.2294921875 0.177734375
0 0.314453125 0.580078125 0.044921875 0.037109375
0 0.140625 0.724609375 0.0390625 0.03125
0 0.3115234375 0.71875 0.134765625 0.107421875
0 0.349609375 0.787109375 0.1484375 0.1171875
0 0.349609375 0.8359375 0.041015625 0.0361328125
0 0.201171875 0.9638671875 0.041015625 0.033203125
0 0.779296875 0.955078125 0.0185546875 0.015625
0 0.7099609375 0.9501953125 0.0859375 0.0703125
0 0.712890625 0.859375 0.041015625 0.033203125
0 0.8369140625 0.787109375 0.158203125 0.134765625
0 0.6806640625 0.693359375 0.0595703125 0.0498046875
0 0.076171875 0.50390625 0.0185546875 0.015625
0 0.7998046875 0.716796875 0.0703125 0.0546875