0 0.87890625 0.6181640625 0.220703125 0.1923828125
0 0.626953125 0.2724609375 0.2158203125 0.193359375
0 0.318359375 0.3154296875 0.123046875 0.115234375
0 0.431640625 0.388671875 0.208984375 0.1826171875
0 0.470703125 0.572265625 0.0732421875 0.068359375
0 0.673828125 0.724609375 0.0517578125 0.048828125
0 0.8759765625 0.84375 0.0986328125 0.095703125
0 0.744140625 0.6298828125 0.052734375 0.0517578125
0 0.4248046875 0.666015625 0.091796875 0.0888671875
0 0.892578125 0.0869140625 0.203125 0.173828125
0 0.890625 0.3466796875 0.201171875 0.185546875
0 0.837890625 0.41796875 0.052734375 0.0498046875
0 0.748046875 0.3056640625 0.056640625 0.0546875
0 0.0849609375 0.154296875 0.080078125 0.0751953125
0 0.083984375 0.8076171875 0.16796875 0.185546875
0 0.1064453125 0.525390625 0.0908203125 0.0859375
0 0.50390625 0.0419921875 0.056640625 0.052734375
0 0.5439453125 0.556640625 0.064453125 0.0595703125
0 0.775390625 0.2451171875 0.037109375 0.0341796875
0 0.4423828125 0.962890625 0.046875 0.0439453125
0 0.57421875 0.755859375 0.056640625 0.0517578125
0 0.7421875 0.9130859375 0.115234375 0.109375
0 0.5830078125 0.6826171875 0.0654296875 0.064453125
0 0.505859375 0.28515625 0.046875 0.046875
0 0.908203125 0.296875 0.0830078125 0.0810546875
0 0.3232421875 0.548828125 0.046875 0.0439453125
0 0.9716796875 0.392578125 0.0498046875 0.046875
0 0.84375 0.287109375 0.060546875 0.056640625
0 0.841796875 0.6630859375 0.0341796875 0.0361328125
0 0.513671875 0.638671875 0.0595703125 0.0654296875
0 0.224609375 0.0205078125 0.0498046875 0.041015625
0 0.576171875 0.109375 0.072265625 0.0703125
0 0.599609375 0.0966796875 0.0595703125 0.0576171875
0 0.7275390625 0.482421875 0.126953125 0.119140625
0 0.4794921875 0.673828125 0.0283203125 0.029296875
0 0.52734375 0.0830078125 0.048828125 0.044921875
0 0.9814453125 0.822265625 0.037109375 0.0439453125
0 0.974609375 0.978515625 0.0498046875 0.0419921875
0 0.130859375 0.044921875 0.060546875 0.0595703125
0 0.2890625 0.482421875 0.048828125 0.0439453125
0 0.833984375 0.3486328125 0.037109375 0.0341796875
0 0.2939453125 0.94140625 0.197265625 0.1171875
0 0.25 0.875 0.03125 0.0263671875
0 0.62109375 0.666015625 0.0361328125 0.041015625
0 0.873046875 0.873046875 0.052734375 0.0498046875
0 0.193359375 0.2109375 0.0439453125 0.0419921875
0 0.4873046875 0.525390625 0.03125 0.029296875
0 0.8486328125 0.2255859375 0.037109375 0.0341796875
0 0.974609375 0.9013671875 0.0439453125 0.0390625
0 0.7919921875 0.732421875 0.0283203125 0.0263671875
0 0.802734375 0.939453125 0.0810546875 0.0830078125
0 0.30078125 0.1640625 0.1455078125 0.1357421875
0 0.345703125 0.078125 0.220703125 0.15625
0 0.501953125 0.01171875 0.0732421875 0.0234375
0 0.98046875 0.3232421875 0.0390625 0.115234375
0 0.6953125 0.201171875 0.044921875 0.041015625
0 0.576171875 0.9248046875 0.21875 0.150390625
0 0.3662109375 0.8388671875 0.228515625 0.1953125
0 0.638671875 0.708984375 0.025390625 0.0263671875
0 0.0625 0.4765625 0.0595703125 0.060546875