0 0.736328125 0.314453125 0.0966796875 0.087890625
0 0.6142578125 0.474609375 0.103515625 0.099609375
0 0.6845703125 0.546875 0.15625 0.1435546875
0 0.7060546875 0.74609375 0.099609375 0.109375
0 0.4951171875 0.5029296875 0.134765625 0.125
0 0.314453125 0.3759765625 0.1015625 0.0888671875
0 0.802734375 0.6015625 0.0810546875 0.076171875
0 0.2939453125 0.7744140625 0.099609375 0.0888671875
0 0.5107421875 0.6845703125 0.0908203125 0.0908203125
0 0.4736328125 0.89453125 0.078125 0.076171875
0 0.1767578125 0.5400390625 0.115234375 0.1064453125
0 0.970703125 0.4931640625 0.052734375 0.0595703125
0 0.4375 0.6240234375 0.09375 0.095703125
0 0.888671875 0.740234375 0.134765625 0.125
0 0.470703125 0.8076171875 0.064453125 0.0625
0 0.064453125 0.4111328125 0.1220703125 0.1298828125
0 0.771484375 0.4541015625 0.119140625 0.103515625
0 0.861328125 0.1484375 0.171875 0.1611328125
0 0.310546875 0.9150390625 0.1220703125 0.1123046875
0 0.595703125 0.8359375 0.1435546875 0.125
0 0.583984375 0.755859375 0.0625 0.056640625
0 0.5751953125 0.1259765625 0.099609375 0.09375
0 0.9345703125 0.5966796875 0.0439453125 0.0439453125
0 0.0751953125 0.767578125 0.119140625 0.109375
0 0.9482421875 0.6171875 0.0966796875 0.0859375
0 0.119140625 0.2255859375 0.146484375 0.1298828125
0 0.654296875 0.2236328125 0.1591796875 0.1455078125
0 0.287109375 0.2294921875 0.1484375 0.126953125
0 0.8427734375 0.3505859375 0.140625 0.126953125
0 0.919921875 0.3974609375 0.099609375 0.095703125
0 0.3623046875 0.55859375 0.130859375 0.123046875
0 0.2861328125 0.6142578125 0.1513671875 0.1376953125
0 0.802734375 0.7958984375 0.0966796875 0.0908203125
0 0.8349609375 0.8408203125 0.078125 0.0673828125
0 0.5576171875 0.9658203125 0.1123046875 0.068359375
0 0.1416015625 0.716796875 0.1376953125 0.1220703125
0 0.1240234375 0.611328125 0.1064453125 0.0908203125
0 0.19921875 0.38671875 0.1435546875 0.1279296875
0 0.591796875 0.353515625 0.1611328125 0.142578125
0 0.4375 0.2373046875 0.1201171875 0.109375