0 0.126953125 0.107421875 0.203125 0.181640625
0 0.3603515625 0.9384765625 0.1455078125 0.1171875
0 0.5 0.880859375 0.1142578125 0.1044921875
0 0.1630859375 0.400390625 0.078125 0.0751953125
0 0.1142578125 0.71875 0.0625 0.0546875
0 0.54296875 0.6845703125 0.138671875 0.1298828125
0 0.3681640625 0.103515625 0.2578125 0.2060546875
0 0.9375 0.251953125 0.0830078125 0.0751953125
0 0.935546875 0.43359375 0.0966796875 0.0888671875
0 0.8603515625 0.4580078125 0.0654296875 0.0595703125
0 0.373046875 0.4658203125 0.0517578125 0.0439453125
0 0.4521484375 0.333984375 0.1689453125 0.1484375
0 0.4970703125 0.255859375 0.068359375 0.0625
0 0.505859375 0.20703125 0.0439453125 0.0390625
0 0.650390625 0.1708984375 0.1953125 0.185546875
0 0.724609375 0.2265625 0.0751953125 0.076171875
0 0.2373046875 0.783203125 0.0625 0.056640625
0 0.447265625 0.228515625 0.033203125 0.029296875
0 0.376953125 0.541015625 0.041015625 0.041015625
0 0.865234375 0.34375 0.0810546875 0.080078125
0 0.322265625 0.818359375 0.03125 0.0283203125
0 0.546875 0.4794921875 0.03125 0.029296875
0 0.646484375 0.56640625 0.1953125 0.181640625
0 0.28515625 0.3671875 0.087890625 0.0751953125
0 0.900390625 0.095703125 0.1982421875 0.171875
0 0.0390625 0.3740234375 0.078125 0.134765625
0 0.0693359375 0.3759765625 0.0439453125 0.0419921875
0 0.1630859375 0.2373046875 0.076171875 0.0703125
0 0.138671875 0.5498046875 0.140625 0.1279296875
0 0.0986328125 0.8955078125 0.197265625 0.208984375
0 0.564453125 0.9423828125 0.1845703125 0.115234375
0 0.7158203125 0.85546875 0.205078125 0.189453125
0 0.287109375 0.7802734375 0.0283203125 0.025390625
0 0.177734375 0.7470703125 0.0263671875 0.0234375
0 0.7724609375 0.6181640625 0.1953125 0.171875
0 0.564453125 0.4150390625 0.0625 0.0576171875
0 0.9697265625 0.32421875 0.060546875 0.09375
0 0.6650390625 0.0380859375 0.1640625 0.076171875