0 0.8173828125 0.1181640625 0.2138671875 0.171875
0 0.662109375 0.123046875 0.123046875 0.095703125
0 0.509765625 0.126953125 0.017578125 0.0126953125
0 0.396484375 0.126953125 0.052734375 0.037109375
0 0.3046875 0.197265625 0.037109375 0.03125
0 0.318359375 0.16015625 0.0234375 0.017578125
0 0.0146484375 0.166015625 0.0263671875 0.0234375
0 0.2109375 0.31640625 0.0126953125 0.009765625
0 0.685546875 0.4677734375 0.0517578125 0.0419921875
0 0.603515625 0.484375 0.0341796875 0.0283203125
0 0.3681640625 0.49609375 0.2236328125 0.1748046875
0 0.263671875 0.4453125 0.015625 0.013671875
0 0.107421875 0.5751953125 0.0703125 0.0576171875
0 0.21484375 0.638671875 0.046875 0.037109375
0 0.1240234375 0.4970703125 0.037109375 0.03125
0 0.6240234375 0.6650390625 0.140625 0.115234375
0 0.4599609375 0.779296875 0.046875 0.0341796875
0 0.416015625 0.8291015625 0.1328125 0.107421875
0 0.3193359375 0.8818359375 0.0390625 0.03125
0 0.6796875 0.7890625 0.015625 0.0126953125
0 0.7021484375 0.8486328125 0.0859375 0.068359375
0 0.384765625 0.9345703125 0.0595703125 0.0517578125
0 0.130859375 0.791015625 0.0517578125 0.0419921875
0 0.212890625 0.74609375 0.173828125 0.1357421875
0 0.1708984375 0.5830078125 0.0830078125 0.0576171875
0 0.4892578125 0.9326171875 0.2294921875 0.134765625