0 0.4931640625 0.7275390625 0.166015625 0.1533203125
0 0.439453125 0.638671875 0.072265625 0.0654296875
0 0.6171875 0.3701171875 0.134765625 0.1279296875
0 0.923828125 0.19921875 0.099609375 0.091796875
0 0.759765625 0.6201171875 0.0517578125 0.0498046875
0 0.373046875 0.498046875 0.0908203125 0.0908203125
0 0.130859375 0.623046875 0.0595703125 0.0595703125
0 0.3056640625 0.775390625 0.123046875 0.119140625
0 0.888671875 0.4033203125 0.080078125 0.078125
0 0.7568359375 0.798828125 0.0751953125 0.068359375
0 0.947265625 0.046875 0.099609375 0.0888671875
0 0.3779296875 0.2861328125 0.0625 0.0546875
0 0.845703125 0.6259765625 0.3076171875 0.263671875
0 0.34375 0.638671875 0.0810546875 0.078125
0 0.9033203125 0.890625 0.1220703125 0.1123046875
0 0.541015625 0.9033203125 0.3232421875 0.193359375
0 0.041015625 0.521484375 0.0810546875 0.0888671875
0 0.267578125 0.595703125 0.103515625 0.091796875
0 0.56640625 0.603515625 0.072265625 0.068359375
0 0.392578125 0.583984375 0.056640625 0.052734375
0 0.9443359375 0.3671875 0.0517578125 0.0498046875
0 0.8671875 0.271484375 0.0576171875 0.0576171875
0 0.3369140625 0.4287109375 0.072265625 0.0654296875
0 0.4990234375 0.12109375 0.078125 0.072265625
0 0.3486328125 0.3310546875 0.0546875 0.0517578125
0 0.654296875 0.810546875 0.0595703125 0.0576171875
0 0.2197265625 0.4169921875 0.140625 0.134765625
0 0.201171875 0.671875 0.048828125 0.046875
0 0.18359375 0.25 0.119140625 0.1123046875
0 0.892578125 0.3203125 0.048828125 0.0439453125
0 0.611328125 0.166015625 0.154296875 0.1357421875
0 0.564453125 0.115234375 0.0361328125 0.0341796875
0 0.599609375 0.53515625 0.0625 0.0625
0 0.478515625 0.533203125 0.130859375 0.1279296875
0 0.72265625 0.130859375 0.0908203125 0.0830078125
0 0.75 0.095703125 0.0498046875 0.0439453125
0 0.564453125 0.0556640625 0.1611328125 0.111328125
0 0.0888671875 0.431640625 0.0986328125 0.09375
0 0.7890625 0.248046875 0.1123046875 0.1064453125
0 0.529296875 0.4609375 0.0185546875 0.0205078125
0 0.576171875 0.4794921875 0.0498046875 0.041015625
0 0.5810546875 0.451171875 0.0576171875 0.0498046875
0 0.6123046875 0.455078125 0.0498046875 0.048828125
0 0.0888671875 0.056640625 0.0341796875 0.03125
0 0.509765625 0.3564453125 0.099609375 0.091796875
0 0.0419921875 0.3701171875 0.083984375 0.138671875
0 0.1201171875 0.3115234375 0.111328125 0.109375