0 0.0673828125 0.07421875 0.017578125 0.015625
0 0.2705078125 0.0712890625 0.0439453125 0.0341796875
0 0.482421875 0.0556640625 0.1845703125 0.111328125
0 0.4521484375 0.134765625 0.1875 0.1484375
0 0.1484375 0.220703125 0.181640625 0.1640625
0 0.2607421875 0.224609375 0.1953125 0.1611328125
0 0.470703125 0.259765625 0.021484375 0.017578125
0 0.642578125 0.224609375 0.2060546875 0.1669921875
0 0.8232421875 0.107421875 0.1064453125 0.0859375
0 0.9296875 0.1669921875 0.140625 0.169921875
0 0.8828125 0.248046875 0.0361328125 0.029296875
0 0.7890625 0.3681640625 0.2236328125 0.177734375
0 0.6025390625 0.3984375 0.2080078125 0.1669921875
0 0.900390625 0.5283203125 0.0888671875 0.072265625
0 0.8427734375 0.6240234375 0.0546875 0.0390625
0 0.7021484375 0.615234375 0.0263671875 0.0234375
0 0.791015625 0.6376953125 0.0419921875 0.0341796875
0 0.759765625 0.689453125 0.048828125 0.0341796875
0 0.57421875 0.56640625 0.0419921875 0.033203125
0 0.603515625 0.908203125 0.1484375 0.1220703125
0 0.1572265625 0.9345703125 0.205078125 0.130859375
0 0.138671875 0.8916015625 0.0751953125 0.0625
0 0.294921875 0.697265625 0.2080078125 0.166015625
0 0.2021484375 0.4052734375 0.0263671875 0.0205078125
0 0.4091796875 0.3828125 0.2080078125 0.1669921875