0 0.822265625 0.8359375 0.087890625 0.0830078125
0 0.0966796875 0.375 0.193359375 0.181640625
0 0.7802734375 0.3701171875 0.150390625 0.1435546875
0 0.638671875 0.7138671875 0.171875 0.1611328125
0 0.376953125 0.43359375 0.1376953125 0.130859375
0 0.912109375 0.0400390625 0.119140625 0.078125
0 0.4736328125 0.7890625 0.171875 0.1591796875
0 0.4462890625 0.220703125 0.080078125 0.072265625
0 0.0712890625 0.5791015625 0.107421875 0.0966796875
0 0.4541015625 0.9443359375 0.087890625 0.0830078125
0 0.1259765625 0.6611328125 0.091796875 0.083984375
0 0.06640625 0.8857421875 0.1142578125 0.0986328125
0 0.384765625 0.275390625 0.0625 0.0595703125
0 0.80078125 0.9384765625 0.138671875 0.123046875
0 0.2939453125 0.3095703125 0.125 0.109375
0 0.248046875 0.2236328125 0.111328125 0.1015625
0 0.533203125 0.2744140625 0.0908203125 0.0859375
0 0.830078125 0.59375 0.0908203125 0.0859375
0 0.7314453125 0.380859375 0.09375 0.0888671875
0 0.224609375 0.568359375 0.1298828125 0.109375
0 0.078125 0.439453125 0.1015625 0.095703125
0 0.8017578125 0.4716796875 0.072265625 0.0654296875
0 0.7939453125 0.759765625 0.099609375 0.0888671875
0 0.701171875 0.25390625 0.078125 0.068359375
0 0.474609375 0.072265625 0.1015625 0.09375
0 0.904296875 0.767578125 0.09375 0.087890625
0 0.83203125 0.595703125 0.0966796875 0.0908203125
0 0.353515625 0.7451171875 0.0810546875 0.076171875
0 0.494140625 0.173828125 0.064453125 0.056640625
0 0.7470703125 0.185546875 0.056640625 0.056640625
0 0.27734375 0.490234375 0.078125 0.0732421875
0 0.375 0.5673828125 0.095703125 0.0908203125
0 0.755859375 0.6357421875 0.0576171875 0.0546875
0 0.384765625 0.4462890625 0.0751953125 0.0703125
0 0.3388671875 0.0791015625 0.2109375 0.158203125
0 0.4921875 0.416015625 0.1328125 0.119140625
0 0.896484375 0.5703125 0.052734375 0.046875
0 0.4873046875 0.6494140625 0.083984375 0.072265625
0 0.470703125 0.5654296875 0.0908203125 0.09375
0 0.0078125 0.6640625 0.015625 0.072265625
0 0.13671875 0.8095703125 0.1455078125 0.1484375
0 0.2919921875 0.955078125 0.0654296875 0.0625
0 0.2236328125 0.6640625 0.0595703125 0.056640625
0 0.1484375 0.17578125 0.0966796875 0.099609375
0 0.6240234375 0.4716796875 0.1826171875 0.1640625
0 0.6513671875 0.509765625 0.1279296875 0.1171875
0 0.5927734375 0.326171875 0.068359375 0.060546875
0 0.638671875 0.1640625 0.072265625 0.0654296875
0 0.240234375 0.4443359375 0.080078125 0.072265625
0 0.0341796875 0.2314453125 0.068359375 0.0966796875
0 0.060546875 0.1943359375 0.095703125 0.087890625
0 0.09375 0.150390625 0.111328125 0.1064453125
0 0.548828125 0.33984375 0.0576171875 0.0517578125
0 0.677734375 0.1884765625 0.0830078125 0.0751953125
0 0.544921875 0.04296875 0.158203125 0.0859375
0 0.580078125 0.0869140625 0.1201171875 0.109375
0 0.7314453125 0.0927734375 0.125 0.109375
0 0.5234375 0.13671875 0.078125 0.068359375
0 0.8359375 0.2509765625 0.138671875 0.126953125
0 0.919921875 0.279296875 0.1357421875 0.123046875
0 0.9853515625 0.1748046875 0.029296875 0.068359375
0 0.7021484375 0.59375 0.1123046875 0.0966796875
0 0.6767578125 0.607421875 0.0546875 0.0576171875
0 0.9609375 0.798828125 0.078125 0.1171875
0 0.51953125 0.8798828125 0.078125 0.064453125
0 0.3984375 0.873046875 0.107421875 0.0966796875
0 0.0263671875 0.9482421875 0.052734375 0.103515625
0 0.27734375 0.609375 0.1220703125 0.1123046875
0 0.87890625 0.482421875 0.056640625 0.052734375
0 0.2060546875 0.8115234375 0.076171875 0.0673828125