0 0.8466796875 0.119140625 0.130859375 0.1201171875
0 0.578125 0.232421875 0.2060546875 0.1845703125
0 0.6015625 0.9365234375 0.1220703125 0.109375
0 0.4296875 0.7333984375 0.123046875 0.1142578125
0 0.42578125 0.447265625 0.1689453125 0.1533203125
0 0.38671875 0.576171875 0.0830078125 0.078125
0 0.6767578125 0.8662109375 0.109375 0.109375
0 0.259765625 0.798828125 0.1328125 0.126953125
0 0.697265625 0.1220703125 0.125 0.1142578125
0 0.083984375 0.9423828125 0.1298828125 0.115234375
0 0.3779296875 0.8115234375 0.119140625 0.1142578125
0 0.4560546875 0.107421875 0.072265625 0.0703125
0 0.3603515625 0.150390625 0.064453125 0.060546875
0 0.4453125 0.8818359375 0.076171875 0.0703125
0 0.779296875 0.0517578125 0.078125 0.078125
0 0.1328125 0.4931640625 0.1435546875 0.1328125
0 0.849609375 0.353515625 0.2294921875 0.201171875
0 0.880859375 0.75 0.099609375 0.09375
0 0.5712890625 0.435546875 0.09375 0.0859375
0 0.3115234375 0.2158203125 0.09375 0.0810546875
0 0.1962890625 0.400390625 0.0654296875 0.060546875
0 0.8984375 0.423828125 0.078125 0.0732421875
0 0.806640625 0.4013671875 0.068359375 0.0654296875
0 0.765625 0.673828125 0.15625 0.146484375
0 0.3955078125 0.33984375 0.1748046875 0.15625
0 0.4228515625 0.3037109375 0.0830078125 0.076171875
0 0.185546875 0.5791015625 0.0966796875 0.0859375
0 0.728515625 0.220703125 0.0751953125 0.0732421875
0 0.580078125 0.7333984375 0.0595703125 0.0546875
0 0.2138671875 0.328125 0.083984375 0.0732421875
0 0.58984375 0.7802734375 0.0673828125 0.0625
0 0.1591796875 0.794921875 0.052734375 0.0517578125
0 0.9345703125 0.619140625 0.125 0.1298828125
0 0.291015625 0.9482421875 0.1845703125 0.103515625
0 0.361328125 0.255859375 0.0625 0.056640625
0 0.072265625 0.689453125 0.0546875 0.0517578125
0 0.69140625 0.6005859375 0.1201171875 0.1064453125
0 0.7060546875 0.6015625 0.056640625 0.052734375
0 0.1015625 0.783203125 0.0908203125 0.0859375
0 0.66015625 0.5517578125 0.0859375 0.0751953125
0 0.263671875 0.5322265625 0.052734375 0.0498046875
0 0.275390625 0.5966796875 0.056640625 0.0673828125
0 0.9521484375 0.25390625 0.068359375 0.0654296875
0 0.498046875 0.6650390625 0.052734375 0.0498046875
0 0.900390625 0.869140625 0.1455078125 0.130859375
0 0.884765625 0.6123046875 0.099609375 0.0966796875
0 0.2294921875 0.046875 0.240234375 0.09375
0 0.453125 0.0390625 0.1513671875 0.078125
0 0.5625 0.130859375 0.0595703125 0.0439453125
0 0.9609375 0.0712890625 0.078125 0.1142578125
0 0.9072265625 0.263671875 0.0810546875 0.0751953125
0 0.94921875 0.4443359375 0.1015625 0.095703125
0 0.974609375 0.5244140625 0.0498046875 0.0888671875
0 0.751953125 0.4375 0.134765625 0.119140625
0 0.9609375 0.8896484375 0.078125 0.173828125
0 0.818359375 0.9306640625 0.1611328125 0.138671875
0 0.212890625 0.720703125 0.119140625 0.109375
0 0.03515625 0.5322265625 0.0703125 0.154296875
0 0.3583984375 0.0849609375 0.046875 0.041015625
0 0.884765625 0.1943359375 0.1201171875 0.1044921875