0 0.123046875 0.064453125 0.029296875 0.0263671875
0 0.3212890625 0.0517578125 0.0576171875 0.048828125
0 0.470703125 0.1435546875 0.017578125 0.015625
0 0.482421875 0.1123046875 0.048828125 0.0390625
0 0.5927734375 0.193359375 0.2578125 0.201171875
0 0.5859375 0.3466796875 0.1171875 0.087890625
0 0.716796875 0.4052734375 0.041015625 0.0341796875
0 0.7998046875 0.2763671875 0.1015625 0.0810546875
0 0.904296875 0.30859375 0.1904296875 0.15625
0 0.80078125 0.572265625 0.21875 0.1748046875
0 0.599609375 0.55859375 0.0263671875 0.021484375
0 0.673828125 0.533203125 0.0390625 0.03125
0 0.755859375 0.7392578125 0.0205078125 0.015625
0 0.65234375 0.69921875 0.205078125 0.166015625
0 0.908203125 0.7578125 0.1826171875 0.1767578125
0 0.935546875 0.86328125 0.021484375 0.0205078125
0 0.779296875 0.966796875 0.017578125 0.013671875
0 0.564453125 0.8701171875 0.208984375 0.1640625
0 0.232421875 0.849609375 0.0546875 0.0419921875
0 0.095703125 0.888671875 0.0185546875 0.013671875
0 0.16796875 0.9365234375 0.0830078125 0.0673828125
0 0.046875 0.8369140625 0.0751953125 0.060546875
0 0.095703125 0.7607421875 0.19140625 0.162109375
0 0.2626953125 0.662109375 0.197265625 0.15625
0 0.349609375 0.796875 0.208984375 0.158203125
0 0.021484375 0.6474609375 0.04296875 0.052734375
0 0.23046875 0.5703125 0.037109375 0.03125
0 0.1337890625 0.271484375 0.021484375 0.0205078125
0 0.25 0.349609375 0.0234375 0.0205078125