0 0.83203125 0.3251953125 0.087890625 0.076171875
0 0.84765625 0.3017578125 0.078125 0.076171875
0 0.4462890625 0.71484375 0.125 0.115234375
0 0.3525390625 0.4609375 0.123046875 0.1123046875
0 0.1787109375 0.5361328125 0.166015625 0.150390625
0 0.7919921875 0.787109375 0.166015625 0.1435546875
0 0.25390625 0.830078125 0.126953125 0.119140625
0 0.416015625 0.0849609375 0.0986328125 0.0908203125
0 0.4658203125 0.435546875 0.0576171875 0.0546875
0 0.2578125 0.1728515625 0.1220703125 0.111328125
0 0.1435546875 0.1904296875 0.1064453125 0.099609375
0 0.71875 0.396484375 0.0810546875 0.076171875
0 0.220703125 0.74609375 0.072265625 0.0625
0 0.61328125 0.0732421875 0.181640625 0.146484375
0 0.5771484375 0.3564453125 0.0859375 0.078125
0 0.431640625 0.203125 0.1689453125 0.1533203125
0 0.6279296875 0.7109375 0.087890625 0.0859375
0 0.5859375 0.900390625 0.107421875 0.099609375
0 0.501953125 0.6318359375 0.0498046875 0.046875
0 0.5732421875 0.6416015625 0.107421875 0.0966796875
0 0.685546875 0.6572265625 0.0908203125 0.0888671875
0 0.6767578125 0.576171875 0.046875 0.0439453125
0 0.283203125 0.724609375 0.052734375 0.0439453125
0 0.798828125 0.666015625 0.130859375 0.1142578125
0 0.064453125 0.314453125 0.1279296875 0.134765625
0 0.8466796875 0.4697265625 0.091796875 0.0859375
0 0.279296875 0.287109375 0.0673828125 0.0595703125
0 0.150390625 0.392578125 0.0654296875 0.060546875
0 0.689453125 0.1611328125 0.0908203125 0.0888671875
0 0.4384765625 0.75390625 0.0576171875 0.0546875
0 0.908203125 0.5908203125 0.078125 0.0703125
0 0.337890625 0.708984375 0.060546875 0.0576171875
0 0.7109375 0.4931640625 0.0986328125 0.091796875
0 0.92578125 0.962890625 0.068359375 0.0654296875
0 0.46484375 0.564453125 0.0498046875 0.0517578125
0 0.685546875 0.453125 0.046875 0.0439453125
0 0.826171875 0.61328125 0.0517578125 0.046875
0 0.0390625 0.2421875 0.078125 0.109375
0 0.033203125 0.412109375 0.06640625 0.125
0 0.234375 0.9130859375 0.1220703125 0.103515625
0 0.9521484375 0.681640625 0.095703125 0.1611328125
0 0.984375 0.75390625 0.03125 0.087890625
0 0.9755859375 0.318359375 0.048828125 0.064453125
0 0.705078125 0.7109375 0.068359375 0.0654296875