0 0.576171875 0.0380859375 0.123046875 0.076171875
0 0.498046875 0.267578125 0.126953125 0.103515625
0 0.833984375 0.162109375 0.037109375 0.03125
0 0.8798828125 0.09375 0.240234375 0.1875
0 0.6533203125 0.1845703125 0.265625 0.203125
0 0.8818359375 0.3603515625 0.2265625 0.185546875
0 0.6591796875 0.3837890625 0.337890625 0.244140625
0 0.2958984375 0.345703125 0.046875 0.0390625
0 0.404296875 0.474609375 0.0703125 0.0546875
0 0.048828125 0.416015625 0.044921875 0.0361328125
0 0.03515625 0.5126953125 0.041015625 0.0341796875
0 0.2373046875 0.54296875 0.0263671875 0.0234375
0 0.20703125 0.74609375 0.2734375 0.2138671875
0 0.08984375 0.8896484375 0.0283203125 0.0234375
0 0.0615234375 0.861328125 0.0654296875 0.0576171875
0 0.3583984375 0.9033203125 0.099609375 0.0751953125
0 0.5068359375 0.8935546875 0.025390625 0.0205078125
0 0.490234375 0.810546875 0.0546875 0.0419921875
0 0.537109375 0.716796875 0.2548828125 0.197265625
0 0.806640625 0.75390625 0.2001953125 0.15625
0 0.96875 0.626953125 0.0283203125 0.025390625
0 0.73828125 0.6640625 0.1875 0.1513671875
0 0.0341796875 0.0107421875 0.0185546875 0.017578125