0 0.4677734375 0.62109375 0.107421875 0.0966796875
0 0.1435546875 0.5419921875 0.177734375 0.1611328125
0 0.4189453125 0.1884765625 0.150390625 0.130859375
0 0.6171875 0.3740234375 0.158203125 0.138671875
0 0.806640625 0.384765625 0.099609375 0.0859375
0 0.7978515625 0.150390625 0.107421875 0.1015625
0 0.7587890625 0.3203125 0.1015625 0.0908203125
0 0.244140625 0.169921875 0.083984375 0.0732421875
0 0.267578125 0.529296875 0.0810546875 0.0732421875
0 0.091796875 0.064453125 0.0908203125 0.0830078125
0 0.732421875 0.8291015625 0.115234375 0.107421875
0 0.2841796875 0.416015625 0.1357421875 0.123046875
0 0.7919921875 0.474609375 0.0517578125 0.048828125
0 0.8310546875 0.8828125 0.1171875 0.111328125
0 0.490234375 0.509765625 0.0810546875 0.0751953125
0 0.3935546875 0.4384765625 0.111328125 0.1015625
0 0.9130859375 0.080078125 0.1376953125 0.1357421875
0 0.447265625 0.6494140625 0.087890625 0.0751953125
0 0.3828125 0.2822265625 0.0830078125 0.0751953125
0 0.5888671875 0.6435546875 0.0830078125 0.076171875
0 0.955078125 0.0537109375 0.083984375 0.103515625
0 0.4453125 0.2265625 0.068359375 0.0625
0 0.822265625 0.689453125 0.2001953125 0.1845703125
0 0.8486328125 0.5908203125 0.0595703125 0.0517578125
0 0.91015625 0.1982421875 0.0751953125 0.072265625
0 0.1630859375 0.12890625 0.0751953125 0.0654296875
0 0.455078125 0.072265625 0.052734375 0.0498046875
0 0.1630859375 0.224609375 0.0498046875 0.0439453125
0 0.6455078125 0.158203125 0.166015625 0.1513671875
0 0.6142578125 0.224609375 0.0908203125 0.0859375
0 0.125 0.0205078125 0.0498046875 0.041015625
0 0.712890625 0.7109375 0.0517578125 0.048828125
0 0.9091796875 0.41015625 0.0859375 0.078125
0 0.845703125 0.9736328125 0.052734375 0.046875
0 0.9248046875 0.8134765625 0.123046875 0.109375
0 0.6875 0.5703125 0.0625 0.0576171875
0 0.2841796875 0.0419921875 0.1376953125 0.083984375
0 0.0908203125 0.2783203125 0.0859375 0.078125
0 0.2236328125 0.3251953125 0.099609375 0.0888671875
0 0.177734375 0.3388671875 0.1064453125 0.0986328125
0 0.75390625 0.03125 0.205078125 0.0625
0 0.712890625 0.974609375 0.150390625 0.0498046875
0 0.9384765625 0.677734375 0.123046875 0.1669921875
0 0.9736328125 0.5595703125 0.052734375 0.072265625
0 0.017578125 0.115234375 0.0341796875 0.0625
0 0.7119140625 0.1298828125 0.0810546875 0.0732421875
0 0.7021484375 0.44140625 0.0546875 0.048828125