0 0.6884765625 0.4375 0.1611328125 0.142578125
0 0.376953125 0.279296875 0.15625 0.142578125
0 0.2119140625 0.560546875 0.087890625 0.078125
0 0.8662109375 0.7421875 0.1533203125 0.140625
0 0.306640625 0.767578125 0.1376953125 0.123046875
0 0.494140625 0.8779296875 0.1123046875 0.103515625
0 0.4609375 0.138671875 0.083984375 0.0830078125
0 0.7236328125 0.744140625 0.115234375 0.111328125
0 0.408203125 0.81640625 0.0966796875 0.0908203125
0 0.1796875 0.2158203125 0.076171875 0.068359375
0 0.3525390625 0.41015625 0.1123046875 0.1044921875
0 0.6826171875 0.857421875 0.103515625 0.0966796875
0 0.794921875 0.658203125 0.1064453125 0.09375
0 0.923828125 0.0517578125 0.115234375 0.103515625
0 0.609375 0.1201171875 0.111328125 0.1015625
0 0.798828125 0.142578125 0.052734375 0.0498046875
0 0.03125 0.8740234375 0.0625 0.099609375
0 0.537109375 0.689453125 0.056640625 0.046875
0 0.87109375 0.552734375 0.1533203125 0.1328125
0 0.833984375 0.5673828125 0.1064453125 0.0966796875
0 0.4462890625 0.7236328125 0.1376953125 0.125
0 0.646484375 0.685546875 0.0751953125 0.0703125
0 0.5390625 0.8125 0.0595703125 0.0595703125
0 0.8583984375 0.2734375 0.099609375 0.0908203125
0 0.490234375 0.564453125 0.072265625 0.064453125
0 0.2099609375 0.73828125 0.060546875 0.0576171875
0 0.9462890625 0.8916015625 0.107421875 0.1044921875
0 0.5576171875 0.5546875 0.072265625 0.0654296875
0 0.3427734375 0.294921875 0.0546875 0.0517578125
0 0.376953125 0.0634765625 0.078125 0.0732421875
0 0.638671875 0.7958984375 0.046875 0.0439453125
0 0.474609375 0.8662109375 0.0751953125 0.0732421875
0 0.689453125 0.75390625 0.046875 0.046875
0 0.2890625 0.90625 0.103515625 0.09375
0 0.869140625 0.47265625 0.060546875 0.0546875
0 0.7080078125 0.544921875 0.0595703125 0.0595703125
0 0.669921875 0.2314453125 0.072265625 0.064453125
0 0.0595703125 0.771484375 0.046875 0.0517578125
0 0.359375 0.5693359375 0.0908203125 0.080078125
0 0.2841796875 0.4599609375 0.078125 0.0703125
0 0.0400390625 0.662109375 0.080078125 0.158203125
0 0.181640625 0.89453125 0.0625 0.0654296875
0 0.5927734375 0.4453125 0.1845703125 0.1689453125
0 0.490234375 0.33984375 0.1279296875 0.115234375
0 0.26953125 0.033203125 0.0986328125 0.0654296875
0 0.1220703125 0.033203125 0.109375 0.0654296875
0 0.9853515625 0.173828125 0.029296875 0.1171875
0 0.9541015625 0.4462890625 0.091796875 0.138671875
0 0.552734375 0.2490234375 0.1435546875 0.1455078125
0 0.76953125 0.580078125 0.0595703125 0.056640625