0 0.0810546875 0.1611328125 0.125 0.1171875
0 0.2734375 0.8125 0.115234375 0.1064453125
0 0.513671875 0.494140625 0.0888671875 0.0810546875
0 0.3125 0.099609375 0.1064453125 0.0986328125
0 0.4052734375 0.5224609375 0.1298828125 0.115234375
0 0.8017578125 0.3369140625 0.078125 0.0703125
0 0.248046875 0.423828125 0.076171875 0.0703125
0 0.78515625 0.7158203125 0.0703125 0.0673828125
0 0.791015625 0.228515625 0.0673828125 0.064453125
0 0.4423828125 0.263671875 0.083984375 0.0830078125
0 0.462890625 0.3525390625 0.0810546875 0.078125
0 0.955078125 0.6962890625 0.083984375 0.09375
0 0.4072265625 0.052734375 0.076171875 0.072265625
0 0.0390625 0.041015625 0.078125 0.0810546875
0 0.2001953125 0.630859375 0.0810546875 0.0751953125
0 0.767578125 0.55859375 0.0595703125 0.052734375
0 0.078125 0.6943359375 0.09375 0.078125
0 0.2080078125 0.1796875 0.052734375 0.0498046875
0 0.162109375 0.939453125 0.0625 0.0546875
0 0.638671875 0.248046875 0.0361328125 0.0341796875
0 0.5390625 0.3837890625 0.048828125 0.0419921875
0 0.4951171875 0.1708984375 0.052734375 0.0498046875
0 0.876953125 0.595703125 0.0517578125 0.048828125
0 0.123046875 0.626953125 0.046875 0.0390625
0 0.458984375 0.73828125 0.048828125 0.0439453125
0 0.076171875 0.6376953125 0.041015625 0.0361328125
0 0.9267578125 0.0234375 0.140625 0.046875