0 0.5224609375 0.58203125 0.125 0.115234375
0 0.53125 0.208984375 0.1669921875 0.1591796875
0 0.1357421875 0.4189453125 0.146484375 0.1328125
0 0.09375 0.8154296875 0.1376953125 0.126953125
0 0.5576171875 0.341796875 0.0908203125 0.078125
0 0.177734375 0.5302734375 0.087890625 0.0810546875
0 0.845703125 0.111328125 0.0908203125 0.0830078125
0 0.0498046875 0.5927734375 0.099609375 0.1201171875
0 0.2568359375 0.162109375 0.09375 0.0859375
0 0.791015625 0.3046875 0.212890625 0.193359375
0 0.810546875 0.04296875 0.197265625 0.0859375
0 0.916015625 0.072265625 0.068359375 0.0673828125
0 0.837890625 0.720703125 0.0908203125 0.087890625
0 0.291015625 0.291015625 0.1767578125 0.1611328125
0 0.9521484375 0.837890625 0.0830078125 0.076171875
0 0.431640625 0.744140625 0.09375 0.080078125
0 0.044921875 0.9375 0.08984375 0.0859375
0 0.150390625 0.181640625 0.0546875 0.0546875
0 0.6552734375 0.6845703125 0.201171875 0.1845703125
0 0.490234375 0.1044921875 0.0703125 0.0625
0 0.072265625 0.126953125 0.1435546875 0.150390625
0 0.7392578125 0.55078125 0.0546875 0.0517578125
0 0.66015625 0.4814453125 0.1748046875 0.1669921875
0 0.697265625 0.3896484375 0.056640625 0.052734375
0 0.3505859375 0.1416015625 0.0390625 0.037109375
0 0.37890625 0.8427734375 0.0498046875 0.0439453125
0 0.2529296875 0.62109375 0.173828125 0.158203125
0 0.34765625 0.48046875 0.041015625 0.0341796875
0 0.216796875 0.060546875 0.0439453125 0.0439453125
0 0.724609375 0.447265625 0.0830078125 0.078125
0 0.1025390625 0.654296875 0.134765625 0.1220703125
0 0.904296875 0.5927734375 0.1123046875 0.0986328125
0 0.7099609375 0.9375 0.0595703125 0.060546875
0 0.68359375 0.9619140625 0.0283203125 0.0263671875
0 0.38671875 0.767578125 0.080078125 0.0751953125
0 0.552734375 0.740234375 0.056640625 0.052734375
0 0.0537109375 0.408203125 0.107421875 0.150390625
0 0.283203125 0.4921875 0.029296875 0.025390625
0 0.884765625 0.2431640625 0.1123046875 0.111328125