0 0.126953125 0.154296875 0.021484375 0.017578125
0 0.23046875 0.181640625 0.044921875 0.037109375
0 0.3037109375 0.087890625 0.037109375 0.029296875
0 0.2578125 0.017578125 0.044921875 0.0341796875
0 0.876953125 0.212890625 0.0205078125 0.017578125
0 0.474609375 0.2080078125 0.046875 0.037109375
0 0.380859375 0.2978515625 0.1484375 0.119140625
0 0.2421875 0.279296875 0.0390625 0.03125
0 0.234375 0.3037109375 0.033203125 0.0263671875
0 0.12109375 0.3525390625 0.0546875 0.044921875
0 0.255859375 0.447265625 0.052734375 0.0419921875
0 0.390625 0.427734375 0.046875 0.037109375
0 0.55859375 0.33984375 0.0234375 0.017578125
0 0.859375 0.673828125 0.0517578125 0.0419921875
0 0.865234375 0.5849609375 0.0517578125 0.0419921875
0 0.7734375 0.5263671875 0.111328125 0.091796875
0 0.4423828125 0.466796875 0.1171875 0.091796875
0 0.4091796875 0.580078125 0.0205078125 0.015625
0 0.197265625 0.646484375 0.0361328125 0.0283203125
0 0.076171875 0.642578125 0.111328125 0.0908203125
0 0.140625 0.7265625 0.0888671875 0.0732421875
0 0.5859375 0.7919921875 0.037109375 0.0283203125
0 0.619140625 0.845703125 0.0751953125 0.060546875
0 0.5849609375 0.8818359375 0.0546875 0.0439453125
0 0.498046875 0.904296875 0.0283203125 0.021484375
0 0.826171875 0.8310546875 0.015625 0.0126953125
0 0.958984375 0.876953125 0.0341796875 0.0283203125