0 0.353515625 0.837890625 0.095703125 0.083984375
0 0.375 0.9375 0.1044921875 0.095703125
0 0.6787109375 0.1181640625 0.1640625 0.146484375
0 0.923828125 0.619140625 0.0908203125 0.0859375
0 0.0751953125 0.3974609375 0.138671875 0.1220703125
0 0.2587890625 0.587890625 0.111328125 0.0986328125
0 0.845703125 0.4912109375 0.1279296875 0.123046875
0 0.267578125 0.7783203125 0.140625 0.1298828125
0 0.50390625 0.505859375 0.1015625 0.087890625
0 0.4052734375 0.443359375 0.072265625 0.0703125
0 0.451171875 0.2509765625 0.072265625 0.064453125
0 0.5078125 0.064453125 0.1533203125 0.1279296875
0 0.3515625 0.33203125 0.078125 0.0732421875
0 0.1171875 0.923828125 0.0654296875 0.0595703125
0 0.03515625 0.765625 0.0517578125 0.046875
0 0.7421875 0.470703125 0.046875 0.046875
0 0.291015625 0.3251953125 0.068359375 0.0654296875
0 0.9384765625 0.4111328125 0.044921875 0.0390625
0 0.2080078125 0.376953125 0.0361328125 0.0341796875
0 0.669921875 0.45703125 0.1220703125 0.115234375
0 0.474609375 0.72265625 0.0751953125 0.0703125
0 0.4765625 0.908203125 0.0595703125 0.056640625
0 0.0205078125 0.388671875 0.041015625 0.0361328125
0 0.4619140625 0.4609375 0.048828125 0.0439453125
0 0.0849609375 0.970703125 0.044921875 0.0419921875
0 0.267578125 0.8896484375 0.0439453125 0.046875
0 0.7158203125 0.599609375 0.0361328125 0.0361328125
0 0.400390625 0.2265625 0.044921875 0.0419921875
0 0.0205078125 0.109375 0.0361328125 0.033203125
0 0.658203125 0.5654296875 0.048828125 0.0439453125
0 0.50390625 0.759765625 0.0390625 0.0361328125
0 0.875 0.876953125 0.0439453125 0.041015625
0 0.119140625 0.0478515625 0.03125 0.0263671875
0 0.671875 0.8095703125 0.037109375 0.0341796875
0 0.9404296875 0.958984375 0.037109375 0.0361328125
0 0.6298828125 0.5888671875 0.0341796875 0.033203125
0 0.392578125 0.55078125 0.1142578125 0.1044921875
0 0.5751953125 0.7314453125 0.025390625 0.0234375
0 0.8369140625 0.1240234375 0.1513671875 0.1435546875
0 0.240234375 0.51171875 0.029296875 0.029296875
0 0.349609375 0.4775390625 0.0859375 0.076171875
0 0.35546875 0.435546875 0.0361328125 0.029296875
0 0.6884765625 0.3154296875 0.064453125 0.0625
0 0.2294921875 0.8984375 0.056640625 0.0546875
0 0.6015625 0.7119140625 0.0283203125 0.0263671875
0 0.9423828125 0.9609375 0.041015625 0.0390625
0 0.0888671875 0.3408203125 0.041015625 0.0390625
0 0.9853515625 0.951171875 0.029296875 0.044921875
0 0.017578125 0.5888671875 0.0341796875 0.0498046875
0 0.0341796875 0.568359375 0.03125 0.0263671875
0 0.212890625 0.244140625 0.1015625 0.0966796875
0 0.4384765625 0.107421875 0.076171875 0.0732421875
0 0.1396484375 0.4013671875 0.060546875 0.056640625
0 0.208984375 0.9130859375 0.0546875 0.0517578125
0 0.849609375 0.076171875 0.185546875 0.1513671875
0 0.4599609375 0.1591796875 0.041015625 0.0341796875
0 0.3994140625 0.1455078125 0.044921875 0.0439453125