0 0.2392578125 0.009765625 0.056640625 0.01953125
0 0.2353515625 0.203125 0.021484375 0.017578125
0 0.2646484375 0.3779296875 0.0341796875 0.0283203125
0 0.1953125 0.392578125 0.0419921875 0.033203125
0 0.462890625 0.3017578125 0.037109375 0.03125
0 0.537109375 0.24609375 0.0595703125 0.048828125
0 0.630859375 0.140625 0.0703125 0.0546875
0 0.90234375 0.0986328125 0.1953125 0.173828125
0 0.76171875 0.2783203125 0.1044921875 0.0859375
0 0.6806640625 0.2880859375 0.046875 0.037109375
0 0.572265625 0.3466796875 0.119140625 0.0966796875
0 0.6240234375 0.3818359375 0.0390625 0.033203125
0 0.712890625 0.419921875 0.0498046875 0.041015625
0 0.865234375 0.373046875 0.033203125 0.0263671875
0 0.9228515625 0.50390625 0.154296875 0.16796875
0 0.724609375 0.54296875 0.0205078125 0.015625
0 0.615234375 0.4775390625 0.0859375 0.0703125
0 0.53125 0.556640625 0.072265625 0.056640625
0 0.4033203125 0.552734375 0.251953125 0.201171875
0 0.1796875 0.609375 0.181640625 0.138671875
0 0.224609375 0.650390625 0.052734375 0.0439453125
0 0.025390625 0.6611328125 0.015625 0.0126953125
0 0.064453125 0.501953125 0.0185546875 0.013671875
0 0.9013671875 0.650390625 0.0234375 0.0185546875
0 0.9736328125 0.7333984375 0.0234375 0.0205078125
0 0.892578125 0.818359375 0.0234375 0.0205078125
0 0.7734375 0.943359375 0.0361328125 0.0283203125
0 0.7001953125 0.900390625 0.0498046875 0.0390625
0 0.7099609375 0.994140625 0.0126953125 0.0107421875
0 0.587890625 0.9736328125 0.197265625 0.052734375
0 0.2109375 0.974609375 0.021484375 0.017578125
0 0.31640625 0.908203125 0.220703125 0.171875
0 0.5166015625 0.7724609375 0.0234375 0.0205078125
0 0.3974609375 0.8251953125 0.2109375 0.166015625
0 0.134765625 0.787109375 0.080078125 0.0654296875
0 0.099609375 0.853515625 0.19921875 0.16015625
0 0.736328125 0.7373046875 0.2158203125 0.1669921875