0 0.30078125 0.1640625 0.2109375 0.1689453125
0 0.4013671875 0.283203125 0.0546875 0.0419921875
0 0.7041015625 0.193359375 0.0595703125 0.048828125
0 0.642578125 0.091796875 0.2470703125 0.1826171875
0 0.771484375 0.2734375 0.033203125 0.0283203125
0 0.888671875 0.2978515625 0.2216796875 0.1796875
0 0.771484375 0.40625 0.0751953125 0.0595703125
0 0.763671875 0.4609375 0.046875 0.037109375
0 0.69140625 0.490234375 0.1611328125 0.126953125
0 0.7158203125 0.658203125 0.185546875 0.1484375
0 0.8134765625 0.720703125 0.1982421875 0.1513671875
0 0.974609375 0.806640625 0.0498046875 0.0419921875
0 0.849609375 0.8330078125 0.123046875 0.0966796875
0 0.658203125 0.8544921875 0.048828125 0.0439453125
0 0.6875 0.9853515625 0.025390625 0.0205078125
0 0.232421875 0.990234375 0.017578125 0.015625
0 0.212890625 0.888671875 0.0859375 0.068359375
0 0.0380859375 0.9619140625 0.076171875 0.0732421875
0 0.08984375 0.935546875 0.0908203125 0.0751953125
0 0.26953125 0.7939453125 0.076171875 0.0625
0 0.439453125 0.802734375 0.2138671875 0.1669921875
0 0.3857421875 0.587890625 0.064453125 0.052734375
0 0.177734375 0.404296875 0.064453125 0.052734375
0 0.103515625 0.4931640625 0.171875 0.138671875
0 0.44921875 0.3984375 0.1796875 0.15625
0 0.7548828125 0.208984375 0.0205078125 0.015625