0 0.8154296875 0.244140625 0.0888671875 0.0810546875
0 0.283203125 0.36328125 0.0859375 0.0830078125
0 0.529296875 0.5302734375 0.1591796875 0.1484375
0 0.1630859375 0.720703125 0.1845703125 0.166015625
0 0.697265625 0.5673828125 0.142578125 0.1298828125
0 0.71875 0.2861328125 0.0908203125 0.083984375
0 0.390625 0.35546875 0.0859375 0.076171875
0 0.6962890625 0.84375 0.1484375 0.1376953125
0 0.9423828125 0.765625 0.115234375 0.140625
0 0.6181640625 0.96875 0.078125 0.0625
0 0.75390625 0.0751953125 0.1015625 0.0908203125
0 0.154296875 0.48046875 0.0595703125 0.060546875
0 0.470703125 0.68359375 0.111328125 0.099609375
0 0.880859375 0.322265625 0.107421875 0.1064453125
0 0.4462890625 0.931640625 0.150390625 0.134765625
0 0.623046875 0.0673828125 0.0673828125 0.0576171875
0 0.919921875 0.15234375 0.0654296875 0.0595703125
0 0.3349609375 0.265625 0.0703125 0.064453125
0 0.841796875 0.6826171875 0.072265625 0.0673828125
0 0.61328125 0.1337890625 0.078125 0.0732421875
0 0.5263671875 0.9423828125 0.0810546875 0.080078125
0 0.513671875 0.8408203125 0.078125 0.0859375
0 0.9345703125 0.9130859375 0.1064453125 0.1015625
0 0.505859375 0.2919921875 0.0595703125 0.052734375
0 0.283203125 0.46875 0.1171875 0.1142578125
0 0.197265625 0.236328125 0.0654296875 0.064453125
0 0.7890625 0.3173828125 0.072265625 0.0673828125
0 0.6005859375 0.2998046875 0.0810546875 0.076171875
0 0.216796875 0.337890625 0.078125 0.072265625
0 0.6806640625 0.3857421875 0.0830078125 0.076171875
0 0.734375 0.205078125 0.0673828125 0.0625
0 0.119140625 0.0478515625 0.1796875 0.09375
0 0.693359375 0.6962890625 0.056640625 0.0595703125
0 0.0478515625 0.341796875 0.0888671875 0.080078125
0 0.7548828125 0.564453125 0.041015625 0.046875
0 0.388671875 0.6103515625 0.2236328125 0.193359375
0 0.3134765625 0.23046875 0.0751953125 0.0703125
0 0.9755859375 0.3779296875 0.048828125 0.064453125
0 0.857421875 0.21484375 0.0703125 0.0673828125
0 0.7119140625 0.962890625 0.1123046875 0.0703125
0 0.33984375 0.384765625 0.060546875 0.0546875