0 0.021484375 0.080078125 0.017578125 0.013671875
0 0.234375 0.091796875 0.048828125 0.037109375
0 0.3359375 0.087890625 0.0546875 0.0439453125
0 0.5576171875 0.08984375 0.0517578125 0.041015625
0 0.4580078125 0.1220703125 0.1796875 0.146484375
0 0.65625 0.0556640625 0.0751953125 0.0546875
0 0.818359375 0.15234375 0.107421875 0.0859375
0 0.7421875 0.197265625 0.044921875 0.037109375
0 0.779296875 0.1806640625 0.0185546875 0.013671875
0 0.646484375 0.318359375 0.2080078125 0.1669921875
0 0.798828125 0.4560546875 0.236328125 0.181640625
0 0.87890625 0.552734375 0.0859375 0.0673828125
0 0.58984375 0.5009765625 0.2080078125 0.1669921875
0 0.830078125 0.623046875 0.0498046875 0.0419921875
0 0.7724609375 0.634765625 0.0419921875 0.03125
0 0.703125 0.634765625 0.029296875 0.0234375
0 0.6923828125 0.7197265625 0.0703125 0.0595703125
0 0.7666015625 0.716796875 0.046875 0.0361328125
0 0.59765625 0.9501953125 0.13671875 0.099609375
0 0.2880859375 0.9814453125 0.0546875 0.037109375
0 0.216796875 0.978515625 0.0810546875 0.0419921875
0 0.2080078125 0.91796875 0.0205078125 0.013671875
0 0.1171875 0.8955078125 0.0751953125 0.064453125
0 0.263671875 0.8095703125 0.2080078125 0.1669921875
0 0.21484375 0.708984375 0.064453125 0.0517578125
0 0.400390625 0.46875 0.2109375 0.1669921875
0 0.1328125 0.3310546875 0.185546875 0.162109375
0 0.251953125 0.3310546875 0.205078125 0.162109375
0 0.431640625 0.23828125 0.173828125 0.1435546875