0 0.0615234375 0.0419921875 0.0185546875 0.015625
0 0.2265625 0.0849609375 0.091796875 0.072265625
0 0.591796875 0.03515625 0.1201171875 0.0703125
0 0.875 0.259765625 0.2314453125 0.185546875
0 0.6689453125 0.1357421875 0.2529296875 0.1748046875
0 0.5107421875 0.27734375 0.1123046875 0.0966796875
0 0.0390625 0.421875 0.041015625 0.033203125
0 0.03125 0.5380859375 0.037109375 0.03125
0 0.318359375 0.396484375 0.0517578125 0.041015625
0 0.1884765625 0.6728515625 0.2705078125 0.2060546875
0 0.314453125 0.7705078125 0.037109375 0.0283203125
0 0.541015625 0.640625 0.2470703125 0.1923828125
0 0.7890625 0.728515625 0.189453125 0.1533203125
0 0.7314453125 0.6181640625 0.1875 0.15625
0 0.9677734375 0.6787109375 0.025390625 0.021484375
0 0.599609375 0.7373046875 0.015625 0.0126953125
0 0.515625 0.7890625 0.015625 0.0126953125
0 0.6005859375 0.8154296875 0.029296875 0.025390625
0 0.4765625 0.8623046875 0.0498046875 0.0390625
0 0.111328125 0.8671875 0.0546875 0.0419921875
0 0.0419921875 0.908203125 0.0673828125 0.056640625
0 0.935546875 0.353515625 0.0654296875 0.0498046875
0 0.6669921875 0.248046875 0.341796875 0.232421875