0 0.412109375 0.041015625 0.0283203125 0.0234375
0 0.0693359375 0.0341796875 0.1044921875 0.068359375
0 0.310546875 0.1025390625 0.021484375 0.0185546875
0 0.345703125 0.1416015625 0.0546875 0.0419921875
0 0.4140625 0.1748046875 0.0341796875 0.025390625
0 0.6025390625 0.2392578125 0.0439453125 0.037109375
0 0.447265625 0.287109375 0.244140625 0.1953125
0 0.5859375 0.3359375 0.119140625 0.0986328125
0 0.611328125 0.3681640625 0.091796875 0.0751953125
0 0.7373046875 0.240234375 0.0546875 0.044921875
0 0.9560546875 0.267578125 0.087890625 0.107421875
0 0.818359375 0.2646484375 0.0986328125 0.0732421875
0 0.865234375 0.0986328125 0.232421875 0.185546875
0 0.728515625 0.0458984375 0.099609375 0.0830078125
0 0.638671875 0.0634765625 0.0732421875 0.0595703125
0 0.08984375 0.3017578125 0.1796875 0.2451171875
0 0.328125 0.419921875 0.185546875 0.1513671875
0 0.1806640625 0.49609375 0.1611328125 0.134765625
0 0.494140625 0.568359375 0.28125 0.2138671875
0 0.38671875 0.6572265625 0.033203125 0.0263671875
0 0.5791015625 0.703125 0.1953125 0.1533203125
0 0.1162109375 0.69140625 0.232421875 0.185546875
0 0.220703125 0.693359375 0.158203125 0.1201171875
0 0.314453125 0.8515625 0.0234375 0.0205078125
0 0.529296875 0.814453125 0.0498046875 0.041015625
0 0.7421875 0.8388671875 0.0185546875 0.015625
0 0.9765625 0.7734375 0.033203125 0.0263671875
0 0.755859375 0.548828125 0.212890625 0.1689453125
0 0.822265625 0.615234375 0.0673828125 0.052734375