0 0.150390625 0.318359375 0.0205078125 0.017578125
0 0.412109375 0.357421875 0.0654296875 0.052734375
0 0.5947265625 0.1123046875 0.0673828125 0.052734375
0 0.8623046875 0.1611328125 0.0419921875 0.033203125
0 0.767578125 0.294921875 0.0859375 0.072265625
0 0.615234375 0.296875 0.2392578125 0.1904296875
0 0.919921875 0.4130859375 0.09375 0.072265625
0 0.9775390625 0.5048828125 0.044921875 0.044921875
0 0.89453125 0.556640625 0.126953125 0.0986328125
0 0.845703125 0.53515625 0.091796875 0.072265625
0 0.865234375 0.654296875 0.1357421875 0.109375
0 0.865234375 0.7626953125 0.0341796875 0.0263671875
0 0.736328125 0.884765625 0.09375 0.078125
0 0.9306640625 0.8291015625 0.138671875 0.173828125
0 0.869140625 0.919921875 0.1796875 0.1357421875
0 0.3330078125 0.9833984375 0.052734375 0.033203125
0 0.2099609375 0.8935546875 0.212890625 0.169921875
0 0.294921875 0.6220703125 0.189453125 0.162109375
0 0.44921875 0.537109375 0.302734375 0.2392578125