0 0.7705078125 0.8037109375 0.0498046875 0.0546875
0 0.8515625 0.8125 0.0966796875 0.0888671875
0 0.9814453125 0.7861328125 0.037109375 0.076171875
0 0.580078125 0.5791015625 0.21875 0.2373046875
0 0.2626953125 0.4609375 0.072265625 0.0654296875
0 0.3583984375 0.240234375 0.0703125 0.0625
0 0.390625 0.42578125 0.078125 0.0966796875
0 0.4365234375 0.388671875 0.0966796875 0.115234375
0 0.392578125 0.837890625 0.0703125 0.0732421875
0 0.4169921875 0.796875 0.0673828125 0.0673828125
0 0.263671875 0.08203125 0.0966796875 0.095703125
0 0.0029296875 0.2294921875 0.005859375 0.041015625