0 0.2412109375 0.2109375 0.0185546875 0.015625
0 0.3232421875 0.2060546875 0.064453125 0.052734375
0 0.435546875 0.2880859375 0.216796875 0.173828125
0 0.4501953125 0.4111328125 0.0673828125 0.052734375
0 0.9287109375 0.0234375 0.0205078125 0.015625
0 0.8212890625 0.1103515625 0.1923828125 0.154296875
0 0.712890625 0.060546875 0.15625 0.12109375
0 0.73828125 0.244140625 0.203125 0.1513671875
0 0.92578125 0.4169921875 0.052734375 0.0419921875
0 0.77734375 0.419921875 0.1220703125 0.095703125
0 0.779296875 0.4765625 0.158203125 0.1220703125
0 0.93359375 0.62109375 0.052734375 0.041015625
0 0.7763671875 0.751953125 0.140625 0.1123046875
0 0.958984375 0.783203125 0.044921875 0.0361328125
0 0.7763671875 0.865234375 0.0888671875 0.0732421875
0 0.955078125 0.9462890625 0.037109375 0.03125
0 0.95703125 0.912109375 0.0859375 0.080078125
0 0.583984375 0.7431640625 0.0517578125 0.0419921875
0 0.173828125 0.95703125 0.017578125 0.015625
0 0.029296875 0.8369140625 0.017578125 0.0126953125
0 0.1748046875 0.8642578125 0.140625 0.1123046875
0 0.3359375 0.923828125 0.138671875 0.111328125
0 0.04296875 0.728515625 0.0859375 0.076171875
0 0.1669921875 0.6220703125 0.09375 0.0751953125
0 0.400390625 0.6396484375 0.0390625 0.033203125
0 0.3115234375 0.634765625 0.078125 0.064453125
0 0.541015625 0.6201171875 0.0185546875 0.015625
0 0.1357421875 0.408203125 0.138671875 0.1123046875