0 0.255859375 0.15234375 0.0341796875 0.03125
0 0.119140625 0.1640625 0.037109375 0.033203125
0 0.1748046875 0.025390625 0.021484375 0.0205078125
0 0.39453125 0.115234375 0.0546875 0.0419921875
0 0.498046875 0.0537109375 0.0576171875 0.048828125
0 0.6640625 0.0693359375 0.0595703125 0.0498046875
0 0.591796875 0.1474609375 0.2421875 0.1875
0 0.9384765625 0.07421875 0.033203125 0.0283203125
0 0.841796875 0.1748046875 0.0859375 0.0703125
0 0.744140625 0.236328125 0.103515625 0.0859375
0 0.65234375 0.232421875 0.0498046875 0.041015625
0 0.9560546875 0.251953125 0.0546875 0.044921875
0 0.5595703125 0.291015625 0.1201171875 0.0859375
0 0.421875 0.369140625 0.080078125 0.064453125
0 0.5703125 0.3994140625 0.2841796875 0.21875
0 0.7373046875 0.3271484375 0.0205078125 0.0185546875
0 0.720703125 0.369140625 0.0185546875 0.015625
0 0.8798828125 0.3857421875 0.0234375 0.0205078125
0 0.830078125 0.490234375 0.021484375 0.0205078125
0 0.6552734375 0.5283203125 0.0185546875 0.015625
0 0.1689453125 0.419921875 0.0546875 0.044921875
0 0.3671875 0.626953125 0.0361328125 0.0283203125
0 0.0888671875 0.6640625 0.1767578125 0.1455078125
0 0.1025390625 0.60546875 0.080078125 0.0673828125
0 0.193359375 0.7626953125 0.048828125 0.0390625
0 0.224609375 0.8740234375 0.2470703125 0.203125
0 0.4501953125 0.853515625 0.0390625 0.03125
0 0.423828125 0.9326171875 0.2109375 0.134765625
0 0.5390625 0.7392578125 0.0185546875 0.0126953125
0 0.6689453125 0.84765625 0.216796875 0.1669921875
0 0.58984375 0.8916015625 0.087890625 0.0703125
0 0.853515625 0.916015625 0.0908203125 0.0751953125
0 0.8466796875 0.8349609375 0.025390625 0.021484375
0 0.826171875 0.861328125 0.0390625 0.03125
0 0.765625 0.767578125 0.0263671875 0.0205078125
0 0.935546875 0.6318359375 0.1279296875 0.1669921875