0 0.486328125 0.41015625 0.150390625 0.1376953125
0 0.6708984375 0.2919921875 0.0703125 0.0673828125
0 0.591796875 0.892578125 0.197265625 0.173828125
0 0.5595703125 0.759765625 0.099609375 0.09375
0 0.9140625 0.9091796875 0.171875 0.181640625
0 0.275390625 0.556640625 0.1064453125 0.0986328125
0 0.623046875 0.1015625 0.0595703125 0.056640625
0 0.7783203125 0.7255859375 0.15625 0.1435546875
0 0.298828125 0.1513671875 0.046875 0.044921875
0 0.263671875 0.775390625 0.078125 0.0732421875
0 0.80078125 0.0712890625 0.046875 0.0439453125
0 0.6259765625 0.5693359375 0.0576171875 0.0546875
0 0.4443359375 0.572265625 0.0703125 0.0654296875
0 0.736328125 0.2275390625 0.0732421875 0.0673828125
0 0.0634765625 0.6572265625 0.0830078125 0.0732421875
0 0.7666015625 0.3896484375 0.091796875 0.0830078125
0 0.7490234375 0.904296875 0.048828125 0.0419921875
0 0.4775390625 0.6513671875 0.0732421875 0.0654296875
0 0.115234375 0.55078125 0.0498046875 0.046875
0 0.3408203125 0.3037109375 0.037109375 0.0390625
0 0.060546875 0.2099609375 0.0888671875 0.0859375
0 0.072265625 0.595703125 0.0498046875 0.0439453125
0 0.4306640625 0.1611328125 0.0390625 0.037109375
0 0.7021484375 0.3828125 0.0361328125 0.033203125
0 0.58984375 0.2470703125 0.056640625 0.0546875
0 0.412109375 0.765625 0.056640625 0.052734375
0 0.4990234375 0.177734375 0.0546875 0.0498046875
0 0.373046875 0.302734375 0.03125 0.0283203125
0 0.0556640625 0.349609375 0.046875 0.0419921875
0 0.9345703125 0.5712890625 0.03125 0.033203125
0 0.2373046875 0.3564453125 0.0498046875 0.0439453125
0 0.904296875 0.3994140625 0.0439453125 0.0419921875
0 0.826171875 0.765625 0.1640625 0.154296875
0 0.8173828125 0.8154296875 0.046875 0.0419921875
0 0.884765625 0.28515625 0.03125 0.03125
0 0.890625 0.123046875 0.0810546875 0.0830078125
0 0.3095703125 0.2265625 0.03125 0.03125
0 0.4638671875 0.0185546875 0.0283203125 0.0263671875
0 0.6328125 0.693359375 0.0341796875 0.033203125
0 0.130859375 0.822265625 0.26171875 0.22265625
0 0.107421875 0.814453125 0.0283203125 0.033203125
0 0.1220703125 0.2060546875 0.1357421875 0.1279296875
0 0.353515625 0.1826171875 0.0283203125 0.025390625
0 0.392578125 0.1875 0.029296875 0.0263671875
0 0.427734375 0.251953125 0.029296875 0.0263671875
0 0.1376953125 0.025390625 0.181640625 0.0498046875
0 0.6025390625 0.0380859375 0.1875 0.076171875
0 0.9541015625 0.1640625 0.091796875 0.1171875
0 0.1455078125 0.9345703125 0.197265625 0.130859375
0 0.396484375 0.9150390625 0.185546875 0.1640625
0 0.2900390625 0.4189453125 0.0283203125 0.0263671875
0 0.275390625 0.037109375 0.1435546875 0.0732421875
0 0.509765625 0.099609375 0.0341796875 0.03125