0 0.2109375 0.333984375 0.0908203125 0.087890625
0 0.1982421875 0.455078125 0.158203125 0.138671875
0 0.80078125 0.435546875 0.109375 0.0908203125
0 0.5048828125 0.3193359375 0.0966796875 0.0888671875
0 0.0673828125 0.1875 0.134765625 0.140625
0 0.052734375 0.05859375 0.10546875 0.1171875
0 0.052734375 0.513671875 0.099609375 0.0966796875
0 0.5224609375 0.685546875 0.0625 0.0625
0 0.5107421875 0.505859375 0.0673828125 0.0654296875
0 0.431640625 0.2958984375 0.1044921875 0.0966796875
0 0.6103515625 0.9716796875 0.060546875 0.056640625
0 0.470703125 0.419921875 0.1669921875 0.150390625
0 0.4091796875 0.845703125 0.0625 0.056640625
0 0.412109375 0.51171875 0.123046875 0.115234375
0 0.3603515625 0.791015625 0.060546875 0.056640625
0 0.53515625 0.822265625 0.1279296875 0.119140625
0 0.3798828125 0.158203125 0.107421875 0.0966796875
0 0.287109375 0.380859375 0.1298828125 0.1201171875
0 0.2529296875 0.380859375 0.0439453125 0.0419921875
0 0.6552734375 0.943359375 0.0390625 0.037109375
0 0.2158203125 0.8154296875 0.056640625 0.052734375
0 0.6484375 0.7158203125 0.078125 0.076171875
0 0.208984375 0.125 0.09375 0.0859375
0 0.763671875 0.818359375 0.224609375 0.2080078125
0 0.3232421875 0.5654296875 0.134765625 0.123046875
0 0.775390625 0.615234375 0.1064453125 0.0966796875
0 0.669921875 0.529296875 0.0751953125 0.080078125
0 0.6484375 0.4814453125 0.0595703125 0.052734375
0 0.8984375 0.3984375 0.0595703125 0.052734375
0 0.384765625 0.951171875 0.0498046875 0.0439453125
0 0.6845703125 0.4443359375 0.068359375 0.0673828125
0 0.28515625 0.87890625 0.1220703125 0.115234375
0 0.431640625 0.62109375 0.0341796875 0.033203125
0 0.703125 0.744140625 0.0439453125 0.0361328125
0 0.9345703125 0.19921875 0.130859375 0.16796875
0 0.7841796875 0.130859375 0.1298828125 0.125
0 0.369140625 0.0478515625 0.1923828125 0.095703125
0 0.896484375 0.2900390625 0.0595703125 0.0517578125
0 0.8046875 0.2529296875 0.125 0.119140625
0 0.8271484375 0.5234375 0.1328125 0.1220703125
0 0.7529296875 0.5341796875 0.1376953125 0.125
0 0.8994140625 0.708984375 0.201171875 0.263671875
0 0.408203125 0.767578125 0.1064453125 0.099609375
0 0.470703125 0.7333984375 0.0625 0.0595703125
0 0.236328125 0.638671875 0.232421875 0.201171875
0 0.044921875 0.9619140625 0.08984375 0.076171875
0 0.087890625 0.3984375 0.138671875 0.1279296875
0 0.228515625 0.9716796875 0.1357421875 0.056640625