0 0.931640625 0.890625 0.126953125 0.1171875
0 0.298828125 0.904296875 0.109375 0.103515625
0 0.43359375 0.775390625 0.111328125 0.103515625
0 0.46484375 0.583984375 0.142578125 0.1298828125
0 0.0419921875 0.80859375 0.083984375 0.0986328125
0 0.216796875 0.7275390625 0.1279296875 0.1171875
0 0.181640625 0.51171875 0.130859375 0.1201171875
0 0.5283203125 0.046875 0.1064453125 0.09375
0 0.900390625 0.12890625 0.1376953125 0.1298828125
0 0.064453125 0.140625 0.1279296875 0.134765625
0 0.80859375 0.275390625 0.099609375 0.0908203125
0 0.619140625 0.162109375 0.1123046875 0.103515625
0 0.2451171875 0.412109375 0.109375 0.0986328125
0 0.7392578125 0.564453125 0.0966796875 0.0966796875
0 0.5517578125 0.5322265625 0.0595703125 0.0546875
0 0.1845703125 0.9619140625 0.087890625 0.076171875
0 0.4853515625 0.9658203125 0.076171875 0.068359375
0 0.765625 0.869140625 0.09375 0.0908203125
0 0.673828125 0.853515625 0.083984375 0.0810546875
0 0.5947265625 0.2978515625 0.095703125 0.0859375
0 0.3359375 0.197265625 0.140625 0.1328125
0 0.681640625 0.2412109375 0.095703125 0.0908203125
0 0.06640625 0.7236328125 0.0654296875 0.056640625
0 0.341796875 0.353515625 0.0908203125 0.078125
0 0.078125 0.142578125 0.0498046875 0.0439453125
0 0.0556640625 0.4736328125 0.0732421875 0.0673828125
0 0.046875 0.380859375 0.0751953125 0.072265625
0 0.599609375 0.0654296875 0.056640625 0.0498046875
0 0.650390625 0.541015625 0.0625 0.0625
0 0.9296875 0.5400390625 0.1220703125 0.1171875
0 0.2841796875 0.51171875 0.0625 0.0595703125
0 0.3818359375 0.14453125 0.0576171875 0.0517578125
0 0.634765625 0.6962890625 0.056640625 0.0546875
0 0.431640625 0.2421875 0.064453125 0.0625
0 0.8701171875 0.630859375 0.052734375 0.0498046875
0 0.5361328125 0.234375 0.150390625 0.140625
0 0.474609375 0.1904296875 0.037109375 0.0341796875
0 0.0244140625 0.4306640625 0.048828125 0.048828125
0 0.1630859375 0.8896484375 0.083984375 0.0751953125
0 0.041015625 0.560546875 0.0810546875 0.138671875
0 0.2138671875 0.0634765625 0.171875 0.126953125
0 0.421875 0.041015625 0.13671875 0.08203125
0 0.8017578125 0.046875 0.119140625 0.09375
0 0.123046875 0.572265625 0.0859375 0.076171875
0 0.814453125 0.5390625 0.1279296875 0.1298828125
0 0.3388671875 0.4072265625 0.0888671875 0.0751953125
0 0.3291015625 0.3095703125 0.076171875 0.0703125