0 0.2001953125 0.5 0.037109375 0.0439453125
0 0.53125 0.3056640625 0.208984375 0.1875
0 0.7724609375 0.4423828125 0.169921875 0.154296875
0 0.3857421875 0.6083984375 0.0908203125 0.0859375
0 0.841796875 0.6259765625 0.109375 0.1015625
0 0.2490234375 0.076171875 0.126953125 0.109375
0 0.228515625 0.8095703125 0.1064453125 0.0986328125
0 0.4326171875 0.8916015625 0.0751953125 0.072265625
0 0.857421875 0.830078125 0.1376953125 0.130859375
0 0.1220703125 0.84765625 0.048828125 0.0498046875
0 0.025390625 0.53515625 0.0498046875 0.0546875
0 0.3095703125 0.166015625 0.052734375 0.048828125
0 0.31640625 0.42578125 0.0751953125 0.0673828125
0 0.828125 0.552734375 0.046875 0.0439453125
0 0.41796875 0.7685546875 0.0810546875 0.0703125
0 0.5283203125 0.521484375 0.109375 0.095703125
0 0.6240234375 0.701171875 0.357421875 0.2783203125
0 0.4921875 0.806640625 0.072265625 0.0703125
0 0.611328125 0.5078125 0.072265625 0.068359375
0 0.1455078125 0.771484375 0.052734375 0.052734375
0 0.7265625 0.1123046875 0.142578125 0.1328125
0 0.5361328125 0.0693359375 0.3046875 0.138671875
0 0.2578125 0.4443359375 0.0498046875 0.0517578125
0 0.1083984375 0.1962890625 0.0654296875 0.060546875
0 0.0498046875 0.66015625 0.099609375 0.185546875
0 0.05859375 0.5927734375 0.083984375 0.080078125
0 0.666015625 0.2705078125 0.09375 0.09375
0 0.3017578125 0.302734375 0.2158203125 0.1875
0 0.41796875 0.8291015625 0.0654296875 0.060546875
0 0.248046875 0.525390625 0.052734375 0.046875
0 0.0517578125 0.373046875 0.103515625 0.1611328125
0 0.2080078125 0.9306640625 0.052734375 0.0517578125
0 0.41015625 0.724609375 0.056640625 0.0517578125
0 0.634765625 0.1923828125 0.0546875 0.0517578125
0 0.8740234375 0.712890625 0.0546875 0.0517578125
0 0.1337890625 0.953125 0.0546875 0.048828125
0 0.7099609375 0.111328125 0.0966796875 0.0830078125
0 0.103515625 0.7890625 0.0498046875 0.046875
0 0.9111328125 0.328125 0.177734375 0.2138671875
0 0.619140625 0.98828125 0.0576171875 0.0234375
0 0.9560546875 0.2109375 0.03125 0.029296875
0 0.2705078125 0.62890625 0.181640625 0.166015625
0 0.2373046875 0.68359375 0.03125 0.029296875
0 0.939453125 0.74609375 0.1201171875 0.208984375
0 0.9716796875 0.5087890625 0.0439453125 0.046875
0 0.3203125 0.494140625 0.0986328125 0.080078125
0 0.2138671875 0.46484375 0.029296875 0.029296875
0 0.447265625 0.5439453125 0.03125 0.0263671875
0 0.029296875 0.23828125 0.0576171875 0.0732421875
0 0.0556640625 0.154296875 0.111328125 0.126953125
0 0.853515625 0.189453125 0.103515625 0.0888671875
0 0.6435546875 0.4580078125 0.0625 0.0576171875
0 0.87890625 0.515625 0.041015625 0.037109375
0 0.6669921875 0.53125 0.064453125 0.0625
0 0.056640625 0.947265625 0.1123046875 0.1044921875
0 0.017578125 0.7197265625 0.03515625 0.123046875
0 0.173828125 0.693359375 0.107421875 0.095703125