0 0.814453125 0.134765625 0.1953125 0.1533203125
0 0.41015625 0.1748046875 0.046875 0.037109375
0 0.3251953125 0.1328125 0.228515625 0.185546875
0 0.158203125 0.3876953125 0.072265625 0.060546875
0 0.974609375 0.412109375 0.037109375 0.03125
0 0.98828125 0.4609375 0.0234375 0.0419921875
0 0.8603515625 0.525390625 0.0390625 0.033203125
0 0.904296875 0.5986328125 0.1875 0.1484375
0 0.6455078125 0.810546875 0.0517578125 0.0419921875
0 0.513671875 0.818359375 0.048828125 0.0390625
0 0.26953125 0.865234375 0.2109375 0.1689453125
0 0.2333984375 0.75390625 0.076171875 0.064453125
0 0.064453125 0.638671875 0.0546875 0.0517578125
0 0.4716796875 0.712890625 0.181640625 0.1435546875
0 0.7900390625 0.6572265625 0.1201171875 0.09375
0 0.705078125 0.87890625 0.154296875 0.1171875