0 0.529296875 0.1083984375 0.251953125 0.2109375
0 0.4697265625 0.267578125 0.0595703125 0.0595703125
0 0.052734375 0.142578125 0.068359375 0.0625
0 0.837890625 0.8408203125 0.2080078125 0.189453125
0 0.2451171875 0.484375 0.1513671875 0.1376953125
0 0.0234375 0.0654296875 0.046875 0.0498046875
0 0.111328125 0.306640625 0.166015625 0.158203125
0 0.1103515625 0.703125 0.158203125 0.140625
0 0.3837890625 0.875 0.154296875 0.1220703125
0 0.138671875 0.404296875 0.0703125 0.0654296875
0 0.9482421875 0.7353515625 0.103515625 0.1875
0 0.2216796875 0.041015625 0.248046875 0.08203125
0 0.140625 0.0673828125 0.068359375 0.060546875
0 0.8974609375 0.4326171875 0.205078125 0.193359375
0 0.521484375 0.568359375 0.109375 0.1044921875
0 0.2236328125 0.306640625 0.099609375 0.0908203125
0 0.048828125 0.7998046875 0.0966796875 0.1376953125
0 0.458984375 0.9677734375 0.0966796875 0.064453125
0 0.5166015625 0.912109375 0.1220703125 0.109375
0 0.599609375 0.869140625 0.0673828125 0.060546875
0 0.69140625 0.857421875 0.095703125 0.087890625
0 0.6376953125 0.67578125 0.1171875 0.1015625