0 0.5615234375 0.509765625 0.0908203125 0.087890625
0 0.263671875 0.1962890625 0.1845703125 0.1640625
0 0.208984375 0.7783203125 0.0888671875 0.087890625
0 0.0625 0.240234375 0.125 0.1533203125
0 0.3896484375 0.91796875 0.0986328125 0.09375
0 0.240234375 0.833984375 0.0810546875 0.078125
0 0.044921875 0.5302734375 0.083984375 0.0751953125
0 0.6396484375 0.2568359375 0.1171875 0.109375
0 0.5654296875 0.416015625 0.099609375 0.09375
0 0.625 0.134765625 0.0751953125 0.0703125
0 0.4580078125 0.2392578125 0.119140625 0.103515625
0 0.068359375 0.1376953125 0.080078125 0.0703125
0 0.873046875 0.654296875 0.1201171875 0.1064453125
0 0.73828125 0.611328125 0.1171875 0.111328125
0 0.2548828125 0.71484375 0.076171875 0.072265625
0 0.46484375 0.4091796875 0.134765625 0.1201171875
0 0.9111328125 0.810546875 0.078125 0.0732421875
0 0.978515625 0.7958984375 0.0419921875 0.0439453125
0 0.861328125 0.505859375 0.078125 0.0732421875
0 0.744140625 0.8974609375 0.2265625 0.1953125
0 0.650390625 0.427734375 0.126953125 0.119140625
0 0.67578125 0.458984375 0.0517578125 0.048828125
0 0.087890625 0.8935546875 0.126953125 0.1123046875
0 0.8837890625 0.21484375 0.0625 0.0595703125
0 0.8203125 0.083984375 0.0654296875 0.056640625
0 0.740234375 0.47265625 0.0576171875 0.056640625
0 0.1357421875 0.060546875 0.0751953125 0.0673828125
0 0.8955078125 0.318359375 0.1044921875 0.0986328125
0 0.955078125 0.357421875 0.0888671875 0.099609375
0 0.115234375 0.779296875 0.083984375 0.0732421875
0 0.146484375 0.791015625 0.0439453125 0.041015625
0 0.7373046875 0.759765625 0.1064453125 0.099609375
0 0.212890625 0.28125 0.177734375 0.150390625
0 0.466796875 0.05859375 0.173828125 0.1171875
0 0.544921875 0.1640625 0.1533203125 0.140625
0 0.9677734375 0.173828125 0.064453125 0.0966796875
0 0.677734375 0.0595703125 0.1826171875 0.119140625
0 0.9072265625 0.0732421875 0.185546875 0.146484375
0 0.845703125 0.2744140625 0.095703125 0.087890625
0 0.384765625 0.369140625 0.0732421875 0.068359375
0 0.5185546875 0.5458984375 0.068359375 0.060546875
0 0.921875 0.58203125 0.150390625 0.1376953125
0 0.9072265625 0.95703125 0.1142578125 0.0859375
0 0.8466796875 0.4501953125 0.0654296875 0.056640625
0 0.685546875 0.759765625 0.0986328125 0.09375
0 0.4892578125 0.9228515625 0.0810546875 0.072265625
0 0.427734375 0.8759765625 0.052734375 0.0439453125
0 0.4794921875 0.8671875 0.056640625 0.0576171875
0 0.400390625 0.6201171875 0.1904296875 0.1689453125
0 0.0947265625 0.6083984375 0.142578125 0.1201171875
0 0.896484375 0.740234375 0.1376953125 0.1220703125
0 0.6591796875 0.9736328125 0.099609375 0.052734375
0 0.400390625 0.333984375 0.068359375 0.0595703125