0 0.78125 0.3369140625 0.150390625 0.1455078125
0 0.1787109375 0.841796875 0.15625 0.146484375
0 0.1279296875 0.548828125 0.1748046875 0.1640625
0 0.263671875 0.20703125 0.103515625 0.0966796875
0 0.4013671875 0.4501953125 0.109375 0.1044921875
0 0.2783203125 0.67578125 0.130859375 0.126953125
0 0.6337890625 0.46484375 0.0986328125 0.0908203125
0 0.9560546875 0.419921875 0.083984375 0.0751953125
0 0.4384765625 0.751953125 0.146484375 0.1220703125
0 0.427734375 0.859375 0.1171875 0.099609375
0 0.8154296875 0.515625 0.1044921875 0.0986328125
0 0.4189453125 0.6337890625 0.150390625 0.140625
0 0.794921875 0.8134765625 0.109375 0.099609375
0 0.6533203125 0.287109375 0.1220703125 0.119140625
0 0.6005859375 0.6591796875 0.0732421875 0.0703125
0 0.046875 0.482421875 0.0810546875 0.078125
0 0.048828125 0.900390625 0.09765625 0.09375
0 0.15234375 0.134765625 0.119140625 0.111328125
0 0.095703125 0.3876953125 0.19140625 0.208984375
0 0.0849609375 0.396484375 0.0830078125 0.0751953125
0 0.17578125 0.591796875 0.1064453125 0.0986328125
0 0.521484375 0.919921875 0.072265625 0.064453125
0 0.23046875 0.689453125 0.15625 0.1435546875
0 0.712890625 0.943359375 0.064453125 0.0576171875
0 0.662109375 0.1318359375 0.0595703125 0.0576171875
0 0.287109375 0.90234375 0.1435546875 0.1328125
0 0.275390625 0.1171875 0.0908203125 0.0830078125
0 0.404296875 0.208984375 0.0595703125 0.0546875
0 0.279296875 0.462890625 0.140625 0.1357421875
0 0.025390625 0.599609375 0.0498046875 0.0625
0 0.748046875 0.919921875 0.046875 0.046875
0 0.583984375 0.193359375 0.072265625 0.0673828125
0 0.5009765625 0.44140625 0.09375 0.0859375
0 0.158203125 0.716796875 0.115234375 0.103515625
0 0.9619140625 0.482421875 0.041015625 0.037109375
0 0.232421875 0.416015625 0.052734375 0.046875
0 0.5810546875 0.0908203125 0.1328125 0.123046875
0 0.9013671875 0.0419921875 0.0654296875 0.056640625
0 0.642578125 0.826171875 0.1298828125 0.1142578125
0 0.31640625 0.0380859375 0.0595703125 0.056640625
0 0.552734375 0.8203125 0.125 0.1123046875
0 0.55078125 0.6181640625 0.0595703125 0.0517578125
0 0.0400390625 0.23046875 0.080078125 0.107421875
0 0.216796875 0.2548828125 0.1142578125 0.0986328125
0 0.244140625 0.03515625 0.0986328125 0.0703125
0 0.3798828125 0.0322265625 0.1044921875 0.064453125
0 0.435546875 0.0654296875 0.1328125 0.119140625
0 0.7216796875 0.0546875 0.0908203125 0.0908203125
0 0.794921875 0.0556640625 0.150390625 0.111328125
0 0.8466796875 0.0302734375 0.1123046875 0.060546875
0 0.953125 0.125 0.09375 0.158203125
0 0.564453125 0.30078125 0.125 0.1123046875
0 0.5244140625 0.2734375 0.0673828125 0.064453125
0 0.505859375 0.3857421875 0.0673828125 0.0625
0 0.6044921875 0.734375 0.1220703125 0.107421875
0 0.837890625 0.779296875 0.1044921875 0.1015625
0 0.5478515625 0.9697265625 0.158203125 0.060546875
0 0.01953125 0.78515625 0.0390625 0.134765625
0 0.087890625 0.4423828125 0.052734375 0.046875
0 0.3251953125 0.509765625 0.0595703125 0.0595703125
0 0.271484375 0.3427734375 0.1064453125 0.1015625
0 0.5849609375 0.0234375 0.0888671875 0.046875
0 0.865234375 0.6103515625 0.080078125 0.0703125