0 0.669921875 0.3505859375 0.2080078125 0.1923828125
0 0.1689453125 0.267578125 0.193359375 0.177734375
0 0.171875 0.505859375 0.078125 0.0673828125
0 0.8046875 0.83984375 0.1279296875 0.1142578125
0 0.4482421875 0.1806640625 0.205078125 0.1845703125
0 0.1376953125 0.767578125 0.177734375 0.1591796875
0 0.611328125 0.544921875 0.080078125 0.0751953125
0 0.3798828125 0.388671875 0.0419921875 0.0390625
0 0.07421875 0.5146484375 0.0595703125 0.0576171875
0 0.8837890625 0.123046875 0.1328125 0.1279296875
0 0.669921875 0.2041015625 0.0654296875 0.064453125
0 0.6953125 0.744140625 0.146484375 0.126953125
0 0.564453125 0.291015625 0.0576171875 0.056640625
0 0.197265625 0.095703125 0.0546875 0.0546875
0 0.677734375 0.8427734375 0.056640625 0.0498046875
0 0.2548828125 0.626953125 0.203125 0.1826171875
0 0.126953125 0.43359375 0.1982421875 0.169921875
0 0.1826171875 0.408203125 0.083984375 0.078125
0 0.0322265625 0.2890625 0.0595703125 0.0546875
0 0.3623046875 0.5322265625 0.224609375 0.185546875
0 0.451171875 0.4423828125 0.072265625 0.0703125
0 0.5166015625 0.779296875 0.2451171875 0.2001953125
0 0.6123046875 0.673828125 0.0439453125 0.046875
0 0.791015625 0.4443359375 0.1328125 0.1171875
0 0.900390625 0.693359375 0.123046875 0.115234375
0 0.04296875 0.181640625 0.0830078125 0.109375
0 0.974609375 0.2060546875 0.0341796875 0.0341796875
0 0.0390625 0.357421875 0.0595703125 0.052734375
0 0.4462890625 0.8564453125 0.283203125 0.2294921875
0 0.390625 0.732421875 0.0361328125 0.0361328125
0 0.5458984375 0.4951171875 0.1171875 0.099609375
0 0.1416015625 0.037109375 0.111328125 0.0732421875
0 0.248046875 0.04296875 0.056640625 0.0546875
0 0.103515625 0.1279296875 0.0419921875 0.0361328125
0 0.2236328125 0.9384765625 0.240234375 0.123046875
0 0.505859375 0.46484375 0.078125 0.0703125
0 0.716796875 0.103515625 0.080078125 0.0703125
0 0.833984375 0.494140625 0.1328125 0.125
0 0.029296875 0.4658203125 0.05859375 0.099609375
0 0.2724609375 0.314453125 0.09375 0.091796875
0 0.3447265625 0.3310546875 0.0546875 0.048828125
0 0.3203125 0.05859375 0.1328125 0.1171875
0 0.8974609375 0.2880859375 0.0703125 0.072265625
0 0.9716796875 0.810546875 0.056640625 0.056640625