0 0.1572265625 0.0966796875 0.0283203125 0.025390625
0 0.3505859375 0.052734375 0.060546875 0.048828125
0 0.4853515625 0.130859375 0.052734375 0.0419921875
0 0.474609375 0.177734375 0.021484375 0.015625
0 0.7685546875 0.0419921875 0.046875 0.0390625
0 0.6162109375 0.091796875 0.2578125 0.1826171875
0 0.802734375 0.0068359375 0.0185546875 0.013671875
0 0.72265625 0.42578125 0.0439453125 0.0361328125
0 0.8330078125 0.521484375 0.2158203125 0.1748046875
0 0.8017578125 0.3408203125 0.1357421875 0.1015625
0 0.15234375 0.3046875 0.021484375 0.0185546875
0 0.2890625 0.259765625 0.03125 0.0234375
0 0.3623046875 0.40234375 0.1611328125 0.1357421875
0 0.517578125 0.484375 0.0390625 0.03125
0 0.2998046875 0.5927734375 0.1953125 0.15625
0 0.1396484375 0.693359375 0.203125 0.1640625
0 0.052734375 0.673828125 0.064453125 0.0498046875
0 0.0576171875 0.861328125 0.0751953125 0.0625
0 0.240234375 0.892578125 0.0546875 0.0439453125
0 0.18359375 0.9609375 0.0830078125 0.0654296875
0 0.357421875 0.74609375 0.2109375 0.173828125
0 0.5634765625 0.814453125 0.208984375 0.1640625
0 0.591796875 0.7001953125 0.072265625 0.0546875
0 0.943359375 0.9111328125 0.0234375 0.0185546875
0 0.7705078125 0.78515625 0.0205078125 0.017578125
0 0.814453125 0.7744140625 0.046875 0.0361328125
0 0.8935546875 0.716796875 0.212890625 0.1796875
0 0.6533203125 0.6357421875 0.2080078125 0.1669921875