0 0.80078125 0.1259765625 0.0439453125 0.0439453125
0 0.8564453125 0.439453125 0.2001953125 0.1796875
0 0.9423828125 0.720703125 0.0810546875 0.0703125
0 0.5107421875 0.291015625 0.1279296875 0.1201171875
0 0.154296875 0.94140625 0.0966796875 0.09375
0 0.8427734375 0.2197265625 0.064453125 0.064453125
0 0.458984375 0.970703125 0.0703125 0.0576171875
0 0.4580078125 0.54296875 0.078125 0.0751953125
0 0.6767578125 0.873046875 0.126953125 0.111328125
0 0.4755859375 0.029296875 0.056640625 0.0517578125
0 0.283203125 0.7021484375 0.236328125 0.2080078125
0 0.150390625 0.8486328125 0.09375 0.0830078125
0 0.619140625 0.068359375 0.1455078125 0.1357421875
0 0.83203125 0.7490234375 0.052734375 0.0498046875
0 0.22265625 0.5634765625 0.0703125 0.0703125
0 0.3662109375 0.572265625 0.044921875 0.046875
0 0.92578125 0.0966796875 0.142578125 0.142578125
0 0.64453125 0.5615234375 0.1904296875 0.1640625
0 0.8603515625 0.68359375 0.052734375 0.046875
0 0.392578125 0.267578125 0.125 0.1171875
0 0.146484375 0.482421875 0.033203125 0.03125
0 0.7548828125 0.4951171875 0.052734375 0.052734375
0 0.9296875 0.845703125 0.0546875 0.0498046875
0 0.818359375 0.0888671875 0.0517578125 0.044921875
0 0.892578125 0.279296875 0.0341796875 0.033203125
0 0.123046875 0.763671875 0.046875 0.0439453125
0 0.8818359375 0.185546875 0.044921875 0.0419921875
0 0.775390625 0.673828125 0.0439453125 0.0419921875
0 0.962890625 0.3623046875 0.0439453125 0.0498046875
0 0.537109375 0.576171875 0.0439453125 0.0419921875
0 0.2744140625 0.26953125 0.244140625 0.2080078125
0 0.19140625 0.326171875 0.046875 0.0439453125
0 0.1650390625 0.1494140625 0.21875 0.2001953125
0 0.7119140625 0.2041015625 0.0732421875 0.068359375
0 0.9228515625 0.9013671875 0.048828125 0.044921875
0 0.201171875 0.8134765625 0.1328125 0.115234375
0 0.521484375 0.625 0.046875 0.0419921875
0 0.6044921875 0.234375 0.0419921875 0.0390625
0 0.537109375 0.8291015625 0.0625 0.0595703125
0 0.3056640625 0.111328125 0.0986328125 0.0966796875
0 0.296875 0.0693359375 0.0498046875 0.0439453125
0 0.5546875 0.185546875 0.0751953125 0.072265625
0 0.080078125 0.2158203125 0.1484375 0.123046875
0 0.052734375 0.287109375 0.0625 0.056640625
0 0.4375 0.31640625 0.099609375 0.087890625
0 0.35546875 0.1298828125 0.1220703125 0.115234375
0 0.705078125 0.0947265625 0.0859375 0.080078125
0 0.734375 0.017578125 0.083984375 0.0341796875
0 0.8525390625 0.173828125 0.025390625 0.025390625
0 0.51953125 0.16796875 0.0703125 0.0654296875
0 0.634765625 0.154296875 0.0234375 0.0205078125
0 0.046875 0.587890625 0.0595703125 0.046875
0 0.546875 0.4287109375 0.1435546875 0.130859375
0 0.6708984375 0.484375 0.095703125 0.087890625
0 0.427734375 0.697265625 0.119140625 0.1142578125
0 0.0439453125 0.763671875 0.087890625 0.1669921875
0 0.375 0.90234375 0.0361328125 0.0283203125
0 0.58203125 0.8984375 0.025390625 0.0263671875
0 0.494140625 0.8408203125 0.046875 0.052734375
0 0.3486328125 0.611328125 0.0439453125 0.0390625