0 0.814453125 0.521484375 0.1533203125 0.140625
0 0.3671875 0.9326171875 0.1533203125 0.1298828125
0 0.6826171875 0.822265625 0.1220703125 0.1142578125
0 0.2109375 0.8515625 0.0908203125 0.0810546875
0 0.26171875 0.521484375 0.0673828125 0.0625
0 0.6376953125 0.58984375 0.0625 0.0595703125
0 0.5625 0.6357421875 0.087890625 0.0810546875
0 0.15625 0.685546875 0.1064453125 0.099609375
0 0.853515625 0.6845703125 0.0673828125 0.0595703125
0 0.3359375 0.431640625 0.083984375 0.0830078125
0 0.431640625 0.330078125 0.162109375 0.1484375
0 0.525390625 0.4052734375 0.064453125 0.0546875
0 0.1982421875 0.5634765625 0.046875 0.046875
0 0.7998046875 0.5146484375 0.0625 0.0546875
0 0.107421875 0.408203125 0.1533203125 0.1376953125
0 0.8701171875 0.33984375 0.1015625 0.0908203125
0 0.1728515625 0.908203125 0.0517578125 0.044921875
0 0.7626953125 0.8115234375 0.0439453125 0.0517578125
0 0.4853515625 0.6767578125 0.044921875 0.0390625
0 0.072265625 0.890625 0.0703125 0.068359375
0 0.1083984375 0.787109375 0.0576171875 0.052734375
0 0.05078125 0.658203125 0.0498046875 0.0439453125
0 0.5908203125 0.115234375 0.119140625 0.1142578125
0 0.92578125 0.6494140625 0.0830078125 0.078125
0 0.3203125 0.70703125 0.1533203125 0.1357421875
0 0.3291015625 0.1171875 0.107421875 0.1015625
0 0.529296875 0.8076171875 0.158203125 0.1435546875
0 0.109375 0.380859375 0.099609375 0.09375
0 0.736328125 0.365234375 0.0517578125 0.0439453125
0 0.416015625 0.470703125 0.0859375 0.0830078125
0 0.7353515625 0.7265625 0.0625 0.0576171875
0 0.1533203125 0.60546875 0.03125 0.033203125
0 0.5556640625 0.564453125 0.0703125 0.064453125
0 0.576171875 0.5380859375 0.037109375 0.03125
0 0.015625 0.810546875 0.03125 0.0390625
0 0.0439453125 0.791015625 0.0439453125 0.0439453125
0 0.939453125 0.9462890625 0.041015625 0.0390625
0 0.12109375 0.4638671875 0.0732421875 0.0673828125
0 0.5888671875 0.2021484375 0.041015625 0.0361328125
0 0.2646484375 0.30078125 0.193359375 0.171875
0 0.326171875 0.2353515625 0.052734375 0.048828125
0 0.876953125 0.9365234375 0.052734375 0.0498046875
0 0.876953125 0.0419921875 0.0498046875 0.046875
0 0.1220703125 0.091796875 0.244140625 0.18359375
0 0.080078125 0.2060546875 0.087890625 0.0751953125
0 0.3017578125 0.041015625 0.1513671875 0.0810546875
0 0.9775390625 0.330078125 0.044921875 0.0625
0 0.9384765625 0.18359375 0.123046875 0.15234375
0 0.130859375 0.2958984375 0.0986328125 0.0986328125
0 0.1904296875 0.255859375 0.154296875 0.134765625
0 0.28515625 0.439453125 0.046875 0.048828125
0 0.271484375 0.93359375 0.126953125 0.1298828125
0 0.9140625 0.9833984375 0.1220703125 0.033203125
0 0.40625 0.6611328125 0.0986328125 0.0859375
0 0.9765625 0.66015625 0.046875 0.103515625
0 0.9462890625 0.5283203125 0.107421875 0.150390625
0 0.8408203125 0.59765625 0.0576171875 0.0361328125
0 0.8857421875 0.5703125 0.0517578125 0.0517578125
0 0.724609375 0.564453125 0.0830078125 0.0751953125
0 0.7333984375 0.603515625 0.0439453125 0.0390625
0 0.349609375 0.943359375 0.0498046875 0.046875
0 0.1982421875 0.8212890625 0.0654296875 0.0595703125