0 0.9609375 0.064453125 0.078125 0.0732421875
0 0.7080078125 0.130859375 0.0185546875 0.015625
0 0.638671875 0.2294921875 0.2265625 0.189453125
0 0.873046875 0.431640625 0.224609375 0.1845703125
0 0.681640625 0.5859375 0.1591796875 0.1201171875
0 0.455078125 0.529296875 0.1953125 0.162109375
0 0.3642578125 0.6181640625 0.068359375 0.0517578125
0 0.1328125 0.4580078125 0.0654296875 0.052734375
0 0.3037109375 0.314453125 0.208984375 0.171875
0 0.078125 0.607421875 0.15625 0.1376953125
0 0.2509765625 0.826171875 0.078125 0.0625
0 0.2099609375 0.9208984375 0.078125 0.064453125
0 0.4375 0.9169921875 0.212890625 0.166015625
0 0.6787109375 0.8720703125 0.046875 0.041015625
0 0.6904296875 0.787109375 0.1845703125 0.1455078125
0 0.841796875 0.8310546875 0.2001953125 0.1533203125
0 0.9775390625 0.8447265625 0.044921875 0.0419921875
0 0.87109375 0.943359375 0.1220703125 0.095703125
0 0.802734375 0.94921875 0.0205078125 0.0185546875
0 0.681640625 0.9306640625 0.017578125 0.015625