0 0.3828125 0.15625 0.0185546875 0.015625
0 0.443359375 0.16015625 0.0517578125 0.0419921875
0 0.5244140625 0.236328125 0.0546875 0.0439453125
0 0.181640625 0.2685546875 0.041015625 0.033203125
0 0.234375 0.298828125 0.0283203125 0.0234375
0 0.3447265625 0.392578125 0.177734375 0.1357421875
0 0.53125 0.462890625 0.2138671875 0.171875
0 0.744140625 0.4248046875 0.1435546875 0.1015625
0 0.8525390625 0.3896484375 0.017578125 0.013671875
0 0.337890625 0.55859375 0.0703125 0.056640625
0 0.1259765625 0.599609375 0.2138671875 0.1767578125
0 0.2578125 0.6533203125 0.2421875 0.1845703125
0 0.6689453125 0.595703125 0.046875 0.0419921875
0 0.822265625 0.591796875 0.0185546875 0.0126953125
0 0.818359375 0.787109375 0.060546875 0.0498046875
0 0.833984375 0.904296875 0.208984375 0.1513671875
0 0.712890625 0.8994140625 0.0419921875 0.0341796875
0 0.619140625 0.9404296875 0.087890625 0.0732421875
0 0.3037109375 0.939453125 0.134765625 0.107421875
0 0.0869140625 0.783203125 0.041015625 0.033203125
0 0.302734375 0.7861328125 0.2529296875 0.1953125
0 0.8955078125 0.7001953125 0.208984375 0.1845703125
0 0.1650390625 0.4560546875 0.033203125 0.0263671875
0 0.9091796875 0.2470703125 0.181640625 0.181640625
0 0.580078125 0.2080078125 0.017578125 0.0126953125
0 0.4111328125 0.50390625 0.013671875 0.0107421875
0 0.5576171875 0.6171875 0.0126953125 0.0107421875
0 0.421875 0.8896484375 0.0419921875 0.0361328125
0 0.3828125 0.90625 0.0419921875 0.0361328125