0 0.029296875 0.126953125 0.0234375 0.0205078125
0 0.1865234375 0.212890625 0.2001953125 0.162109375
0 0.2490234375 0.0234375 0.0732421875 0.046875
0 0.4697265625 0.3154296875 0.1064453125 0.0859375
0 0.6943359375 0.119140625 0.0625 0.052734375
0 0.64453125 0.1298828125 0.0703125 0.0576171875
0 0.970703125 0.15625 0.017578125 0.017578125
0 0.6875 0.3603515625 0.103515625 0.0810546875
0 0.9208984375 0.3759765625 0.158203125 0.1376953125
0 0.845703125 0.357421875 0.169921875 0.138671875
0 0.814453125 0.5244140625 0.1669921875 0.1376953125
0 0.876953125 0.6962890625 0.0205078125 0.017578125
0 0.908203125 0.6328125 0.126953125 0.1015625
0 0.9599609375 0.763671875 0.080078125 0.083984375
0 0.6767578125 0.8837890625 0.064453125 0.0517578125
0 0.451171875 0.91015625 0.021484375 0.015625
0 0.5107421875 0.8271484375 0.09375 0.0751953125
0 0.6630859375 0.74609375 0.0966796875 0.0810546875
0 0.462890625 0.7890625 0.0234375 0.0205078125
0 0.404296875 0.806640625 0.025390625 0.0205078125
0 0.4453125 0.658203125 0.109375 0.0859375
0 0.287109375 0.599609375 0.037109375 0.03125
0 0.173828125 0.587890625 0.1611328125 0.130859375
0 0.0654296875 0.955078125 0.072265625 0.056640625
0 0.046875 0.87890625 0.0654296875 0.0546875