0 0.4697265625 0.599609375 0.1435546875 0.1298828125
0 0.8076171875 0.3291015625 0.103515625 0.0966796875
0 0.736328125 0.232421875 0.0673828125 0.060546875
0 0.9296875 0.755859375 0.078125 0.0732421875
0 0.908203125 0.919921875 0.083984375 0.080078125
0 0.513671875 0.171875 0.0595703125 0.0517578125
0 0.724609375 0.123046875 0.1826171875 0.1669921875
0 0.875 0.02734375 0.064453125 0.0546875
0 0.087890625 0.3115234375 0.17578125 0.177734375
0 0.486328125 0.6962890625 0.09375 0.0908203125
0 0.9326171875 0.3291015625 0.134765625 0.1689453125
0 0.875 0.7158203125 0.0732421875 0.0654296875
0 0.2001953125 0.0927734375 0.2939453125 0.185546875
0 0.6435546875 0.8837890625 0.0888671875 0.0830078125
0 0.0908203125 0.177734375 0.056640625 0.0576171875
0 0.609375 0.322265625 0.056640625 0.0595703125
0 0.6767578125 0.7197265625 0.2216796875 0.2001953125
0 0.544921875 0.048828125 0.1875 0.09765625
0 0.564453125 0.0458984375 0.0673828125 0.0625
0 0.888671875 0.15234375 0.1142578125 0.103515625
0 0.708984375 0.3505859375 0.0986328125 0.09375
0 0.8349609375 0.1962890625 0.048828125 0.046875
0 0.8779296875 0.2197265625 0.048828125 0.0439453125
0 0.740234375 0.55859375 0.220703125 0.1923828125
0 0.80859375 0.02734375 0.0625 0.0546875
0 0.5283203125 0.806640625 0.1123046875 0.103515625
0 0.931640625 0.537109375 0.068359375 0.0625
0 0.5126953125 0.3642578125 0.037109375 0.033203125
0 0.5810546875 0.298828125 0.0576171875 0.056640625
0 0.80078125 0.23828125 0.048828125 0.0498046875
0 0.244140625 0.345703125 0.1826171875 0.169921875
0 0.98046875 0.546875 0.0390625 0.111328125
0 0.783203125 0.658203125 0.0830078125 0.0830078125
0 0.0458984375 0.736328125 0.091796875 0.1845703125
0 0.27734375 0.658203125 0.142578125 0.1279296875
0 0.4365234375 0.89453125 0.0908203125 0.091796875