0 0.16015625 0.2958984375 0.138671875 0.1123046875
0 0.2705078125 0.1123046875 0.0185546875 0.013671875
0 0.4345703125 0.1494140625 0.208984375 0.173828125
0 0.421875 0.25390625 0.021484375 0.015625
0 0.6796875 0.2080078125 0.041015625 0.033203125
0 0.7802734375 0.205078125 0.046875 0.037109375
0 0.740234375 0.1142578125 0.2001953125 0.1533203125
0 0.83203125 0.251953125 0.0234375 0.0205078125
0 0.9169921875 0.361328125 0.0546875 0.0419921875
0 0.78125 0.3359375 0.158203125 0.1298828125
0 0.775390625 0.3193359375 0.1201171875 0.0986328125
0 0.673828125 0.4248046875 0.1767578125 0.142578125
0 0.921875 0.5712890625 0.0517578125 0.0390625
0 0.75390625 0.642578125 0.138671875 0.1142578125
0 0.939453125 0.732421875 0.046875 0.0361328125
0 0.80078125 0.724609375 0.0341796875 0.0283203125
0 0.76953125 0.7998046875 0.087890625 0.0751953125
0 0.947265625 0.826171875 0.09375 0.0830078125
0 0.931640625 0.9091796875 0.0419921875 0.033203125
0 0.8466796875 0.9404296875 0.0859375 0.072265625
0 0.57421875 0.962890625 0.015625 0.0126953125
0 0.623046875 0.8447265625 0.0341796875 0.0263671875
0 0.4775390625 0.876953125 0.0517578125 0.041015625
0 0.349609375 0.9873046875 0.03125 0.025390625
0 0.169921875 0.927734375 0.0205078125 0.015625
0 0.2236328125 0.845703125 0.0185546875 0.015625
0 0.0185546875 0.970703125 0.025390625 0.0205078125
0 0.068359375 0.923828125 0.1357421875 0.1201171875
0 0.166015625 0.7841796875 0.140625 0.1123046875
0 0.044921875 0.6650390625 0.08984375 0.076171875
0 0.4267578125 0.5927734375 0.041015625 0.03125
0 0.31640625 0.587890625 0.080078125 0.064453125
0 0.189453125 0.5390625 0.091796875 0.078125
0 0.4619140625 0.357421875 0.068359375 0.0546875
0 0.544921875 0.5595703125 0.0205078125 0.015625
0 0.580078125 0.7080078125 0.1376953125 0.109375