0 0.5166015625 0.189453125 0.1767578125 0.15625
0 0.509765625 0.705078125 0.125 0.1123046875
0 0.8564453125 0.576171875 0.181640625 0.1669921875
0 0.615234375 0.5068359375 0.0986328125 0.091796875
0 0.5419921875 0.927734375 0.171875 0.1376953125
0 0.2275390625 0.525390625 0.142578125 0.1279296875
0 0.287109375 0.7119140625 0.138671875 0.1357421875
0 0.072265625 0.923828125 0.1435546875 0.1513671875
0 0.3134765625 0.8369140625 0.0703125 0.0654296875
0 0.1435546875 0.396484375 0.15625 0.146484375
0 0.1728515625 0.1279296875 0.162109375 0.1455078125
0 0.5947265625 0.8017578125 0.0830078125 0.078125
0 0.947265625 0.947265625 0.099609375 0.099609375
0 0.568359375 0.4228515625 0.1201171875 0.111328125
0 0.7587890625 0.919921875 0.078125 0.0810546875
0 0.068359375 0.623046875 0.0546875 0.0498046875
0 0.2890625 0.384765625 0.0966796875 0.0908203125
0 0.5263671875 0.5791015625 0.0595703125 0.0546875
0 0.7119140625 0.58984375 0.0498046875 0.048828125
0 0.4765625 0.57421875 0.0419921875 0.041015625
0 0.142578125 0.529296875 0.0361328125 0.0390625
0 0.8203125 0.8330078125 0.041015625 0.0419921875
0 0.7685546875 0.625 0.03125 0.029296875
0 0.6083984375 0.3193359375 0.046875 0.0439453125
0 0.2724609375 0.263671875 0.056640625 0.048828125
0 0.275390625 0.1767578125 0.1640625 0.150390625
0 0.3046875 0.1142578125 0.1171875 0.103515625
0 0.48046875 0.529296875 0.048828125 0.0419921875
0 0.9404296875 0.142578125 0.037109375 0.033203125
0 0.943359375 0.41796875 0.037109375 0.033203125
0 0.3544921875 0.4228515625 0.0361328125 0.033203125
0 0.953125 0.0595703125 0.041015625 0.0419921875
0 0.640625 0.380859375 0.087890625 0.0830078125
0 0.828125 0.0771484375 0.125 0.1142578125
0 0.9453125 0.7197265625 0.109375 0.1171875
0 0.044921875 0.16796875 0.08984375 0.14453125
0 0.0439453125 0.103515625 0.0859375 0.1533203125
0 0.046875 0.2763671875 0.09375 0.111328125
0 0.4697265625 0.048828125 0.134765625 0.09765625
0 0.4296875 0.3017578125 0.1357421875 0.125
0 0.0400390625 0.404296875 0.080078125 0.0986328125
0 0.052734375 0.517578125 0.1044921875 0.1298828125
0 0.185546875 0.8359375 0.126953125 0.119140625
0 0.1953125 0.7841796875 0.107421875 0.0986328125
0 0.646484375 0.908203125 0.173828125 0.162109375
0 0.1376953125 0.7431640625 0.123046875 0.1064453125
0 0.44140625 0.44921875 0.0517578125 0.048828125
0 0.3388671875 0.458984375 0.0283203125 0.0205078125