0 0.8994140625 0.083984375 0.052734375 0.0419921875
0 0.837890625 0.08984375 0.0439453125 0.0361328125
0 0.6884765625 0.19921875 0.033203125 0.0263671875
0 0.5908203125 0.02734375 0.0517578125 0.0419921875
0 0.548828125 0.119140625 0.056640625 0.046875
0 0.140625 0.2333984375 0.115234375 0.09375
0 0.5146484375 0.35546875 0.044921875 0.0361328125
0 0.4892578125 0.31640625 0.0888671875 0.072265625
0 0.6982421875 0.4052734375 0.046875 0.0390625
0 0.73828125 0.302734375 0.048828125 0.0390625
0 0.822265625 0.3037109375 0.0185546875 0.013671875
0 0.8486328125 0.3408203125 0.015625 0.0126953125
0 0.830078125 0.3544921875 0.03125 0.0234375
0 0.896484375 0.4140625 0.1220703125 0.0966796875
0 0.775390625 0.462890625 0.0234375 0.0205078125
0 0.7138671875 0.5009765625 0.0859375 0.068359375
0 0.4560546875 0.484375 0.041015625 0.033203125
0 0.2587890625 0.515625 0.0234375 0.0185546875
0 0.091796875 0.56640625 0.0234375 0.0185546875
0 0.2529296875 0.7138671875 0.0390625 0.033203125
0 0.3505859375 0.693359375 0.0439453125 0.0361328125
0 0.29296875 0.748046875 0.0205078125 0.015625
0 0.177734375 0.767578125 0.017578125 0.015625
0 0.009765625 0.7919921875 0.01953125 0.025390625
0 0.1259765625 0.90625 0.2421875 0.1875
0 0.3134765625 0.890625 0.0185546875 0.015625
0 0.455078125 0.962890625 0.013671875 0.0107421875
0 0.529296875 0.9501953125 0.0205078125 0.017578125
0 0.7431640625 0.833984375 0.1357421875 0.1123046875
0 0.8203125 0.50390625 0.046875 0.037109375
0 0.21875 0.3671875 0.0703125 0.0576171875
0 0.412109375 0.6103515625 0.044921875 0.0361328125
0 0.529296875 0.5693359375 0.1123046875 0.0908203125
0 0.720703125 0.5693359375 0.029296875 0.0234375
0 0.603515625 0.4443359375 0.0234375 0.0205078125
0 0.6552734375 0.439453125 0.0205078125 0.017578125