0 0.4287109375 0.087890625 0.048828125 0.0390625
0 0.6640625 0.111328125 0.2080078125 0.1611328125
0 0.7978515625 0.2431640625 0.193359375 0.1513671875
0 0.6357421875 0.3759765625 0.0439453125 0.0361328125
0 0.3203125 0.2705078125 0.232421875 0.181640625
0 0.0771484375 0.2734375 0.0283203125 0.0234375
0 0.10546875 0.353515625 0.080078125 0.0595703125
0 0.5029296875 0.50390625 0.0205078125 0.015625
0 0.4501953125 0.6708984375 0.033203125 0.0263671875
0 0.8642578125 0.576171875 0.033203125 0.0263671875
0 0.849609375 0.705078125 0.189453125 0.1513671875
0 0.724609375 0.9228515625 0.158203125 0.1220703125
0 0.2197265625 0.837890625 0.0888671875 0.0703125