0 0.1376953125 0.5654296875 0.125 0.123046875
0 0.7197265625 0.7529296875 0.2080078125 0.1767578125
0 0.2470703125 0.6875 0.0751953125 0.0673828125
0 0.791015625 0.111328125 0.181640625 0.1591796875
0 0.9404296875 0.638671875 0.1123046875 0.1123046875
0 0.796875 0.439453125 0.125 0.1171875
0 0.921875 0.8095703125 0.099609375 0.09375
0 0.6376953125 0.345703125 0.1171875 0.107421875
0 0.3505859375 0.416015625 0.0830078125 0.0751953125
0 0.8486328125 0.548828125 0.0908203125 0.0888671875
0 0.0498046875 0.185546875 0.099609375 0.103515625
0 0.556640625 0.6025390625 0.1044921875 0.09375
0 0.578125 0.685546875 0.0810546875 0.0751953125
0 0.4736328125 0.412109375 0.1220703125 0.1142578125
0 0.181640625 0.35546875 0.0576171875 0.0546875
0 0.2568359375 0.81640625 0.2080078125 0.185546875
0 0.091796875 0.119140625 0.0595703125 0.052734375
0 0.7392578125 0.912109375 0.1220703125 0.111328125
0 0.58203125 0.939453125 0.091796875 0.0859375
0 0.5185546875 0.3046875 0.130859375 0.123046875
0 0.041015625 0.49609375 0.060546875 0.0517578125
0 0.0908203125 0.7392578125 0.1611328125 0.142578125
0 0.203125 0.779296875 0.0751953125 0.0732421875
0 0.857421875 0.8671875 0.091796875 0.083984375
0 0.435546875 0.787109375 0.0908203125 0.0859375
0 0.9345703125 0.525390625 0.0810546875 0.0830078125
0 0.404296875 0.74609375 0.154296875 0.150390625
0 0.697265625 0.0380859375 0.087890625 0.076171875
0 0.0634765625 0.8798828125 0.1171875 0.107421875
0 0.232421875 0.9287109375 0.048828125 0.046875
0 0.5703125 0.8251953125 0.15625 0.154296875
0 0.5859375 0.845703125 0.0595703125 0.056640625
0 0.228515625 0.1455078125 0.09375 0.083984375
0 0.630859375 0.208984375 0.1201171875 0.103515625
0 0.845703125 0.3359375 0.0966796875 0.0859375
0 0.291015625 0.546875 0.1435546875 0.1328125
0 0.0517578125 0.59375 0.103515625 0.140625
0 0.3857421875 0.189453125 0.1142578125 0.103515625
0 0.474609375 0.18359375 0.1455078125 0.1376953125
0 0.5205078125 0.0390625 0.1533203125 0.078125
0 0.9287109375 0.0517578125 0.1357421875 0.103515625
0 0.916015625 0.2626953125 0.1328125 0.125
0 0.9658203125 0.373046875 0.068359375 0.0859375
0 0.79296875 0.287109375 0.126953125 0.1201171875
0 0.6552734375 0.466796875 0.1455078125 0.1376953125
0 0.7412109375 0.5751953125 0.2109375 0.1875
0 0.482421875 0.9453125 0.0986328125 0.09375
0 0.51953125 0.912109375 0.1044921875 0.095703125
0 0.1259765625 0.4482421875 0.130859375 0.1171875
0 0.095703125 0.330078125 0.0986328125 0.087890625
0 0.376953125 0.3154296875 0.138671875 0.1220703125
0 0.2587890625 0.607421875 0.126953125 0.109375
0 0.408203125 0.599609375 0.1484375 0.134765625
0 0.22265625 0.259765625 0.125 0.111328125
0 0.265625 0.3564453125 0.103515625 0.087890625
0 0.8388671875 0.951171875 0.115234375 0.0966796875
0 0.9638671875 0.94140625 0.072265625 0.1171875