0 0.7626953125 0.072265625 0.0908203125 0.0732421875
0 0.66015625 0.115234375 0.1201171875 0.095703125
0 0.6484375 0.248046875 0.2470703125 0.189453125
0 0.41015625 0.140625 0.0751953125 0.060546875
0 0.341796875 0.2001953125 0.0908203125 0.072265625
0 0.138671875 0.013671875 0.017578125 0.0126953125
0 0.1796875 0.240234375 0.255859375 0.2001953125
0 0.189453125 0.4619140625 0.041015625 0.033203125
0 0.619140625 0.419921875 0.205078125 0.158203125
0 0.8974609375 0.4580078125 0.0703125 0.0546875
0 0.9658203125 0.537109375 0.015625 0.0126953125
0 0.91796875 0.62109375 0.1640625 0.1484375
0 0.6904296875 0.578125 0.193359375 0.1513671875
0 0.416015625 0.662109375 0.0517578125 0.041015625
0 0.302734375 0.91015625 0.2236328125 0.1796875
0 0.591796875 0.9482421875 0.1796875 0.103515625
0 0.8583984375 0.830078125 0.2265625 0.1875