0 0.8544921875 0.548828125 0.2001953125 0.1748046875
0 0.111328125 0.791015625 0.169921875 0.1611328125
0 0.419921875 0.8916015625 0.142578125 0.1298828125
0 0.7373046875 0.6689453125 0.1513671875 0.1298828125
0 0.716796875 0.783203125 0.115234375 0.107421875
0 0.275390625 0.310546875 0.4013671875 0.2861328125
0 0.2607421875 0.365234375 0.052734375 0.0546875
0 0.798828125 0.4462890625 0.0595703125 0.052734375
0 0.1142578125 0.451171875 0.109375 0.099609375
0 0.8671875 0.1689453125 0.078125 0.0732421875
0 0.513671875 0.0654296875 0.134765625 0.126953125
0 0.552734375 0.1005859375 0.220703125 0.197265625
0 0.1494140625 0.5556640625 0.09375 0.0888671875
0 0.1796875 0.5517578125 0.0654296875 0.0654296875
0 0.8505859375 0.857421875 0.115234375 0.109375
0 0.779296875 0.2734375 0.048828125 0.046875
0 0.7041015625 0.40625 0.1044921875 0.09375
0 0.4990234375 0.6044921875 0.150390625 0.134765625
0 0.501953125 0.859375 0.046875 0.0419921875
0 0.9501953125 0.728515625 0.09375 0.109375
0 0.919921875 0.919921875 0.0673828125 0.064453125
0 0.404296875 0.7041015625 0.0654296875 0.0595703125
0 0.71484375 0.5517578125 0.0546875 0.0517578125
0 0.9521484375 0.4033203125 0.048828125 0.0439453125
0 0.525390625 0.5068359375 0.2626953125 0.208984375
0 0.4345703125 0.46484375 0.068359375 0.0673828125
0 0.1220703125 0.439453125 0.056640625 0.052734375
0 0.8740234375 0.318359375 0.037109375 0.033203125
0 0.7001953125 0.955078125 0.0498046875 0.044921875
0 0.775390625 0.6650390625 0.0703125 0.0625
0 0.2080078125 0.619140625 0.0595703125 0.0595703125
0 0.7412109375 0.115234375 0.0673828125 0.0673828125
0 0.517578125 0.384765625 0.048828125 0.046875
0 0.873046875 0.35546875 0.033203125 0.029296875
0 0.701171875 0.8603515625 0.041015625 0.037109375
0 0.068359375 0.3173828125 0.048828125 0.048828125
0 0.6259765625 0.806640625 0.0625 0.060546875
0 0.5546875 0.814453125 0.041015625 0.0390625
0 0.333984375 0.603515625 0.0625 0.0595703125
0 0.46875 0.1884765625 0.044921875 0.0419921875
0 0.794921875 0.111328125 0.1064453125 0.1015625
0 0.2705078125 0.419921875 0.052734375 0.052734375
0 0.384765625 0.513671875 0.033203125 0.03125
0 0.826171875 0.794921875 0.134765625 0.126953125
0 0.7880859375 0.7568359375 0.0751953125 0.0732421875
0 0.2158203125 0.9462890625 0.0595703125 0.0576171875
0 0.9775390625 0.9013671875 0.044921875 0.046875
0 0.2744140625 0.9453125 0.029296875 0.0283203125
0 0.7275390625 0.4736328125 0.041015625 0.0390625
0 0.9384765625 0.5947265625 0.052734375 0.0517578125
0 0.6728515625 0.9228515625 0.0576171875 0.0517578125
0 0.673828125 0.2958984375 0.0517578125 0.0439453125
0 0.16796875 0.8720703125 0.044921875 0.0419921875
0 0.86328125 0.423828125 0.046875 0.0419921875
0 0.291015625 0.6689453125 0.03125 0.029296875
0 0.0205078125 0.2939453125 0.041015625 0.072265625
0 0.2509765625 0.771484375 0.1298828125 0.123046875
0 0.287109375 0.140625 0.125 0.123046875
0 0.1455078125 0.0537109375 0.140625 0.107421875
0 0.380859375 0.150390625 0.158203125 0.140625
0 0.96484375 0.1494140625 0.0703125 0.0888671875
0 0.6044921875 0.419921875 0.0908203125 0.0859375
0 0.248046875 0.513671875 0.162109375 0.1455078125
0 0.298828125 0.923828125 0.029296875 0.025390625
0 0.0615234375 0.619140625 0.123046875 0.2626953125
0 0.376953125 0.6396484375 0.0986328125 0.0888671875
0 0.2158203125 0.083984375 0.138671875 0.1201171875
0 0.7275390625 0.037109375 0.138671875 0.0732421875
0 0.6416015625 0.0185546875 0.048828125 0.037109375
0 0.4990234375 0.974609375 0.091796875 0.0498046875
0 0.744140625 0.908203125 0.0263671875 0.025390625