0 0.23046875 0.212890625 0.162109375 0.1298828125
0 0.322265625 0.1298828125 0.123046875 0.0966796875
0 0.48828125 0.3056640625 0.236328125 0.193359375
0 0.68359375 0.2265625 0.037109375 0.029296875
0 0.8623046875 0.263671875 0.0908203125 0.072265625
0 0.8857421875 0.39453125 0.0234375 0.0185546875
0 0.7763671875 0.376953125 0.0185546875 0.015625
0 0.689453125 0.43359375 0.15625 0.1328125
0 0.755859375 0.48046875 0.0673828125 0.056640625
0 0.6953125 0.5205078125 0.0439453125 0.0361328125
0 0.9111328125 0.552734375 0.0234375 0.0185546875
0 0.9541015625 0.6904296875 0.0546875 0.0439453125
0 0.693359375 0.7021484375 0.0205078125 0.0126953125
0 0.646484375 0.650390625 0.017578125 0.015625
0 0.5751953125 0.6455078125 0.0517578125 0.0390625
0 0.556640625 0.857421875 0.0517578125 0.041015625
0 0.5380859375 0.75390625 0.1796875 0.146484375
0 0.75390625 0.78125 0.1904296875 0.162109375
0 0.900390625 0.880859375 0.025390625 0.021484375
0 0.3212890625 0.9501953125 0.0595703125 0.0498046875
0 0.4228515625 0.9580078125 0.087890625 0.0732421875
0 0.056640625 0.8671875 0.017578125 0.015625
0 0.263671875 0.6474609375 0.0263671875 0.0205078125
0 0.0380859375 0.654296875 0.052734375 0.0419921875
0 0.3564453125 0.5654296875 0.033203125 0.0263671875