0 0.3466796875 0.4404296875 0.203125 0.1767578125
0 0.5830078125 0.23046875 0.140625 0.1328125
0 0.076171875 0.505859375 0.140625 0.126953125
0 0.9140625 0.232421875 0.1171875 0.1044921875
0 0.1640625 0.6552734375 0.1669921875 0.15625
0 0.390625 0.294921875 0.138671875 0.1220703125
0 0.4248046875 0.7890625 0.0751953125 0.0654296875
0 0.1064453125 0.865234375 0.1123046875 0.1064453125
0 0.7265625 0.2578125 0.1533203125 0.140625
0 0.521484375 0.3271484375 0.076171875 0.0703125
0 0.1669921875 0.123046875 0.146484375 0.134765625
0 0.8330078125 0.46875 0.197265625 0.169921875
0 0.5078125 0.9072265625 0.173828125 0.1513671875
0 0.46484375 0.9423828125 0.0986328125 0.0908203125
0 0.716796875 0.5576171875 0.091796875 0.0859375
0 0.72265625 0.6572265625 0.0703125 0.0654296875
0 0.87109375 0.333984375 0.0654296875 0.0595703125
0 0.8330078125 0.9462890625 0.0546875 0.0517578125
0 0.8115234375 0.7763671875 0.1689453125 0.1484375
0 0.849609375 0.810546875 0.0625 0.056640625
0 0.328125 0.853515625 0.0654296875 0.056640625
0 0.076171875 0.6982421875 0.1015625 0.0966796875
0 0.623046875 0.0849609375 0.09375 0.091796875
0 0.630859375 0.021484375 0.12109375 0.04296875
0 0.2138671875 0.310546875 0.0908203125 0.0830078125
0 0.6513671875 0.59765625 0.09375 0.0810546875
0 0.212890625 0.861328125 0.169921875 0.1611328125
0 0.5078125 0.6953125 0.0888671875 0.0859375
0 0.5283203125 0.638671875 0.064453125 0.056640625
0 0.158203125 0.3544921875 0.076171875 0.072265625
0 0.3798828125 0.9423828125 0.130859375 0.115234375
0 0.3642578125 0.89453125 0.0654296875 0.0595703125
0 0.8876953125 0.708984375 0.0595703125 0.0595703125
0 0.0869140625 0.3505859375 0.0673828125 0.0625
0 0.958984375 0.158203125 0.0810546875 0.0830078125
0 0.4482421875 0.5205078125 0.0498046875 0.044921875
0 0.2734375 0.568359375 0.046875 0.046875
0 0.544921875 0.822265625 0.140625 0.1328125
0 0.279296875 0.291015625 0.046875 0.0439453125
0 0.3037109375 0.0390625 0.109375 0.078125
0 0.205078125 0.236328125 0.1298828125 0.115234375
0 0.37890625 0.197265625 0.1484375 0.1376953125
0 0.3662109375 0.556640625 0.115234375 0.1015625
0 0.611328125 0.8349609375 0.1123046875 0.1015625
0 0.5849609375 0.7646484375 0.0751953125 0.0625
0 0.0595703125 0.9658203125 0.091796875 0.068359375
0 0.0546875 0.7978515625 0.109375 0.1123046875
0 0.03125 0.681640625 0.0625 0.119140625
0 0.2265625 0.560546875 0.099609375 0.0908203125
0 0.4482421875 0.64453125 0.140625 0.142578125
0 0.0439453125 0.142578125 0.087890625 0.107421875
0 0.0263671875 0.267578125 0.052734375 0.0966796875
0 0.6005859375 0.4326171875 0.109375 0.099609375
0 0.876953125 0.109375 0.1591796875 0.1435546875