0 0.408203125 0.5869140625 0.091796875 0.0859375
0 0.5107421875 0.294921875 0.109375 0.103515625
0 0.8623046875 0.6181640625 0.275390625 0.2890625
0 0.146484375 0.298828125 0.0673828125 0.0703125
0 0.3271484375 0.384765625 0.044921875 0.0439453125
0 0.34375 0.673828125 0.099609375 0.0908203125
0 0.5029296875 0.791015625 0.0546875 0.0517578125
0 0.5263671875 0.615234375 0.1611328125 0.1533203125
0 0.4638671875 0.55859375 0.0595703125 0.056640625
0 0.6220703125 0.87109375 0.130859375 0.1171875
0 0.18359375 0.6611328125 0.1591796875 0.1484375
0 0.140625 0.6728515625 0.087890625 0.109375
0 0.505859375 0.5751953125 0.044921875 0.044921875
0 0.3388671875 0.50390625 0.0703125 0.0654296875
0 0.056640625 0.9599609375 0.068359375 0.0625
0 0.1123046875 0.68359375 0.1435546875 0.1298828125
0 0.080078125 0.5234375 0.0751953125 0.078125
0 0.0771484375 0.12890625 0.154296875 0.1591796875
0 0.033203125 0.904296875 0.052734375 0.0498046875
0 0.6171875 0.353515625 0.048828125 0.048828125
0 0.80078125 0.3642578125 0.1796875 0.158203125
0 0.7802734375 0.30859375 0.1484375 0.142578125
0 0.5078125 0.7041015625 0.0966796875 0.0830078125
0 0.533203125 0.208984375 0.0654296875 0.056640625
0 0.2861328125 0.333984375 0.052734375 0.048828125
0 0.328125 0.912109375 0.125 0.1123046875
0 0.6357421875 0.548828125 0.0517578125 0.056640625
0 0.837890625 0.259765625 0.060546875 0.056640625
0 0.2041015625 0.4599609375 0.0546875 0.0498046875
0 0.3095703125 0.9267578125 0.162109375 0.140625
0 0.630859375 0.791015625 0.0517578125 0.041015625
0 0.326171875 0.162109375 0.083984375 0.078125
0 0.3046875 0.435546875 0.0341796875 0.033203125
0 0.376953125 0.8173828125 0.0986328125 0.091796875
0 0.134765625 0.798828125 0.091796875 0.0888671875
0 0.9814453125 0.294921875 0.037109375 0.07421875
0 0.533203125 0.392578125 0.1201171875 0.107421875
0 0.556640625 0.3408203125 0.0341796875 0.03125
0 0.923828125 0.779296875 0.041015625 0.0361328125
0 0.5078125 0.7392578125 0.0595703125 0.052734375
0 0.4365234375 0.064453125 0.072265625 0.0673828125
0 0.0107421875 0.4013671875 0.021484375 0.080078125
0 0.1689453125 0.1787109375 0.140625 0.1298828125
0 0.2294921875 0.2294921875 0.1142578125 0.107421875
0 0.0283203125 0.2783203125 0.056640625 0.1328125
0 0.0498046875 0.302734375 0.0654296875 0.0654296875
0 0.513671875 0.615234375 0.048828125 0.0419921875
0 0.400390625 0.4208984375 0.123046875 0.1142578125
0 0.5029296875 0.4521484375 0.1689453125 0.154296875
0 0.8720703125 0.0380859375 0.15625 0.076171875
0 0.6650390625 0.189453125 0.1875 0.1767578125
0 0.6806640625 0.107421875 0.2392578125 0.2138671875
0 0.71875 0.119140625 0.1640625 0.146484375
0 0.6884765625 0.017578125 0.052734375 0.03515625
0 0.568359375 0.482421875 0.1015625 0.0986328125
0 0.958984375 0.841796875 0.0810546875 0.1064453125
0 0.7158203125 0.8447265625 0.1455078125 0.1376953125
0 0.5419921875 0.951171875 0.146484375 0.0966796875
0 0.412109375 0.9541015625 0.169921875 0.091796875
0 0.048828125 0.724609375 0.0966796875 0.1123046875
0 0.0322265625 0.5439453125 0.064453125 0.146484375
0 0.044921875 0.46875 0.0576171875 0.0595703125
0 0.0263671875 0.490234375 0.048828125 0.0439453125
0 0.1689453125 0.0439453125 0.1689453125 0.087890625
0 0.3857421875 0.197265625 0.0810546875 0.0751953125