0 0.833984375 0.048828125 0.1123046875 0.0966796875
0 0.4208984375 0.181640625 0.154296875 0.146484375
0 0.3583984375 0.8681640625 0.1767578125 0.1640625
0 0.3935546875 0.630859375 0.142578125 0.126953125
0 0.1845703125 0.5439453125 0.087890625 0.078125
0 0.71875 0.5986328125 0.125 0.119140625
0 0.267578125 0.095703125 0.166015625 0.1455078125
0 0.6201171875 0.7373046875 0.2451171875 0.2138671875
0 0.5341796875 0.6923828125 0.1123046875 0.099609375
0 0.337890625 0.4560546875 0.1201171875 0.1064453125
0 0.5380859375 0.244140625 0.1142578125 0.109375
0 0.931640625 0.7578125 0.0810546875 0.080078125
0 0.8876953125 0.4794921875 0.125 0.1142578125
0 0.4296875 0.728515625 0.0859375 0.0830078125
0 0.5419921875 0.572265625 0.1298828125 0.119140625
0 0.181640625 0.4638671875 0.0888671875 0.0859375
0 0.525390625 0.87109375 0.095703125 0.087890625
0 0.7109375 0.28125 0.162109375 0.1455078125
0 0.111328125 0.87109375 0.095703125 0.0830078125
0 0.517578125 0.087890625 0.1220703125 0.1171875
0 0.7587890625 0.1806640625 0.078125 0.0732421875
0 0.6044921875 0.09375 0.0830078125 0.076171875
0 0.41015625 0.5 0.056640625 0.0576171875
0 0.0888671875 0.349609375 0.078125 0.076171875
0 0.1630859375 0.697265625 0.0703125 0.0673828125
0 0.033203125 0.1806640625 0.06640625 0.083984375
0 0.0703125 0.7890625 0.103515625 0.095703125
0 0.134765625 0.208984375 0.056640625 0.056640625
0 0.8623046875 0.36328125 0.087890625 0.0830078125
0 0.5205078125 0.9638671875 0.0859375 0.072265625
0 0.6318359375 0.5556640625 0.056640625 0.0517578125
0 0.24609375 0.2392578125 0.1357421875 0.126953125
0 0.7548828125 0.935546875 0.220703125 0.1279296875
0 0.84375 0.9677734375 0.0625 0.0595703125
0 0.25390625 0.9365234375 0.087890625 0.0751953125
0 0.7197265625 0.748046875 0.0673828125 0.0625
0 0.87109375 0.59765625 0.0546875 0.0498046875
0 0.150390625 0.603515625 0.056640625 0.052734375
0 0.671875 0.666015625 0.0439453125 0.0419921875
0 0.833984375 0.671875 0.099609375 0.09375
0 0.9345703125 0.1650390625 0.091796875 0.083984375
0 0.927734375 0.2314453125 0.0751953125 0.0673828125
0 0.703125 0.8974609375 0.087890625 0.0703125
0 0.6533203125 0.4267578125 0.125 0.1201171875
0 0.798828125 0.810546875 0.046875 0.0439453125
0 0.7705078125 0.845703125 0.052734375 0.0439453125
0 0.0654296875 0.623046875 0.1064453125 0.103515625
0 0.1796875 0.275390625 0.0595703125 0.0546875
0 0.455078125 0.02734375 0.091796875 0.0546875
0 0.166015625 0.3369140625 0.142578125 0.1279296875
0 0.19140625 0.17578125 0.0625 0.052734375
0 0.0498046875 0.3193359375 0.099609375 0.09375
0 0.0986328125 0.03515625 0.140625 0.0703125
0 0.345703125 0.0263671875 0.1328125 0.052734375
0 0.72265625 0.048828125 0.130859375 0.0966796875
0 0.9833984375 0.1416015625 0.033203125 0.099609375
0 0.9736328125 0.267578125 0.052734375 0.0966796875
0 0.84765625 0.5478515625 0.0966796875 0.0830078125
0 0.98828125 0.541015625 0.0234375 0.0908203125
0 0.580078125 0.462890625 0.1171875 0.1171875
0 0.966796875 0.681640625 0.0654296875 0.126953125
0 0.978515625 0.841796875 0.0419921875 0.087890625
0 0.443359375 0.9658203125 0.1142578125 0.068359375
0 0.283203125 0.98046875 0.126953125 0.0390625
0 0.056640625 0.9345703125 0.0859375 0.078125
0 0.251953125 0.708984375 0.1376953125 0.119140625
0 0.2724609375 0.6484375 0.056640625 0.0576171875
0 0.8046875 0.330078125 0.1201171875 0.115234375
0 0.923828125 0.396484375 0.142578125 0.123046875