0 0.375 0.923828125 0.1123046875 0.1044921875
0 0.732421875 0.076171875 0.1279296875 0.1171875
0 0.390625 0.59375 0.1064453125 0.0966796875
0 0.2841796875 0.1484375 0.119140625 0.109375
0 0.125 0.1171875 0.119140625 0.1064453125
0 0.2001953125 0.5703125 0.130859375 0.1201171875
0 0.548828125 0.5849609375 0.1533203125 0.1435546875
0 0.48046875 0.734375 0.080078125 0.0732421875
0 0.7265625 0.4697265625 0.0966796875 0.0888671875
0 0.3427734375 0.4931640625 0.0673828125 0.060546875
0 0.533203125 0.158203125 0.1875 0.1689453125
0 0.4072265625 0.4580078125 0.107421875 0.099609375
0 0.6533203125 0.611328125 0.0810546875 0.080078125
0 0.51171875 0.423828125 0.0810546875 0.072265625
0 0.9150390625 0.330078125 0.1640625 0.1484375
0 0.4765625 0.841796875 0.072265625 0.0654296875
0 0.2548828125 0.2685546875 0.111328125 0.0986328125
0 0.740234375 0.9345703125 0.1064453125 0.0966796875
0 0.4033203125 0.25390625 0.076171875 0.068359375
0 0.8251953125 0.630859375 0.099609375 0.099609375
0 0.5390625 0.328125 0.064453125 0.0576171875
0 0.291015625 0.650390625 0.068359375 0.0576171875
0 0.7578125 0.341796875 0.109375 0.1015625
0 0.833984375 0.353515625 0.052734375 0.048828125
0 0.927734375 0.291015625 0.125 0.1142578125
0 0.111328125 0.306640625 0.046875 0.044921875
0 0.677734375 0.224609375 0.064453125 0.056640625
0 0.9326171875 0.5146484375 0.072265625 0.0673828125
0 0.62890625 0.853515625 0.0703125 0.0654296875
0 0.869140625 0.828125 0.162109375 0.146484375
0 0.9013671875 0.7724609375 0.052734375 0.0498046875
0 0.947265625 0.4580078125 0.0498046875 0.046875
0 0.759765625 0.232421875 0.064453125 0.056640625
0 0.8095703125 0.849609375 0.15625 0.1435546875
0 0.546875 0.392578125 0.09375 0.0810546875
0 0.955078125 0.72265625 0.083984375 0.0966796875
0 0.2138671875 0.716796875 0.109375 0.0966796875
0 0.044921875 0.2216796875 0.0888671875 0.1611328125
0 0.138671875 0.568359375 0.052734375 0.0546875
0 0.712890625 0.6728515625 0.09375 0.0859375
0 0.1962890625 0.791015625 0.1142578125 0.0986328125
0 0.8671875 0.22265625 0.052734375 0.046875
0 0.341796875 0.708984375 0.1533203125 0.134765625
0 0.767578125 0.650390625 0.0966796875 0.0966796875
0 0.48828125 0.1064453125 0.0986328125 0.091796875
0 0.873046875 0.060546875 0.1591796875 0.1201171875
0 0.6865234375 0.3251953125 0.1357421875 0.130859375
0 0.982421875 0.501953125 0.0341796875 0.0908203125
0 0.8505859375 0.931640625 0.0703125 0.0625
0 0.1982421875 0.0400390625 0.115234375 0.078125
0 0.40625 0.109375 0.0576171875 0.0517578125
0 0.873046875 0.1796875 0.046875 0.0419921875
0 0.595703125 0.9736328125 0.09375 0.052734375
0 0.251953125 0.9091796875 0.138671875 0.1279296875