0 0.330078125 0.19921875 0.197265625 0.1767578125
0 0.1357421875 0.0947265625 0.1533203125 0.142578125
0 0.6015625 0.431640625 0.203125 0.1826171875
0 0.5732421875 0.630859375 0.0966796875 0.0888671875
0 0.576171875 0.1904296875 0.0654296875 0.0595703125
0 0.4541015625 0.5634765625 0.080078125 0.0654296875
0 0.533203125 0.775390625 0.0361328125 0.0361328125
0 0.556640625 0.8857421875 0.087890625 0.0830078125
0 0.017578125 0.685546875 0.0341796875 0.046875
0 0.716796875 0.734375 0.177734375 0.1640625
0 0.7666015625 0.798828125 0.0654296875 0.0595703125
0 0.509765625 0.037109375 0.0810546875 0.0732421875
0 0.17578125 0.775390625 0.091796875 0.0888671875
0 0.5810546875 0.767578125 0.0625 0.0625
0 0.0908203125 0.53515625 0.0498046875 0.044921875
0 0.947265625 0.361328125 0.0498046875 0.044921875
0 0.3720703125 0.7744140625 0.0439453125 0.0419921875
0 0.3203125 0.5263671875 0.046875 0.044921875
0 0.587890625 0.033203125 0.0439453125 0.041015625
0 0.626953125 0.220703125 0.046875 0.046875
0 0.060546875 0.4638671875 0.1044921875 0.1015625
0 0.123046875 0.677734375 0.064453125 0.0654296875
0 0.8681640625 0.7568359375 0.0576171875 0.056640625
0 0.759765625 0.6025390625 0.0439453125 0.037109375
0 0.0283203125 0.826171875 0.056640625 0.0625
0 0.162109375 0.958984375 0.0517578125 0.044921875
0 0.1904296875 0.4814453125 0.099609375 0.0888671875
0 0.439453125 0.4677734375 0.146484375 0.1376953125
0 0.359375 0.6689453125 0.056640625 0.0517578125
0 0.2734375 0.5390625 0.0341796875 0.0341796875
0 0.591796875 0.134765625 0.0390625 0.037109375
0 0.8515625 0.2509765625 0.0732421875 0.0654296875
0 0.3076171875 0.619140625 0.0546875 0.046875
0 0.7216796875 0.591796875 0.0263671875 0.0234375
0 0.0810546875 0.95703125 0.09375 0.0810546875
0 0.1240234375 0.4599609375 0.03125 0.03125
0 0.712890625 0.86328125 0.046875 0.044921875
0 0.224609375 0.66796875 0.1123046875 0.1064453125
0 0.318359375 0.0810546875 0.029296875 0.0283203125
0 0.953125 0.2412109375 0.0341796875 0.033203125
0 0.083984375 0.64453125 0.037109375 0.037109375
0 0.91796875 0.048828125 0.140625 0.09765625
0 0.9814453125 0.275390625 0.037109375 0.056640625
0 0.890625 0.3837890625 0.0595703125 0.0546875
0 0.734375 0.376953125 0.255859375 0.228515625
0 0.6416015625 0.615234375 0.080078125 0.080078125
0 0.107421875 0.3662109375 0.21484375 0.193359375
0 0.0126953125 0.3837890625 0.025390625 0.060546875
0 0.2001953125 0.345703125 0.072265625 0.068359375
0 0.220703125 0.5009765625 0.09375 0.0830078125
0 0.58203125 0.9677734375 0.076171875 0.064453125
0 0.66015625 0.9658203125 0.15234375 0.068359375
0 0.8251953125 0.9423828125 0.193359375 0.115234375
0 0.2451171875 0.8720703125 0.078125 0.072265625
0 0.11328125 0.775390625 0.068359375 0.0654296875
0 0.025390625 0.6259765625 0.0498046875 0.0830078125
0 0.9482421875 0.763671875 0.103515625 0.173828125
0 0.275390625 0.7939453125 0.138671875 0.123046875
0 0.2998046875 0.2998046875 0.021484375 0.015625