0 0.39453125 0.439453125 0.126953125 0.1123046875
0 0.6796875 0.169921875 0.1298828125 0.1201171875
0 0.5029296875 0.1220703125 0.087890625 0.0810546875
0 0.845703125 0.603515625 0.1591796875 0.150390625
0 0.111328125 0.720703125 0.115234375 0.107421875
0 0.5498046875 0.0390625 0.0625 0.056640625
0 0.89453125 0.2490234375 0.072265625 0.0654296875
0 0.724609375 0.302734375 0.0810546875 0.0732421875
0 0.78515625 0.48828125 0.138671875 0.1171875
0 0.685546875 0.052734375 0.095703125 0.0810546875
0 0.5458984375 0.775390625 0.1044921875 0.095703125
0 0.259765625 0.916015625 0.068359375 0.0673828125
0 0.400390625 0.15234375 0.0751953125 0.0654296875
0 0.2109375 0.5888671875 0.0654296875 0.0625
0 0.642578125 0.9677734375 0.1298828125 0.064453125
0 0.6845703125 0.798828125 0.1591796875 0.138671875
0 0.4189453125 0.552734375 0.0546875 0.0517578125
0 0.802734375 0.150390625 0.0576171875 0.0546875
0 0.3173828125 0.072265625 0.072265625 0.0673828125
0 0.861328125 0.150390625 0.052734375 0.048828125
0 0.6923828125 0.4013671875 0.1923828125 0.177734375
0 0.3154296875 0.7587890625 0.068359375 0.0625
0 0.1982421875 0.890625 0.052734375 0.0498046875
0 0.26171875 0.9189453125 0.0732421875 0.072265625
0 0.03125 0.0576171875 0.0625 0.103515625
0 0.060546875 0.4521484375 0.12109375 0.166015625
0 0.162109375 0.2607421875 0.1044921875 0.0986328125
0 0.431640625 0.7421875 0.1611328125 0.1533203125
0 0.361328125 0.755859375 0.0966796875 0.0986328125
0 0.0244140625 0.685546875 0.048828125 0.1142578125
0 0.611328125 0.859375 0.072265625 0.0625
0 0.9033203125 0.775390625 0.166015625 0.154296875
0 0.9765625 0.6318359375 0.046875 0.1015625