0 0.1181640625 0.0546875 0.0283203125 0.0234375
0 0.2548828125 0.1044921875 0.033203125 0.0263671875
0 0.4423828125 0.091796875 0.21875 0.173828125
0 0.345703125 0.2431640625 0.109375 0.09375
0 0.3837890625 0.337890625 0.0390625 0.03125
0 0.515625 0.333984375 0.0126953125 0.009765625
0 0.90625 0.2783203125 0.0703125 0.0576171875
0 0.267578125 0.38671875 0.013671875 0.0107421875
0 0.248046875 0.6201171875 0.068359375 0.0546875
0 0.275390625 0.587890625 0.171875 0.1357421875
0 0.2880859375 0.703125 0.0234375 0.0205078125
0 0.3818359375 0.69140625 0.015625 0.0126953125
0 0.4853515625 0.626953125 0.015625 0.0126953125
0 0.513671875 0.7294921875 0.2109375 0.1689453125
0 0.7705078125 0.884765625 0.0419921875 0.03125
0 0.4140625 0.91015625 0.044921875 0.037109375
0 0.193359375 0.845703125 0.0439453125 0.037109375
0 0.1884765625 0.7958984375 0.1591796875 0.126953125
0 0.369140625 0.80859375 0.1298828125 0.1044921875
0 0.6171875 0.6611328125 0.2265625 0.177734375
0 0.8583984375 0.6748046875 0.072265625 0.0546875
0 0.7314453125 0.5654296875 0.1435546875 0.1123046875
0 0.94140625 0.501953125 0.017578125 0.015625
0 0.654296875 0.4228515625 0.2890625 0.21875