0 0.3203125 0.63671875 0.1220703125 0.1123046875
0 0.9169921875 0.17578125 0.126953125 0.1142578125
0 0.6298828125 0.7021484375 0.0986328125 0.0908203125
0 0.509765625 0.955078125 0.107421875 0.0888671875
0 0.482421875 0.640625 0.0966796875 0.0908203125
0 0.345703125 0.51171875 0.0595703125 0.0546875
0 0.4208984375 0.427734375 0.1064453125 0.09375
0 0.2265625 0.8642578125 0.1123046875 0.103515625
0 0.9462890625 0.4228515625 0.107421875 0.119140625
0 0.7158203125 0.580078125 0.0625 0.0595703125
0 0.4697265625 0.5625 0.083984375 0.076171875
0 0.130859375 0.060546875 0.095703125 0.0859375
0 0.3671875 0.82421875 0.0595703125 0.052734375
0 0.099609375 0.9443359375 0.0986328125 0.0888671875
0 0.794921875 0.16015625 0.119140625 0.1220703125
0 0.2939453125 0.33984375 0.09375 0.087890625
0 0.0869140625 0.650390625 0.1044921875 0.0986328125
0 0.337890625 0.26953125 0.056640625 0.052734375
0 0.169921875 0.4130859375 0.103515625 0.099609375
0 0.0595703125 0.2841796875 0.1044921875 0.095703125
0 0.576171875 0.2705078125 0.1513671875 0.1279296875
0 0.689453125 0.1455078125 0.126953125 0.1201171875
0 0.787109375 0.732421875 0.0703125 0.064453125
0 0.9169921875 0.7060546875 0.068359375 0.0654296875
0 0.736328125 0.0419921875 0.0966796875 0.083984375
0 0.4423828125 0.216796875 0.1279296875 0.1357421875
0 0.5361328125 0.416015625 0.0595703125 0.0595703125
0 0.0439453125 0.123046875 0.0859375 0.0986328125
0 0.4921875 0.125 0.0654296875 0.0625
0 0.3759765625 0.3291015625 0.0517578125 0.048828125
0 0.298828125 0.23828125 0.046875 0.0439453125
0 0.369140625 0.0283203125 0.056640625 0.0517578125
0 0.560546875 0.22265625 0.1279296875 0.115234375
0 0.724609375 0.8740234375 0.0498046875 0.046875
0 0.162109375 0.6201171875 0.056640625 0.0546875
0 0.6728515625 0.052734375 0.0595703125 0.060546875
0 0.6865234375 0.970703125 0.1591796875 0.0576171875
0 0.447265625 0.41796875 0.0439453125 0.0439453125
0 0.6572265625 0.1025390625 0.052734375 0.0498046875
0 0.5703125 0.423828125 0.064453125 0.0625
0 0.197265625 0.615234375 0.0654296875 0.0625
0 0.021484375 0.6083984375 0.0419921875 0.0703125
0 0.296875 0.955078125 0.140625 0.0888671875
0 0.8916015625 0.384765625 0.109375 0.099609375
0 0.8232421875 0.392578125 0.0703125 0.068359375
0 0.2265625 0.5595703125 0.0810546875 0.078125