0 0.1005859375 0.158203125 0.158203125 0.146484375
0 0.5458984375 0.154296875 0.154296875 0.138671875
0 0.1572265625 0.41796875 0.130859375 0.1201171875
0 0.5859375 0.84765625 0.103515625 0.095703125
0 0.3154296875 0.5947265625 0.125 0.115234375
0 0.0927734375 0.810546875 0.1123046875 0.1044921875
0 0.0439453125 0.95703125 0.0546875 0.0517578125
0 0.046875 0.9169921875 0.0751953125 0.0703125
0 0.345703125 0.48828125 0.072265625 0.0673828125
0 0.8115234375 0.177734375 0.060546875 0.056640625
0 0.3203125 0.1103515625 0.056640625 0.0546875
0 0.4560546875 0.498046875 0.125 0.1171875
0 0.1298828125 0.5302734375 0.0595703125 0.0595703125
0 0.392578125 0.830078125 0.1044921875 0.095703125
0 0.9287109375 0.357421875 0.111328125 0.103515625
0 0.248046875 0.126953125 0.068359375 0.060546875
0 0.5263671875 0.7392578125 0.078125 0.0703125
0 0.93359375 0.193359375 0.0576171875 0.0546875
0 0.080078125 0.318359375 0.1044921875 0.099609375
0 0.865234375 0.7060546875 0.1123046875 0.099609375
0 0.4423828125 0.7451171875 0.0859375 0.078125
0 0.923828125 0.126953125 0.0595703125 0.0546875
0 0.716796875 0.8369140625 0.166015625 0.1484375
0 0.4267578125 0.6298828125 0.0703125 0.0673828125
0 0.3544921875 0.60546875 0.0546875 0.0517578125
0 0.732421875 0.408203125 0.078125 0.0703125
0 0.83203125 0.583984375 0.083984375 0.078125
0 0.6640625 0.5556640625 0.1220703125 0.1142578125
0 0.474609375 0.865234375 0.1533203125 0.140625
0 0.87890625 0.529296875 0.0830078125 0.072265625
0 0.099609375 0.681640625 0.080078125 0.0732421875
0 0.9130859375 0.60546875 0.0517578125 0.0498046875
0 0.333984375 0.314453125 0.048828125 0.041015625
0 0.8681640625 0.107421875 0.064453125 0.060546875
0 0.6181640625 0.7373046875 0.0830078125 0.0751953125
0 0.9609375 0.443359375 0.078125 0.087890625
0 0.263671875 0.8056640625 0.076171875 0.0751953125
0 0.912109375 0.046875 0.056640625 0.052734375
0 0.9404296875 0.353515625 0.0498046875 0.044921875
0 0.05859375 0.6123046875 0.0439453125 0.0390625
0 0.576171875 0.5048828125 0.0595703125 0.0654296875
0 0.8203125 0.4482421875 0.041015625 0.041015625
0 0.0322265625 0.041015625 0.064453125 0.08203125
0 0.0224609375 0.8359375 0.044921875 0.0595703125
0 0.134765625 0.486328125 0.1484375 0.134765625
0 0.2724609375 0.216796875 0.111328125 0.1015625
0 0.6484375 0.6884765625 0.1748046875 0.1611328125
0 0.40625 0.044921875 0.10546875 0.08984375
0 0.451171875 0.0390625 0.0751953125 0.068359375
0 0.478515625 0.427734375 0.072265625 0.0625
0 0.5625 0.451171875 0.134765625 0.115234375
0 0.5439453125 0.5234375 0.048828125 0.046875
0 0.6787109375 0.48046875 0.0654296875 0.060546875
0 0.6923828125 0.421875 0.0888671875 0.0810546875
0 0.513671875 0.3076171875 0.111328125 0.1015625