0 0.88671875 0.248046875 0.1357421875 0.1279296875
0 0.5546875 0.060546875 0.0966796875 0.0908203125
0 0.490234375 0.619140625 0.1357421875 0.125
0 0.37890625 0.5400390625 0.095703125 0.0888671875
0 0.1728515625 0.78125 0.0966796875 0.0859375
0 0.19140625 0.712890625 0.09375 0.080078125
0 0.7890625 0.3916015625 0.134765625 0.126953125
0 0.2080078125 0.8896484375 0.1591796875 0.1435546875
0 0.068359375 0.501953125 0.068359375 0.0654296875
0 0.341796875 0.638671875 0.080078125 0.0673828125
0 0.40625 0.443359375 0.091796875 0.0830078125
0 0.431640625 0.0703125 0.068359375 0.0595703125
0 0.0771484375 0.7421875 0.111328125 0.1015625
0 0.853515625 0.888671875 0.080078125 0.0751953125
0 0.2568359375 0.322265625 0.1044921875 0.099609375
0 0.5859375 0.2109375 0.078125 0.0703125
0 0.8701171875 0.763671875 0.0966796875 0.091796875
0 0.3369140625 0.7412109375 0.1044921875 0.09375
0 0.2197265625 0.5458984375 0.1064453125 0.09375
0 0.416015625 0.130859375 0.091796875 0.078125
0 0.634765625 0.123046875 0.1142578125 0.1064453125
0 0.1220703125 0.033203125 0.1142578125 0.0654296875
0 0.361328125 0.927734375 0.1591796875 0.1435546875
0 0.537109375 0.384765625 0.0986328125 0.095703125
0 0.4638671875 0.7119140625 0.072265625 0.068359375
0 0.7294921875 0.9501953125 0.0966796875 0.09375
0 0.5927734375 0.50390625 0.1611328125 0.1455078125
0 0.6376953125 0.4521484375 0.078125 0.0673828125
0 0.0546875 0.361328125 0.0595703125 0.0546875
0 0.916015625 0.1083984375 0.15625 0.146484375
0 0.4765625 0.263671875 0.083984375 0.080078125
0 0.349609375 0.208984375 0.0751953125 0.0673828125
0 0.7919921875 0.5087890625 0.0966796875 0.0966796875
0 0.1748046875 0.23046875 0.0625 0.056640625
0 0.1826171875 0.4345703125 0.080078125 0.0703125
0 0.470703125 0.474609375 0.0625 0.0595703125
0 0.6982421875 0.337890625 0.083984375 0.0830078125
0 0.623046875 0.291015625 0.0546875 0.052734375
0 0.107421875 0.5947265625 0.048828125 0.046875
0 0.7373046875 0.240234375 0.119140625 0.1044921875
0 0.62109375 0.357421875 0.0732421875 0.068359375
0 0.9326171875 0.61328125 0.1171875 0.1064453125
0 0.521484375 0.70703125 0.0654296875 0.0673828125
0 0.529296875 0.8212890625 0.1298828125 0.1171875
0 0.681640625 0.40625 0.0517578125 0.044921875
0 0.3017578125 0.3955078125 0.1220703125 0.1220703125
0 0.779296875 0.7724609375 0.1142578125 0.109375
0 0.50390625 0.125 0.0654296875 0.0576171875
0 0.27734375 0.1923828125 0.080078125 0.0751953125
0 0.9658203125 0.361328125 0.0625 0.064453125
0 0.90234375 0.548828125 0.1044921875 0.0986328125
0 0.2734375 0.0615234375 0.1171875 0.0966796875
0 0.0224609375 0.099609375 0.044921875 0.099609375
0 0.1162109375 0.2607421875 0.123046875 0.1142578125
0 0.107421875 0.384765625 0.1123046875 0.1015625
0 0.0361328125 0.57421875 0.072265625 0.126953125
0 0.4716796875 0.9765625 0.125 0.046875
0 0.6142578125 0.82421875 0.1171875 0.115234375
0 0.681640625 0.583984375 0.181640625 0.1611328125
0 0.896484375 0.4580078125 0.154296875 0.1357421875
0 0.4453125 0.3857421875 0.0908203125 0.080078125
0 0.8447265625 0.048828125 0.123046875 0.09765625
0 0.740234375 0.03515625 0.0830078125 0.0703125
0 0.1240234375 0.1484375 0.0654296875 0.0595703125
0 0.7451171875 0.69921875 0.1376953125 0.1220703125