0 0.357421875 0.158203125 0.09375 0.080078125
0 0.5732421875 0.763671875 0.083984375 0.078125
0 0.4541015625 0.0478515625 0.0703125 0.0654296875
0 0.3642578125 0.5126953125 0.1435546875 0.1298828125
0 0.9326171875 0.603515625 0.115234375 0.107421875
0 0.8662109375 0.865234375 0.1015625 0.0986328125
0 0.490234375 0.130859375 0.1123046875 0.103515625
0 0.5283203125 0.59375 0.1064453125 0.099609375
0 0.1513671875 0.677734375 0.0908203125 0.0830078125
0 0.197265625 0.416015625 0.1015625 0.0966796875
0 0.765625 0.2724609375 0.078125 0.0703125
0 0.1142578125 0.3779296875 0.060546875 0.0595703125
0 0.6064453125 0.6904296875 0.0673828125 0.0595703125
0 0.2626953125 0.08984375 0.0654296875 0.0576171875
0 0.5791015625 0.1533203125 0.064453125 0.060546875
0 0.669921875 0.3505859375 0.0654296875 0.0595703125
0 0.513671875 0.671875 0.0595703125 0.0517578125
0 0.4150390625 0.2373046875 0.130859375 0.1142578125
0 0.763671875 0.0615234375 0.080078125 0.0654296875
0 0.6826171875 0.130859375 0.0595703125 0.0517578125
0 0.8515625 0.158203125 0.1435546875 0.134765625
0 0.623046875 0.853515625 0.0654296875 0.0576171875
0 0.3466796875 0.1171875 0.0625 0.0595703125
0 0.755859375 0.9541015625 0.0625 0.0546875
0 0.291015625 0.2978515625 0.0810546875 0.0751953125
0 0.486328125 0.541015625 0.046875 0.041015625
0 0.6435546875 0.287109375 0.1513671875 0.134765625
0 0.955078125 0.9267578125 0.0341796875 0.033203125
0 0.244140625 0.3359375 0.068359375 0.064453125
0 0.791015625 0.1328125 0.1064453125 0.103515625
0 0.2021484375 0.037109375 0.134765625 0.07421875
0 0.03125 0.1962890625 0.0625 0.107421875
0 0.322265625 0.583984375 0.09375 0.083984375
0 0.2666015625 0.587890625 0.095703125 0.091796875
0 0.9765625 0.4833984375 0.046875 0.076171875
0 0.6455078125 0.4169921875 0.0654296875 0.0625
0 0.638671875 0.48828125 0.1357421875 0.1201171875
0 0.9375 0.208984375 0.0576171875 0.0517578125
0 0.1552734375 0.748046875 0.056640625 0.0498046875
0 0.3828125 0.41015625 0.1044921875 0.09375