0 0.111328125 0.8056640625 0.197265625 0.1796875
0 0.416015625 0.224609375 0.0859375 0.080078125
0 0.537109375 0.3193359375 0.0732421875 0.0654296875
0 0.423828125 0.380859375 0.134765625 0.123046875
0 0.271484375 0.19921875 0.173828125 0.1591796875
0 0.521484375 0.1083984375 0.087890625 0.076171875
0 0.7734375 0.130859375 0.166015625 0.1513671875
0 0.6328125 0.24609375 0.134765625 0.123046875
0 0.1279296875 0.2626953125 0.099609375 0.091796875
0 0.845703125 0.04296875 0.078125 0.0732421875
0 0.6474609375 0.4052734375 0.0908203125 0.0859375
0 0.373046875 0.505859375 0.09375 0.0830078125
0 0.3740234375 0.822265625 0.099609375 0.0908203125
0 0.4228515625 0.58984375 0.119140625 0.1171875
0 0.701171875 0.8447265625 0.0908203125 0.0810546875
0 0.59765625 0.34375 0.060546875 0.060546875
0 0.7509765625 0.5009765625 0.0576171875 0.0517578125
0 0.1103515625 0.3681640625 0.126953125 0.109375
0 0.751953125 0.4130859375 0.1357421875 0.126953125
0 0.197265625 0.6767578125 0.083984375 0.076171875
0 0.0771484375 0.751953125 0.048828125 0.0439453125
0 0.697265625 0.046875 0.056640625 0.052734375
0 0.888671875 0.384765625 0.115234375 0.107421875
0 0.8134765625 0.85546875 0.1513671875 0.138671875
0 0.306640625 0.466796875 0.0986328125 0.09375
0 0.9765625 0.193359375 0.046875 0.044921875
0 0.0625 0.2939453125 0.0986328125 0.0908203125
0 0.8056640625 0.845703125 0.0810546875 0.0751953125
0 0.685546875 0.7255859375 0.078125 0.0654296875
0 0.6630859375 0.1015625 0.044921875 0.044921875
0 0.494140625 0.2666015625 0.0517578125 0.046875
0 0.025390625 0.099609375 0.0498046875 0.060546875
0 0.072265625 0.046875 0.0625 0.0595703125
0 0.2646484375 0.7509765625 0.1142578125 0.1064453125
0 0.6767578125 0.6142578125 0.1611328125 0.1484375
0 0.64453125 0.5693359375 0.1123046875 0.1064453125
0 0.2451171875 0.5908203125 0.0986328125 0.0859375
0 0.2138671875 0.5888671875 0.052734375 0.052734375
0 0.3349609375 0.611328125 0.091796875 0.0830078125
0 0.357421875 0.5849609375 0.064453125 0.060546875
0 0.5380859375 0.0205078125 0.0576171875 0.041015625
0 0.6142578125 0.021484375 0.0751953125 0.0419921875
0 0.845703125 0.322265625 0.1611328125 0.1455078125
0 0.029296875 0.5029296875 0.0576171875 0.09375
0 0.08984375 0.431640625 0.0625 0.0576171875
0 0.572265625 0.5771484375 0.1064453125 0.099609375
0 0.314453125 0.966796875 0.1015625 0.0654296875