0 0.341796875 0.5927734375 0.080078125 0.0966796875
0 0.0146484375 0.611328125 0.029296875 0.0546875
0 0.5615234375 0.466796875 0.09375 0.1044921875
0 0.765625 0.1181640625 0.052734375 0.0751953125
0 0.408203125 0.794921875 0.052734375 0.0673828125
0 0.4345703125 0.3232421875 0.0732421875 0.0888671875
0 0.431640625 0.1572265625 0.056640625 0.068359375
0 0.4658203125 0.150390625 0.03125 0.029296875
0 0.490234375 0.1708984375 0.033203125 0.0390625
0 0.5869140625 0.18359375 0.0439453125 0.046875
0 0.8037109375 0.4697265625 0.03125 0.0361328125
0 0.810546875 0.4306640625 0.0439453125 0.0546875
0 0.625 0.1337890625 0.044921875 0.0439453125
0 0.669921875 0.1572265625 0.0498046875 0.068359375