0 0.6640625 0.564453125 0.0888671875 0.111328125
0 0.9853515625 0.5263671875 0.029296875 0.060546875
0 0.435546875 0.4765625 0.1015625 0.1220703125
0 0.203125 0.166015625 0.0576171875 0.0830078125
0 0.6171875 0.7763671875 0.0576171875 0.078125
0 0.548828125 0.3125 0.0810546875 0.099609375
0 0.537109375 0.146484375 0.064453125 0.0751953125
0 0.50390625 0.146484375 0.033203125 0.0361328125
0 0.4814453125 0.1708984375 0.0361328125 0.0439453125
0 0.38671875 0.201171875 0.048828125 0.0546875
0 0.1962890625 0.521484375 0.033203125 0.0390625
0 0.1865234375 0.4833984375 0.048828125 0.060546875
0 0.345703125 0.158203125 0.0498046875 0.0498046875
0 0.302734375 0.1875 0.0546875 0.0751953125