0 0.345703125 0.603515625 0.0830078125 0.099609375
0 0.021484375 0.650390625 0.033203125 0.0576171875
0 0.560546875 0.462890625 0.0986328125 0.111328125
0 0.7509765625 0.099609375 0.0546875 0.078125
0 0.41796875 0.7998046875 0.056640625 0.0703125
0 0.427734375 0.3291015625 0.076171875 0.09375
0 0.419921875 0.1640625 0.0576171875 0.072265625
0 0.453125 0.1513671875 0.03125 0.033203125
0 0.478515625 0.173828125 0.0361328125 0.0390625
0 0.576171875 0.1787109375 0.044921875 0.0498046875
0 0.802734375 0.4482421875 0.033203125 0.0390625
0 0.80859375 0.4072265625 0.044921875 0.0576171875
0 0.611328125 0.126953125 0.048828125 0.046875
0 0.65625 0.146484375 0.052734375 0.072265625