0 0.173828125 0.27734375 0.0576171875 0.0625
0 0.1025390625 0.533203125 0.033203125 0.044921875
0 0.1044921875 0.4853515625 0.0263671875 0.033203125
0 0.1259765625 0.5078125 0.0419921875 0.048828125
0 0.140625 0.46484375 0.0390625 0.048828125
0 0.158203125 0.53125 0.0263671875 0.044921875
0 0.1708984375 0.482421875 0.033203125 0.0419921875
0 0.1533203125 0.568359375 0.0361328125 0.0595703125
0 0.521484375 0.423828125 0.0263671875 0.0419921875
0 0.181640625 0.533203125 0.0234375 0.041015625
0 0.2001953125 0.48828125 0.037109375 0.041015625
0 0.1845703125 0.439453125 0.021484375 0.0283203125
0 0.208984375 0.447265625 0.033203125 0.0390625
0 0.1962890625 0.41796875 0.0283203125 0.041015625
0 0.205078125 0.3896484375 0.0205078125 0.03125
0 0.2607421875 0.3505859375 0.0888671875 0.126953125
0 0.2216796875 0.392578125 0.0234375 0.044921875
0 0.2392578125 0.3955078125 0.0263671875 0.0439453125
0 0.5732421875 0.212890625 0.1201171875 0.1376953125
0 0.439453125 0.103515625 0.029296875 0.041015625
0 0.4677734375 0.0927734375 0.03125 0.037109375
0 0.208984375 0.216796875 0.03125 0.0390625
0 0.1865234375 0.19921875 0.021484375 0.025390625
0 0.2060546875 0.177734375 0.0263671875 0.0283203125
0 0.2265625 0.197265625 0.0185546875 0.025390625
0 0.26171875 0.197265625 0.0283203125 0.0419921875
0 0.287109375 0.197265625 0.0234375 0.033203125
0 0.306640625 0.201171875 0.025390625 0.041015625
0 0.3310546875 0.181640625 0.0341796875 0.0390625
0 0.462890625 0.4072265625 0.0361328125 0.0517578125
0 0.291015625 0.470703125 0.029296875 0.044921875
0 0.3369140625 0.4365234375 0.0341796875 0.041015625
0 0.2978515625 0.447265625 0.0283203125 0.0419921875
0 0.33203125 0.408203125 0.021484375 0.033203125
0 0.3505859375 0.396484375 0.0234375 0.0419921875
0 0.357421875 0.376953125 0.0234375 0.046875
0 0.3447265625 0.478515625 0.03125 0.0498046875
0 0.373046875 0.4833984375 0.029296875 0.0419921875
0 0.3662109375 0.4541015625 0.029296875 0.0283203125
0 0.3720703125 0.4375 0.0234375 0.029296875
0 0.37109375 0.427734375 0.033203125 0.033203125
0 0.380859375 0.3955078125 0.0234375 0.0390625
0 0.390625 0.455078125 0.0283203125 0.041015625
0 0.3994140625 0.4423828125 0.0283203125 0.044921875
0 0.404296875 0.408203125 0.0283203125 0.0341796875
0 0.423828125 0.451171875 0.0361328125 0.033203125
0 0.423828125 0.4326171875 0.033203125 0.0283203125
0 0.439453125 0.392578125 0.0263671875 0.0419921875
0 0.5 0.556640625 0.037109375 0.0625
0 0.2763671875 0.529296875 0.03125 0.0546875
0 0.275390625 0.494140625 0.0390625 0.0517578125
0 0.205078125 0.564453125 0.0341796875 0.0498046875
0 0.208984375 0.515625 0.0361328125 0.0546875
0 0.2392578125 0.564453125 0.03125 0.048828125
0 0.2392578125 0.51953125 0.0361328125 0.0439453125
0 0.2109375 0.4697265625 0.0390625 0.0498046875
0 0.56640625 0.375 0.025390625 0.03125
0 0.583984375 0.3525390625 0.0361328125 0.0419921875
0 0.5458984375 0.3525390625 0.0283203125 0.0390625
0 0.396484375 0.271484375 0.0390625 0.044921875
0 0.421875 0.068359375 0.076171875 0.0830078125
0 0.275390625 0.572265625 0.041015625 0.0546875
0 0.30078125 0.5302734375 0.029296875 0.0546875
0 0.4814453125 0.369140625 0.0234375 0.0390625
0 0.5068359375 0.365234375 0.03125 0.041015625
0 0.4853515625 0.3505859375 0.021484375 0.03125
0 0.552734375 0.509765625 0.037109375 0.048828125
0 0.5458984375 0.470703125 0.025390625 0.041015625
0 0.6318359375 0.5146484375 0.0390625 0.0419921875
0 0.6962890625 0.40625 0.0283203125 0.052734375
0 0.3203125 0.3125 0.03125 0.041015625
0 0.3330078125 0.2958984375 0.021484375 0.0283203125
0 0.357421875 0.361328125 0.0234375 0.033203125
0 0.3193359375 0.48046875 0.0263671875 0.044921875