0 0.9013671875 0.03125 0.072265625 0.0625
0 0.830078125 0.078125 0.0419921875 0.068359375
0 0.8271484375 0.1904296875 0.0546875 0.068359375
0 0.7900390625 0.177734375 0.064453125 0.1123046875
0 0.8232421875 0.1435546875 0.029296875 0.0439453125
0 0.787109375 0.0966796875 0.037109375 0.056640625
0 0.88671875 0.1376953125 0.0673828125 0.1123046875
0 0.9306640625 0.240234375 0.1044921875 0.162109375
0 0.939453125 0.1435546875 0.037109375 0.0439453125
0 0.8046875 0.359375 0.037109375 0.0625
0 0.802734375 0.462890625 0.046875 0.068359375
0 0.7861328125 0.3935546875 0.037109375 0.056640625
0 0.759765625 0.3623046875 0.0341796875 0.0439453125
0 0.7060546875 0.40625 0.0751953125 0.125
0 0.7138671875 0.333984375 0.046875 0.0810546875
0 0.6533203125 0.5625 0.1435546875 0.21875
0 0.6552734375 0.4345703125 0.046875 0.0810546875
0 0.603515625 0.4658203125 0.0595703125 0.0810546875
0 0.75390625 0.46875 0.0673828125 0.119140625
0 0.751953125 0.4033203125 0.046875 0.0625
0 0.8544921875 0.296875 0.0419921875 0.0625
0 0.8232421875 0.25 0.0517578125 0.0810546875
0 0.865234375 0.390625 0.0595703125 0.087890625
0 0.923828125 0.349609375 0.0888671875 0.1123046875
0 0.5771484375 0.2314453125 0.083984375 0.119140625
0 0.3818359375 0.0810546875 0.080078125 0.1064453125
0 0.3134765625 0.3095703125 0.0673828125 0.087890625
0 0.6455078125 0.1845703125 0.0673828125 0.0810546875
0 0.701171875 0.244140625 0.083984375 0.1435546875
0 0.2138671875 0.369140625 0.076171875 0.1123046875
0 0.712890625 0.7626953125 0.1435546875 0.21875
0 0.6494140625 0.681640625 0.046875 0.0751953125
0 0.609375 0.6748046875 0.046875 0.0751953125
0 0.728515625 0.578125 0.0419921875 0.0751953125
0 0.830078125 0.0185546875 0.037109375 0.037109375
0 0.724609375 0.087890625 0.1142578125 0.1748046875
0 0.666015625 0.140625 0.0546875 0.087890625
0 0.771484375 0.28125 0.072265625 0.1123046875
0 0.771484375 0.2314453125 0.0341796875 0.056640625
0 0.75 0.197265625 0.0546875 0.087890625
0 0.591796875 0.0341796875 0.0751953125 0.068359375
0 0.4541015625 0.0908203125 0.076171875 0.099609375
0 0.4912109375 0.203125 0.0888671875 0.130859375
0 0.443359375 0.275390625 0.0419921875 0.068359375
0 0.61328125 0.087890625 0.0546875 0.0751953125
0 0.3173828125 0.1845703125 0.138671875 0.2060546875
0 0.783203125 0.0341796875 0.0888671875 0.068359375
0 0.853515625 0.15625 0.0419921875 0.087890625
0 0.810546875 0.318359375 0.0546875 0.068359375
0 0.71875 0.5029296875 0.037109375 0.0625
0 0.80078125 0.59375 0.1044921875 0.150390625
0 0.8193359375 0.5126953125 0.0419921875 0.0625
0 0.978515625 0.5498046875 0.0419921875 0.2001953125
0 0.9267578125 0.5595703125 0.072265625 0.119140625
0 0.9453125 0.5 0.037109375 0.068359375
0 0.9033203125 0.4658203125 0.0595703125 0.09375
0 0.865234375 0.53125 0.064453125 0.0810546875
0 0.857421875 0.458984375 0.0419921875 0.0751953125
0 0.9736328125 0.4052734375 0.052734375 0.076171875
0 0.97265625 0.337890625 0.037109375 0.09375
0 0.9541015625 0.453125 0.029296875 0.0439453125
0 0.9033203125 0.6064453125 0.0341796875 0.0439453125
0 0.951171875 0.6533203125 0.0966796875 0.1435546875
0 0.9853515625 0.744140625 0.029296875 0.0625
0 0.9931640625 0.7080078125 0.013671875 0.044921875
0 0.9326171875 0.787109375 0.134765625 0.193359375
0 0.865234375 0.6845703125 0.109375 0.1689453125
0 0.833984375 0.859375 0.138671875 0.1435546875
0 0.8134765625 0.765625 0.0966796875 0.130859375
0 0.7939453125 0.708984375 0.029296875 0.0439453125
0 0.7861328125 0.662109375 0.0419921875 0.0751953125
0 0.7685546875 0.7060546875 0.0419921875 0.0498046875
0 0.755859375 0.890625 0.0751953125 0.1123046875
0 0.673828125 0.880859375 0.1298828125 0.1875
0 0.71875 0.65625 0.029296875 0.0439453125
0 0.685546875 0.6533203125 0.0517578125 0.0625
0 0.72265625 0.625 0.029296875 0.0439453125
0 0.6279296875 0.3623046875 0.0751953125 0.119140625
0 0.640625 0.2998046875 0.046875 0.056640625
0 0.6767578125 0.3251953125 0.0625 0.0810546875
0 0.63671875 0.224609375 0.0419921875 0.068359375
0 0.6240234375 0.271484375 0.0341796875 0.037109375
0 0.53125 0.0810546875 0.072265625 0.1123046875
0 0.5361328125 0.171875 0.029296875 0.037109375
0 0.5771484375 0.1591796875 0.0546875 0.0751953125
0 0.52734375 0.3779296875 0.181640625 0.287109375
0 0.5712890625 0.6123046875 0.0751953125 0.125
0 0.560546875 0.5439453125 0.0341796875 0.056640625
0 0.53125 0.5595703125 0.0419921875 0.0625
0 0.53125 0.521484375 0.037109375 0.0498046875
0 0.630859375 0.7783203125 0.046875 0.0751953125
0 0.591796875 0.728515625 0.0595703125 0.0810546875
0 0.537109375 0.8125 0.1298828125 0.2060546875
0 0.5732421875 0.6845703125 0.0341796875 0.0498046875
0 0.52734375 0.697265625 0.076171875 0.099609375
0 0.552734375 0.65625 0.0205078125 0.037109375
0 0.529296875 0.640625 0.037109375 0.056640625
0 0.50390625 0.603515625 0.046875 0.068359375
0 0.5 0.650390625 0.037109375 0.0498046875
0 0.47265625 0.619140625 0.0595703125 0.0625
0 0.4033203125 0.5625 0.0703125 0.09375
0 0.470703125 0.734375 0.0673828125 0.099609375
0 0.4814453125 0.6748046875 0.029296875 0.0439453125
0 0.4453125 0.681640625 0.0546875 0.0751953125
0 0.416015625 0.6279296875 0.0595703125 0.068359375
0 0.4638671875 0.509765625 0.138671875 0.21875
0 0.4287109375 0.349609375 0.064453125 0.09375
0 0.607421875 0.875 0.083984375 0.162109375
0 0.5986328125 0.78125 0.029296875 0.0498046875
0 0.5771484375 0.96875 0.083984375 0.0498046875
0 0.55859375 0.947265625 0.064453125 0.087890625
0 0.369140625 0.3876953125 0.119140625 0.162109375
0 0.380859375 0.484375 0.0517578125 0.0810546875
0 0.212890625 0.193359375 0.083984375 0.125
0 0.283203125 0.390625 0.080078125 0.125
0 0.326171875 0.5439453125 0.087890625 0.125
0 0.3447265625 0.484375 0.037109375 0.0625
0 0.314453125 0.4814453125 0.033203125 0.056640625
0 0.3134765625 0.4501953125 0.037109375 0.0498046875
0 0.326171875 0.6435546875 0.087890625 0.119140625
0 0.3720703125 0.734375 0.0546875 0.068359375
0 0.3466796875 0.71875 0.037109375 0.056640625
0 0.4091796875 0.724609375 0.0419921875 0.0625
0 0.4267578125 0.8779296875 0.146484375 0.244140625
0 0.4013671875 0.771484375 0.025390625 0.0439453125
0 0.380859375 0.771484375 0.029296875 0.0439453125
0 0.2919921875 0.818359375 0.0546875 0.0810546875
0 0.244140625 0.9345703125 0.037109375 0.0625
0 0.498046875 0.96875 0.025390625 0.037109375
0 0.5146484375 0.947265625 0.029296875 0.0439453125
0 0.462890625 0.9970703125 0.0419921875 0.005859375
0 0.298828125 0.974609375 0.025390625 0.0498046875
0 0.359375 0.90625 0.025390625 0.0498046875
0 0.330078125 0.9248046875 0.033203125 0.056640625
0 0.357421875 0.8779296875 0.029296875 0.037109375
0 0.1044921875 0.3720703125 0.0966796875 0.125
0 0.119140625 0.2939453125 0.044921875 0.0810546875
0 0.1767578125 0.287109375 0.080078125 0.1123046875
0 0.248046875 0.2939453125 0.0888671875 0.1376953125
0 0.2314453125 0.4375 0.064453125 0.09375
0 0.2734375 0.4873046875 0.080078125 0.130859375
0 0.255859375 0.59375 0.0966796875 0.130859375
0 0.2646484375 0.697265625 0.083984375 0.119140625
0 0.30859375 0.7529296875 0.0546875 0.0751953125
0 0.1513671875 0.9560546875 0.029296875 0.0439453125
0 0.1259765625 0.916015625 0.044921875 0.0439453125
0 0.111328125 0.869140625 0.044921875 0.0625
0 0.0810546875 0.9619140625 0.072265625 0.076171875
0 0.080078125 0.9873046875 0.0517578125 0.025390625
0 0.1640625 0.990234375 0.0341796875 0.0185546875
0 0.1220703125 0.9560546875 0.0341796875 0.0498046875
0 0.0966796875 0.8310546875 0.046875 0.056640625
0 0.0634765625 0.859375 0.0341796875 0.056640625
0 0.05859375 0.7939453125 0.076171875 0.1123046875
0 0.1826171875 0.7685546875 0.154296875 0.224609375
0 0.193359375 0.640625 0.080078125 0.1123046875
0 0.087890625 0.65625 0.1640625 0.244140625
0 0.033203125 0.533203125 0.06640625 0.10546875
0 0.111328125 0.525390625 0.0595703125 0.087890625
0 0.080078125 0.4658203125 0.0595703125 0.09375
0 0.033203125 0.4365234375 0.06640625 0.150390625
0 0.05859375 0.287109375 0.091796875 0.1376953125
0 0.0146484375 0.291015625 0.029296875 0.068359375
0 0.009765625 0.3427734375 0.01953125 0.076171875
0 0.21875 0.515625 0.076171875 0.119140625
0 0.1640625 0.556640625 0.076171875 0.1123046875
0 0.1640625 0.443359375 0.1044921875 0.150390625
0 0.05859375 0.1875 0.0517578125 0.068359375
0 0.1279296875 0.1904296875 0.1142578125 0.1689453125
0 0.380859375 0.28125 0.0673828125 0.087890625
0 0.41796875 0.181640625 0.080078125 0.125
0 0.2587890625 0.099609375 0.072265625 0.1064453125
0 0.185546875 0.1123046875 0.076171875 0.09375
0 0.021484375 0.181640625 0.0419921875 0.1376953125
0 0.03125 0.1279296875 0.0341796875 0.037109375
0 0.490234375 0.0341796875 0.064453125 0.068359375
0 0.435546875 0.0341796875 0.0546875 0.0625
0 0.5322265625 0.021484375 0.052734375 0.04296875
0 0.3193359375 0.068359375 0.080078125 0.0751953125
0 0.4052734375 0.681640625 0.037109375 0.0498046875
0 0.158203125 0.365234375 0.029296875 0.0439453125