0 0.833984375 0.318359375 0.060546875 0.0703125
0 0.8955078125 0.583984375 0.0341796875 0.0498046875
0 0.8955078125 0.5341796875 0.0283203125 0.0361328125
0 0.873046875 0.5537109375 0.0439453125 0.0546875
0 0.8603515625 0.509765625 0.041015625 0.0546875
0 0.83984375 0.5732421875 0.0283203125 0.048828125
0 0.8291015625 0.5234375 0.0361328125 0.046875
0 0.8427734375 0.611328125 0.037109375 0.0654296875
0 0.48046875 0.421875 0.0283203125 0.044921875
0 0.81640625 0.572265625 0.025390625 0.0439453125
0 0.7998046875 0.525390625 0.0390625 0.0439453125
0 0.8173828125 0.478515625 0.021484375 0.029296875
0 0.79296875 0.4833984375 0.0341796875 0.0439453125
0 0.806640625 0.4560546875 0.029296875 0.0439453125
0 0.798828125 0.42578125 0.0205078125 0.0341796875
0 0.744140625 0.380859375 0.09375 0.1376953125
0 0.7822265625 0.4267578125 0.025390625 0.046875
0 0.7646484375 0.4267578125 0.0283203125 0.046875
0 0.4375 0.2041015625 0.125 0.1513671875
0 0.5751953125 0.111328125 0.03125 0.0439453125
0 0.5478515625 0.0966796875 0.03125 0.041015625
0 0.80078125 0.25390625 0.033203125 0.0439453125
0 0.82421875 0.23828125 0.021484375 0.0263671875
0 0.8056640625 0.21484375 0.0283203125 0.03125
0 0.783203125 0.232421875 0.0205078125 0.0283203125
0 0.75 0.228515625 0.029296875 0.044921875
0 0.724609375 0.2255859375 0.025390625 0.0361328125
0 0.7041015625 0.2265625 0.0283203125 0.0439453125
0 0.6806640625 0.2041015625 0.0361328125 0.0439453125
0 0.5400390625 0.412109375 0.037109375 0.0546875
0 0.708984375 0.4951171875 0.03125 0.048828125
0 0.666015625 0.4560546875 0.0361328125 0.044921875
0 0.7041015625 0.4716796875 0.0283203125 0.044921875
0 0.6708984375 0.4287109375 0.021484375 0.0361328125
0 0.654296875 0.416015625 0.0263671875 0.044921875
0 0.646484375 0.39453125 0.0263671875 0.0498046875
0 0.6552734375 0.4970703125 0.0341796875 0.0546875
0 0.626953125 0.4990234375 0.03125 0.044921875
0 0.634765625 0.470703125 0.03125 0.03125
0 0.6298828125 0.4541015625 0.0234375 0.0341796875
0 0.6318359375 0.443359375 0.0341796875 0.037109375
0 0.623046875 0.41015625 0.025390625 0.041015625
0 0.611328125 0.4697265625 0.0283203125 0.0439453125
0 0.603515625 0.455078125 0.0283203125 0.048828125
0 0.599609375 0.419921875 0.0283203125 0.037109375
0 0.5771484375 0.4599609375 0.037109375 0.037109375
0 0.5791015625 0.443359375 0.0341796875 0.03125
0 0.564453125 0.400390625 0.0283203125 0.044921875
0 0.498046875 0.556640625 0.041015625 0.0673828125
0 0.7216796875 0.556640625 0.03125 0.0576171875
0 0.724609375 0.521484375 0.0419921875 0.056640625
0 0.791015625 0.599609375 0.037109375 0.0546875
0 0.7900390625 0.5517578125 0.037109375 0.0595703125
0 0.7578125 0.595703125 0.033203125 0.0517578125
0 0.759765625 0.552734375 0.037109375 0.046875
0 0.7900390625 0.505859375 0.041015625 0.0546875
0 0.439453125 0.3662109375 0.025390625 0.0341796875
0 0.4208984375 0.3427734375 0.037109375 0.046875
0 0.4599609375 0.3466796875 0.029296875 0.0439453125
0 0.61328125 0.2861328125 0.0419921875 0.048828125
0 0.595703125 0.080078125 0.0810546875 0.09375
0 0.720703125 0.599609375 0.0439453125 0.0595703125
0 0.697265625 0.5546875 0.03125 0.0576171875
0 0.5244140625 0.3720703125 0.025390625 0.041015625
0 0.498046875 0.365234375 0.033203125 0.044921875
0 0.521484375 0.353515625 0.0234375 0.033203125
0 0.447265625 0.501953125 0.041015625 0.0546875
0 0.455078125 0.46484375 0.0263671875 0.0439453125
0 0.3671875 0.498046875 0.041015625 0.046875
0 0.3076171875 0.380859375 0.029296875 0.056640625
0 0.6865234375 0.333984375 0.03125 0.044921875
0 0.673828125 0.3154296875 0.0234375 0.03125
0 0.646484375 0.37890625 0.025390625 0.0361328125
0 0.681640625 0.5029296875 0.0283203125 0.048828125