0 0.798828125 0.1806640625 0.0625 0.080078125
0 0.89453125 0.4111328125 0.037109375 0.0546875
0 0.888671875 0.36328125 0.0283203125 0.041015625
0 0.869140625 0.3916015625 0.046875 0.060546875
0 0.8505859375 0.35546875 0.0439453125 0.0595703125
0 0.83984375 0.4248046875 0.03125 0.0517578125
0 0.822265625 0.380859375 0.037109375 0.0517578125
0 0.8486328125 0.4599609375 0.041015625 0.0703125
0 0.470703125 0.43359375 0.029296875 0.048828125
0 0.81640625 0.4345703125 0.0283203125 0.046875
0 0.794921875 0.396484375 0.041015625 0.0498046875
0 0.8056640625 0.3427734375 0.0234375 0.0341796875
0 0.7822265625 0.357421875 0.0361328125 0.048828125
0 0.791015625 0.326171875 0.03125 0.048828125
0 0.779296875 0.2998046875 0.021484375 0.037109375
0 0.720703125 0.279296875 0.099609375 0.1513671875
0 0.763671875 0.30859375 0.0283203125 0.0498046875
0 0.7470703125 0.3154296875 0.0283203125 0.0498046875
0 0.3994140625 0.240234375 0.130859375 0.171875
0 0.51953125 0.08984375 0.0341796875 0.048828125
0 0.4912109375 0.0888671875 0.0341796875 0.046875
0 0.7587890625 0.130859375 0.0341796875 0.048828125
0 0.779296875 0.1064453125 0.0234375 0.029296875
0 0.7578125 0.0927734375 0.029296875 0.037109375
0 0.7392578125 0.119140625 0.0205078125 0.03125
0 0.705078125 0.1279296875 0.03125 0.0498046875
0 0.6806640625 0.13671875 0.025390625 0.0390625
0 0.6611328125 0.146484375 0.0283203125 0.046875
0 0.634765625 0.134765625 0.0361328125 0.048828125
0 0.5263671875 0.396484375 0.0390625 0.060546875
0 0.7021484375 0.4052734375 0.03125 0.0517578125
0 0.654296875 0.3857421875 0.037109375 0.0498046875
0 0.6943359375 0.384765625 0.03125 0.0498046875
0 0.6552734375 0.357421875 0.0234375 0.0390625
0 0.6376953125 0.3515625 0.0283203125 0.048828125
0 0.62890625 0.333984375 0.0283203125 0.0546875
0 0.650390625 0.4306640625 0.0361328125 0.0595703125
0 0.623046875 0.4443359375 0.033203125 0.0498046875
0 0.626953125 0.4130859375 0.03125 0.0361328125
0 0.619140625 0.3994140625 0.0263671875 0.037109375
0 0.619140625 0.388671875 0.0341796875 0.0439453125
0 0.607421875 0.3603515625 0.0283203125 0.044921875
0 0.603515625 0.421875 0.03125 0.048828125
0 0.59375 0.412109375 0.03125 0.0517578125
0 0.5859375 0.37890625 0.03125 0.0439453125
0 0.5693359375 0.427734375 0.0390625 0.0439453125
0 0.568359375 0.41015625 0.0341796875 0.037109375
0 0.548828125 0.375 0.0283203125 0.048828125
0 0.505859375 0.556640625 0.0439453125 0.0751953125
0 0.72265625 0.458984375 0.0361328125 0.064453125
0 0.720703125 0.4248046875 0.0439453125 0.064453125
0 0.7958984375 0.470703125 0.0390625 0.0595703125
0 0.7880859375 0.4248046875 0.0390625 0.0654296875
0 0.763671875 0.482421875 0.0341796875 0.0576171875
0 0.759765625 0.439453125 0.041015625 0.0546875
0 0.7822265625 0.380859375 0.0439453125 0.060546875
0 0.4228515625 0.396484375 0.0283203125 0.0390625
0 0.40234375 0.380859375 0.041015625 0.0517578125
0 0.4404296875 0.369140625 0.03125 0.046875
0 0.580078125 0.244140625 0.0439453125 0.056640625
0 0.5341796875 0.0517578125 0.083984375 0.103515625
0 0.728515625 0.5009765625 0.046875 0.0673828125
0 0.69921875 0.4677734375 0.0341796875 0.064453125
0 0.505859375 0.365234375 0.0283203125 0.044921875
0 0.48046875 0.369140625 0.0341796875 0.0498046875
0 0.5009765625 0.3486328125 0.0234375 0.037109375
0 0.44921875 0.525390625 0.0419921875 0.0595703125
0 0.451171875 0.4853515625 0.0283203125 0.046875
0 0.37109375 0.5556640625 0.0439453125 0.0546875
0 0.2978515625 0.4677734375 0.03125 0.060546875
0 0.658203125 0.259765625 0.0341796875 0.048828125
0 0.64453125 0.24609375 0.025390625 0.0361328125
0 0.6259765625 0.3193359375 0.0283203125 0.0390625
0 0.67578125 0.4248046875 0.03125 0.0546875