0 0.341796875 0.5908203125 0.080078125 0.0966796875
0 0.015625 0.6123046875 0.03125 0.0546875
0 0.560546875 0.466796875 0.09375 0.1044921875
0 0.7666015625 0.115234375 0.0517578125 0.0751953125
0 0.4072265625 0.794921875 0.052734375 0.068359375
0 0.4345703125 0.322265625 0.0732421875 0.087890625
0 0.431640625 0.154296875 0.056640625 0.0673828125
0 0.4658203125 0.150390625 0.03125 0.029296875
0 0.490234375 0.169921875 0.0341796875 0.0390625
0 0.5859375 0.18359375 0.0439453125 0.046875
0 0.8037109375 0.4677734375 0.03125 0.0361328125
0 0.8095703125 0.4306640625 0.0419921875 0.0546875
0 0.625 0.1357421875 0.046875 0.0439453125
0 0.669921875 0.154296875 0.0498046875 0.0673828125