0 0.9677734375 0.171875 0.064453125 0.119140625
0 0.892578125 0.21875 0.037109375 0.068359375
0 0.869140625 0.328125 0.0546875 0.0625
0 0.8359375 0.302734375 0.0595703125 0.1123046875
0 0.8759765625 0.28125 0.029296875 0.0439453125
0 0.8486328125 0.21875 0.037109375 0.056640625
0 0.9365234375 0.2998046875 0.064453125 0.1064453125
0 0.955078125 0.416015625 0.0888671875 0.15625
0 0.982421875 0.322265625 0.0341796875 0.0439453125
0 0.8193359375 0.4814453125 0.0341796875 0.0625
0 0.80078125 0.578125 0.0419921875 0.0625
0 0.7939453125 0.505859375 0.037109375 0.056640625
0 0.775390625 0.46875 0.029296875 0.0439453125
0 0.716796875 0.4873046875 0.072265625 0.1123046875
0 0.7353515625 0.421875 0.0419921875 0.0751953125
0 0.63671875 0.619140625 0.134765625 0.2060546875
0 0.662109375 0.4970703125 0.0419921875 0.0751953125
0 0.607421875 0.505859375 0.0546875 0.0751953125
0 0.751953125 0.568359375 0.0595703125 0.1123046875
0 0.759765625 0.5029296875 0.0419921875 0.0625
0 0.8779296875 0.4375 0.037109375 0.056640625
0 0.857421875 0.380859375 0.046875 0.0810546875
0 0.8720703125 0.5341796875 0.0546875 0.087890625
0 0.9365234375 0.5185546875 0.083984375 0.1064453125
0 0.6220703125 0.2685546875 0.080078125 0.1123046875
0 0.4599609375 0.0498046875 0.076171875 0.099609375
0 0.353515625 0.244140625 0.0625 0.0810546875
0 0.6953125 0.25 0.064453125 0.0751953125
0 0.740234375 0.3310546875 0.0751953125 0.1376953125
0 0.24609375 0.2626953125 0.0673828125 0.099609375
0 0.6591796875 0.837890625 0.134765625 0.2060546875
0 0.611328125 0.7314453125 0.0419921875 0.068359375
0 0.576171875 0.708984375 0.046875 0.068359375
0 0.7080078125 0.662109375 0.037109375 0.068359375
0 0.9912109375 0.072265625 0.017578125 0.03125
0 0.9873046875 0.1123046875 0.025390625 0.0439453125
0 0.9560546875 0.083984375 0.064453125 0.0625
0 0.919921875 0.1220703125 0.0341796875 0.0498046875
0 0.8955078125 0.0810546875 0.076171875 0.0751953125
0 0.9033203125 0.15625 0.0341796875 0.0498046875
0 0.7919921875 0.1845703125 0.1044921875 0.1689453125
0 0.72265625 0.21875 0.0517578125 0.0810546875
0 0.80078125 0.3935546875 0.0673828125 0.1064453125
0 0.80859375 0.34375 0.0341796875 0.0498046875
0 0.7939453125 0.302734375 0.0517578125 0.0810546875
0 0.744140625 0.0595703125 0.0751953125 0.0625
0 0.673828125 0.068359375 0.072265625 0.099609375
0 0.525390625 0.087890625 0.072265625 0.09375
0 0.5439453125 0.208984375 0.080078125 0.125
0 0.4853515625 0.2626953125 0.037109375 0.068359375
0 0.6826171875 0.146484375 0.0517578125 0.0751953125
0 0.3779296875 0.125 0.130859375 0.193359375
0 0.859375 0.1376953125 0.083984375 0.1123046875
0 0.9013671875 0.302734375 0.037109375 0.0810546875
0 0.83203125 0.443359375 0.0517578125 0.0625
0 0.7099609375 0.587890625 0.0341796875 0.0625
0 0.7734375 0.7060546875 0.1015625 0.1376953125
0 0.806640625 0.634765625 0.037109375 0.0625
0 0.966796875 0.7373046875 0.0546875 0.193359375
0 0.9013671875 0.7216796875 0.0673828125 0.1123046875
0 0.9306640625 0.671875 0.0341796875 0.0625
0 0.8955078125 0.6220703125 0.0546875 0.087890625
0 0.8486328125 0.6689453125 0.0595703125 0.0751953125
0 0.853515625 0.5966796875 0.037109375 0.0751953125
0 0.974609375 0.59375 0.046875 0.068359375
0 0.982421875 0.521484375 0.0341796875 0.09375
0 0.947265625 0.6279296875 0.025390625 0.0439453125
0 0.869140625 0.759765625 0.029296875 0.037109375
0 0.916015625 0.822265625 0.0966796875 0.130859375
0 0.970703125 0.9189453125 0.0126953125 0.0439453125
0 0.9560546875 0.9404296875 0.025390625 0.0625
0 0.9306640625 0.927734375 0.0341796875 0.056640625
0 0.94921875 0.896484375 0.029296875 0.037109375
0 0.865234375 0.9248046875 0.126953125 0.150390625
0 0.8212890625 0.818359375 0.1044921875 0.15625
0 0.7587890625 0.953125 0.130859375 0.09375
0 0.755859375 0.8779296875 0.0888671875 0.119140625
0 0.748046875 0.8154296875 0.029296875 0.0439453125
0 0.748046875 0.7685546875 0.037109375 0.068359375
0 0.72265625 0.802734375 0.037109375 0.0439453125
0 0.6787109375 0.958984375 0.0703125 0.0810546875
0 0.603515625 0.921875 0.1220703125 0.15625
0 0.685546875 0.7373046875 0.029296875 0.037109375
0 0.6533203125 0.71875 0.046875 0.056640625
0 0.693359375 0.7060546875 0.029296875 0.0439453125
0 0.646484375 0.4189453125 0.072265625 0.1064453125
0 0.669921875 0.359375 0.0419921875 0.056640625
0 0.69921875 0.400390625 0.064453125 0.0751953125
0 0.6806640625 0.287109375 0.037109375 0.0625
0 0.6591796875 0.3251953125 0.029296875 0.037109375
0 0.603515625 0.1064453125 0.0673828125 0.1064453125
0 0.5908203125 0.197265625 0.029296875 0.03125
0 0.634765625 0.2001953125 0.0517578125 0.068359375
0 0.5458984375 0.3935546875 0.1689453125 0.2685546875
0 0.55078125 0.634765625 0.072265625 0.1123046875
0 0.55078125 0.5654296875 0.0341796875 0.0498046875
0 0.521484375 0.568359375 0.0419921875 0.0625
0 0.525390625 0.53125 0.037109375 0.0498046875
0 0.5771484375 0.818359375 0.046875 0.068359375
0 0.548828125 0.7529296875 0.0546875 0.0751953125
0 0.4814453125 0.8154296875 0.1220703125 0.193359375
0 0.5400390625 0.7060546875 0.0341796875 0.0498046875
0 0.494140625 0.7001953125 0.072265625 0.09375
0 0.5234375 0.671875 0.021484375 0.03125
0 0.50390625 0.646484375 0.037109375 0.056640625
0 0.4873046875 0.599609375 0.046875 0.0625
0 0.47265625 0.6435546875 0.0341796875 0.0498046875
0 0.4541015625 0.6064453125 0.0546875 0.056640625
0 0.3955078125 0.525390625 0.0673828125 0.087890625
0 0.4306640625 0.7158203125 0.0625 0.09375
0 0.451171875 0.662109375 0.029296875 0.0439453125
0 0.416015625 0.6533203125 0.0517578125 0.0751953125
0 0.396484375 0.59375 0.0546875 0.0625
0 0.4638671875 0.494140625 0.126953125 0.2060546875
0 0.4560546875 0.328125 0.0595703125 0.087890625
0 0.537109375 0.9033203125 0.0751953125 0.15625
0 0.5458984375 0.8095703125 0.025390625 0.0498046875
0 0.494140625 0.9814453125 0.080078125 0.037109375
0 0.478515625 0.9560546875 0.0595703125 0.0810546875
0 0.3955078125 0.34375 0.109375 0.150390625
0 0.38671875 0.4375 0.046875 0.0751953125
0 0.275390625 0.09375 0.076171875 0.119140625
0 0.30859375 0.3095703125 0.076171875 0.119140625
0 0.3232421875 0.474609375 0.083984375 0.119140625
0 0.353515625 0.4248046875 0.033203125 0.0625
0 0.326171875 0.4091796875 0.033203125 0.056640625
0 0.330078125 0.3779296875 0.033203125 0.0498046875
0 0.306640625 0.572265625 0.083984375 0.1123046875
0 0.333984375 0.677734375 0.0517578125 0.0625
0 0.3134765625 0.650390625 0.037109375 0.056640625
0 0.3720703125 0.681640625 0.037109375 0.056640625
0 0.36328125 0.84375 0.138671875 0.2314453125
0 0.357421875 0.724609375 0.021484375 0.0439453125
0 0.3359375 0.71875 0.029296875 0.037109375
0 0.244140625 0.728515625 0.0546875 0.0751953125
0 0.1767578125 0.822265625 0.037109375 0.056640625
0 0.416015625 0.953125 0.025390625 0.037109375
0 0.4365234375 0.9375 0.025390625 0.037109375
0 0.3759765625 0.974609375 0.0419921875 0.025390625
0 0.2373046875 0.943359375 0.0703125 0.056640625
0 0.1591796875 0.9404296875 0.0673828125 0.0439453125
0 0.22265625 0.880859375 0.025390625 0.0439453125
0 0.2919921875 0.837890625 0.025390625 0.0439453125
0 0.2626953125 0.84375 0.0341796875 0.056640625
0 0.2958984375 0.8095703125 0.025390625 0.037109375
0 0.140625 0.224609375 0.091796875 0.119140625
0 0.16796875 0.1533203125 0.0419921875 0.0751953125
0 0.224609375 0.1689453125 0.0751953125 0.1064453125
0 0.2939453125 0.203125 0.083984375 0.130859375
0 0.251953125 0.337890625 0.0595703125 0.087890625
0 0.28125 0.400390625 0.076171875 0.119140625
0 0.248046875 0.4970703125 0.0888671875 0.119140625
0 0.2373046875 0.5966796875 0.076171875 0.1123046875
0 0.271484375 0.671875 0.0517578125 0.068359375
0 0.083984375 0.806640625 0.025390625 0.0439453125
0 0.0673828125 0.759765625 0.0419921875 0.037109375
0 0.060546875 0.7060546875 0.0419921875 0.056640625
0 0.052734375 0.890625 0.1044921875 0.119140625
0 0.021484375 0.818359375 0.0419921875 0.1376953125
0 0.0146484375 0.8310546875 0.029296875 0.0751953125
0 0.1044921875 0.921875 0.0341796875 0.056640625
0 0.087890625 0.859375 0.0341796875 0.0439453125
0 0.056640625 0.7939453125 0.029296875 0.0498046875
0 0.052734375 0.666015625 0.0419921875 0.0498046875
0 0.0146484375 0.677734375 0.029296875 0.0498046875
0 0.02734375 0.609375 0.0546875 0.1064453125
0 0.146484375 0.6376953125 0.1435546875 0.2060546875
0 0.1806640625 0.515625 0.076171875 0.1064453125
0 0.076171875 0.494140625 0.1513671875 0.224609375
0 0.0439453125 0.3564453125 0.0673828125 0.099609375
0 0.119140625 0.375 0.0546875 0.0810546875
0 0.0986328125 0.302734375 0.0546875 0.087890625
0 0.05078125 0.255859375 0.083984375 0.1376953125
0 0.111328125 0.125 0.083984375 0.130859375
0 0.05859375 0.109375 0.0517578125 0.0625
0 0.0419921875 0.15625 0.0419921875 0.068359375
0 0.2265625 0.40625 0.072265625 0.1123046875
0 0.166015625 0.4248046875 0.072265625 0.099609375
0 0.185546875 0.318359375 0.1015625 0.1435546875
0 0.1259765625 0.0283203125 0.0517578125 0.056640625
0 0.1953125 0.0654296875 0.1044921875 0.130859375
0 0.4228515625 0.244140625 0.0625 0.0810546875
0 0.474609375 0.1591796875 0.0751953125 0.119140625
0 0.3359375 0.0341796875 0.0673828125 0.068359375
0 0.2626953125 0.021484375 0.072265625 0.04296875
0 0.0673828125 0.03125 0.083984375 0.0625
0 0.5712890625 0.041015625 0.0595703125 0.0751953125
0 0.517578125 0.025390625 0.0517578125 0.0498046875
0 0.6181640625 0.041015625 0.0517578125 0.0625
0 0.8134765625 0.0654296875 0.080078125 0.0625
0 0.3994140625 0.025390625 0.076171875 0.0498046875
0 0.3779296875 0.640625 0.037109375 0.0498046875
0 0.193359375 0.2373046875 0.029296875 0.0439453125