0 0.046875 0.111328125 0.0595703125 0.109375
0 0.1259765625 0.1689453125 0.0341796875 0.0625
0 0.142578125 0.2763671875 0.0517578125 0.0546875
0 0.177734375 0.2578125 0.0546875 0.103515625
0 0.138671875 0.2314453125 0.025390625 0.037109375
0 0.171875 0.1748046875 0.0341796875 0.048828125
0 0.0791015625 0.244140625 0.0576171875 0.1015625
0 0.044921875 0.3525390625 0.0888671875 0.142578125
0 0.025390625 0.2626953125 0.0341796875 0.037109375
0 0.18359375 0.4404296875 0.03125 0.0576171875
0 0.197265625 0.5419921875 0.041015625 0.0595703125
0 0.2060546875 0.4697265625 0.0341796875 0.0517578125
0 0.228515625 0.431640625 0.0283203125 0.0390625
0 0.283203125 0.4599609375 0.0625 0.107421875
0 0.271484375 0.3916015625 0.0390625 0.0703125
0 0.35546875 0.6015625 0.123046875 0.1904296875
0 0.337890625 0.4736328125 0.037109375 0.072265625
0 0.3955078125 0.4921875 0.0517578125 0.072265625
0 0.2451171875 0.53515625 0.0546875 0.107421875
0 0.2431640625 0.470703125 0.041015625 0.056640625
0 0.126953125 0.388671875 0.0361328125 0.0546875
0 0.1513671875 0.3369140625 0.0439453125 0.0751953125
0 0.125 0.4892578125 0.0498046875 0.078125
0 0.064453125 0.4599609375 0.078125 0.0966796875
0 0.390625 0.255859375 0.0751953125 0.099609375
0 0.568359375 0.056640625 0.0703125 0.0888671875
0 0.6591796875 0.2626953125 0.0576171875 0.076171875
0 0.3193359375 0.22265625 0.0595703125 0.0703125
0 0.2705078125 0.3017578125 0.0703125 0.1279296875
0 0.767578125 0.296875 0.064453125 0.095703125
0 0.322265625 0.814453125 0.125 0.1904296875
0 0.373046875 0.71875 0.0390625 0.0625
0 0.4111328125 0.7001953125 0.0419921875 0.0625
0 0.283203125 0.6337890625 0.0361328125 0.0673828125
0 0.0205078125 0.013671875 0.041015625 0.02734375
0 0.037109375 0.046875 0.025390625 0.0439453125
0 0.0673828125 0.025390625 0.060546875 0.05078125
0 0.103515625 0.0654296875 0.029296875 0.0439453125
0 0.1337890625 0.0322265625 0.0732421875 0.064453125
0 0.1162109375 0.10546875 0.03125 0.048828125
0 0.2294921875 0.146484375 0.0986328125 0.158203125
0 0.294921875 0.1865234375 0.044921875 0.0751953125
0 0.2080078125 0.3564453125 0.0625 0.099609375
0 0.2001953125 0.3046875 0.029296875 0.046875
0 0.220703125 0.26953125 0.046875 0.078125
0 0.2822265625 0.0283203125 0.0703125 0.056640625
0 0.3515625 0.046875 0.0654296875 0.09375
0 0.498046875 0.087890625 0.0654296875 0.087890625
0 0.474609375 0.20703125 0.0751953125 0.1142578125
0 0.529296875 0.2626953125 0.0341796875 0.0625
0 0.337890625 0.12109375 0.046875 0.0673828125
0 0.6435546875 0.1396484375 0.1201171875 0.181640625
0 0.1650390625 0.09375 0.076171875 0.099609375
0 0.1103515625 0.251953125 0.0361328125 0.078125
0 0.171875 0.404296875 0.0498046875 0.0576171875
0 0.2841796875 0.5595703125 0.03125 0.0576171875
0 0.21484375 0.6689453125 0.09375 0.125
0 0.185546875 0.5908203125 0.0361328125 0.0576171875
0 0.021484375 0.6767578125 0.04296875 0.193359375
0 0.0849609375 0.666015625 0.060546875 0.107421875
0 0.0615234375 0.6181640625 0.03125 0.060546875
0 0.099609375 0.572265625 0.048828125 0.0830078125
0 0.1455078125 0.623046875 0.0546875 0.072265625
0 0.142578125 0.5537109375 0.0341796875 0.0703125
0 0.0185546875 0.5322265625 0.037109375 0.064453125
0 0.0146484375 0.462890625 0.029296875 0.087890625
0 0.0458984375 0.5693359375 0.0234375 0.0390625
0 0.115234375 0.7109375 0.029296875 0.0361328125
0 0.06640625 0.7666015625 0.0908203125 0.1201171875
0 0.005859375 0.8525390625 0.01171875 0.044921875
0 0.0185546875 0.880859375 0.0205078125 0.060546875
0 0.044921875 0.869140625 0.033203125 0.052734375
0 0.029296875 0.8369140625 0.025390625 0.0361328125
0 0.109375 0.8955078125 0.1171875 0.166015625
0 0.1611328125 0.7734375 0.095703125 0.146484375
0 0.2138671875 0.939453125 0.125 0.1171875
0 0.22265625 0.8427734375 0.083984375 0.109375
0 0.2353515625 0.783203125 0.0263671875 0.041015625
0 0.236328125 0.732421875 0.0361328125 0.064453125
0 0.2578125 0.771484375 0.0361328125 0.0419921875
0 0.2939453125 0.9482421875 0.0673828125 0.0986328125
0 0.37109375 0.91796875 0.1123046875 0.1611328125
0 0.3037109375 0.7119140625 0.0283203125 0.0361328125
0 0.333984375 0.701171875 0.044921875 0.0517578125
0 0.294921875 0.681640625 0.0283203125 0.037109375
0 0.357421875 0.400390625 0.0673828125 0.099609375
0 0.33984375 0.337890625 0.0419921875 0.048828125
0 0.306640625 0.3720703125 0.0576171875 0.068359375
0 0.3330078125 0.267578125 0.0361328125 0.060546875
0 0.3505859375 0.3037109375 0.029296875 0.0341796875
0 0.4208984375 0.09765625 0.060546875 0.0966796875
0 0.42578125 0.1845703125 0.0283203125 0.029296875
0 0.384765625 0.181640625 0.046875 0.0625
0 0.458984375 0.388671875 0.1533203125 0.2529296875
0 0.443359375 0.62890625 0.064453125 0.107421875
0 0.447265625 0.556640625 0.029296875 0.0498046875
0 0.4765625 0.5654296875 0.037109375 0.0576171875
0 0.470703125 0.529296875 0.0341796875 0.044921875
0 0.4033203125 0.8076171875 0.0419921875 0.0654296875
0 0.4375 0.74609375 0.0517578125 0.0673828125
0 0.5009765625 0.81640625 0.1123046875 0.1826171875
0 0.447265625 0.697265625 0.03125 0.0439453125
0 0.494140625 0.69921875 0.0654296875 0.0859375
0 0.466796875 0.666015625 0.0185546875 0.033203125
0 0.4873046875 0.64453125 0.0341796875 0.0517578125
0 0.5087890625 0.603515625 0.0419921875 0.0576171875
0 0.5166015625 0.646484375 0.0341796875 0.0439453125
0 0.5390625 0.607421875 0.052734375 0.0517578125
0 0.603515625 0.541015625 0.0654296875 0.0810546875
0 0.5546875 0.724609375 0.0595703125 0.087890625
0 0.5380859375 0.6640625 0.0263671875 0.041015625
0 0.57421875 0.6650390625 0.046875 0.0673828125
0 0.5966796875 0.603515625 0.0517578125 0.0576171875
0 0.537109375 0.4970703125 0.1171875 0.193359375
0 0.552734375 0.333984375 0.056640625 0.080078125
0 0.44140625 0.8974609375 0.0673828125 0.1455078125
0 0.4365234375 0.8037109375 0.025390625 0.044921875
0 0.4775390625 0.984375 0.0810546875 0.03125
0 0.494140625 0.955078125 0.056640625 0.0732421875
0 0.6142578125 0.3564453125 0.1015625 0.138671875
0 0.6181640625 0.455078125 0.0419921875 0.0732421875
0 0.74609375 0.123046875 0.072265625 0.107421875
0 0.703125 0.3359375 0.0703125 0.109375
0 0.677734375 0.498046875 0.078125 0.109375
0 0.6494140625 0.447265625 0.03125 0.0576171875
0 0.6787109375 0.431640625 0.029296875 0.0517578125
0 0.67578125 0.4033203125 0.033203125 0.0439453125
0 0.689453125 0.595703125 0.076171875 0.103515625
0 0.654296875 0.697265625 0.0498046875 0.0576171875
0 0.6767578125 0.67578125 0.0341796875 0.0517578125
0 0.615234375 0.6953125 0.0361328125 0.0546875
0 0.6171875 0.859375 0.125 0.21875
0 0.626953125 0.744140625 0.0205078125 0.0390625
0 0.6484375 0.736328125 0.0283203125 0.0361328125
0 0.7431640625 0.7607421875 0.0498046875 0.0703125
0 0.802734375 0.86328125 0.0341796875 0.052734375
0 0.556640625 0.9609375 0.021484375 0.0361328125
0 0.537109375 0.943359375 0.0234375 0.0361328125
0 0.5966796875 0.990234375 0.0419921875 0.0185546875
0 0.732421875 0.974609375 0.0703125 0.0498046875
0 0.814453125 0.98046875 0.0654296875 0.0361328125
0 0.7548828125 0.9150390625 0.0234375 0.0419921875
0 0.6875 0.865234375 0.021484375 0.0439453125
0 0.716796875 0.8759765625 0.029296875 0.052734375
0 0.6845703125 0.8349609375 0.0234375 0.0341796875
0 0.87109375 0.271484375 0.087890625 0.1064453125
0 0.8515625 0.197265625 0.0390625 0.0703125
0 0.794921875 0.205078125 0.068359375 0.0986328125
0 0.72265625 0.228515625 0.076171875 0.1201171875
0 0.7578125 0.373046875 0.0546875 0.0830078125
0 0.7236328125 0.431640625 0.0703125 0.111328125
0 0.751953125 0.5302734375 0.0830078125 0.109375
0 0.75390625 0.6328125 0.072265625 0.103515625
0 0.716796875 0.7001953125 0.046875 0.0625
0 0.8984375 0.857421875 0.0234375 0.0390625
0 0.916015625 0.810546875 0.0419921875 0.0361328125
0 0.923828125 0.763671875 0.041015625 0.0546875
0 0.9267578125 0.9462890625 0.107421875 0.107421875
0 0.9697265625 0.8837890625 0.060546875 0.130859375
0 0.970703125 0.896484375 0.0419921875 0.0673828125
0 0.8681640625 0.970703125 0.029296875 0.0546875
0 0.888671875 0.912109375 0.03125 0.037109375
0 0.92578125 0.853515625 0.0283203125 0.044921875
0 0.935546875 0.724609375 0.041015625 0.048828125
0 0.9716796875 0.744140625 0.0283203125 0.0498046875
0 0.9677734375 0.677734375 0.064453125 0.09375
0 0.8447265625 0.68359375 0.134765625 0.1923828125
0 0.8193359375 0.560546875 0.068359375 0.0966796875
0 0.923828125 0.548828125 0.140625 0.208984375
0 0.962890625 0.416015625 0.060546875 0.09375
0 0.8857421875 0.423828125 0.0498046875 0.0751953125
0 0.9111328125 0.3583984375 0.0498046875 0.080078125
0 0.9619140625 0.318359375 0.076171875 0.125
0 0.9091796875 0.177734375 0.080078125 0.1201171875
0 0.9599609375 0.166015625 0.046875 0.0576171875
0 0.9775390625 0.21484375 0.0390625 0.0673828125
0 0.779296875 0.4453125 0.064453125 0.103515625
0 0.8349609375 0.4658203125 0.0654296875 0.095703125
0 0.8232421875 0.359375 0.09375 0.130859375
0 0.896484375 0.0791015625 0.046875 0.0576171875
0 0.830078125 0.0966796875 0.0966796875 0.1435546875
0 0.591796875 0.255859375 0.0576171875 0.0751953125
0 0.54296875 0.1611328125 0.068359375 0.109375
0 0.6904296875 0.044921875 0.0625 0.0888671875
0 0.7646484375 0.037109375 0.0703125 0.0732421875
0 0.958984375 0.05859375 0.078125 0.1171875
0 0.9189453125 0.013671875 0.033203125 0.02734375
0 0.4560546875 0.033203125 0.0546875 0.0654296875
0 0.5107421875 0.025390625 0.048828125 0.05078125
0 0.404296875 0.0283203125 0.046875 0.056640625
0 0.2138671875 0.0263671875 0.0751953125 0.052734375
0 0.6240234375 0.029296875 0.076171875 0.05859375
0 0.61328125 0.654296875 0.0341796875 0.044921875
0 0.8232421875 0.28125 0.0263671875 0.037109375