0 0.669921875 0.734375 0.080078125 0.142578125
0 0.646484375 0.638671875 0.0390625 0.0654296875
0 0.4609375 0.576171875 0.064453125 0.1142578125
0 0.705078125 0.41796875 0.1064453125 0.1796875
0 0.9765625 0.755859375 0.0283203125 0.046875
0 0.9189453125 0.908203125 0.0390625 0.0732421875
0 0.78125 0.982421875 0.041015625 0.0341796875
0 0.791015625 0.9365234375 0.033203125 0.0595703125
0 0.6640625 0.8642578125 0.0419921875 0.0732421875
0 0.720703125 0.9306640625 0.060546875 0.1044921875
0 0.009765625 0.3603515625 0.01953125 0.076171875
0 0.287109375 0.021484375 0.0703125 0.04296875
0 0.27734375 0.31640625 0.083984375 0.138671875
0 0.255859375 0.4052734375 0.0703125 0.111328125
0 0.1787109375 0.6904296875 0.0595703125 0.095703125
0 0.1484375 0.779296875 0.033203125 0.0517578125
0 0.0615234375 0.9580078125 0.0576171875 0.083984375
0 0.3212890625 0.720703125 0.03125 0.0517578125
0 0.1650390625 0.9775390625 0.041015625 0.044921875
0 0.294921875 0.9638671875 0.046875 0.072265625
0 0.341796875 0.802734375 0.0283203125 0.0517578125
0 0.341796875 0.7529296875 0.03125 0.0546875
0 0.38671875 0.8720703125 0.029296875 0.0498046875
0 0.388671875 0.9697265625 0.03515625 0.060546875
0 0.400390625 0.912109375 0.0234375 0.0498046875
0 0.439453125 0.9521484375 0.064453125 0.095703125
0 0.412109375 0.7939453125 0.0673828125 0.111328125
0 0.5087890625 0.7373046875 0.0625 0.0908203125
0 0.51953125 0.8056640625 0.041015625 0.060546875
0 0.6328125 0.806640625 0.0703125 0.1064453125
0 0.6142578125 0.7265625 0.0439453125 0.0732421875
0 0.525390625 0.146484375 0.1904296875 0.291015625
0 0.572265625 0.353515625 0.064453125 0.1328125
0 0.4931640625 0.32421875 0.111328125 0.181640625
0 0.9609375 0.11328125 0.078125 0.142578125
0 0.986328125 0.0478515625 0.0263671875 0.09375
0 0.9541015625 0.234375 0.080078125 0.1201171875
0 0.9521484375 0.3896484375 0.095703125 0.2109375
0 0.560546875 0.9814453125 0.04296875 0.037109375