0 0.9287109375 0.1708984375 0.076171875 0.125
0 0.591796875 0.708984375 0.052734375 0.095703125
0 0.9794921875 0.451171875 0.041015625 0.1015625
0 0.720703125 0.8017578125 0.056640625 0.095703125
0 0.8564453125 0.69140625 0.0810546875 0.123046875
0 0.9423828125 0.876953125 0.03125 0.0595703125
0 0.9052734375 0.869140625 0.0498046875 0.0859375
0 0.927734375 0.9794921875 0.0185546875 0.0341796875
0 0.9814453125 0.9794921875 0.0283203125 0.041015625
0 0.8994140625 0.9736328125 0.048828125 0.052734375
0 0.859375 0.9853515625 0.046875 0.029296875
0 0.6845703125 0.9755859375 0.0439453125 0.048828125
0 0.6259765625 0.4697265625 0.0966796875 0.162109375
0 0.4326171875 0.8701171875 0.052734375 0.0830078125
0 0.6103515625 0.095703125 0.1201171875 0.1904296875
0 0.1806640625 0.3740234375 0.095703125 0.1640625
0 0.2177734375 0.3154296875 0.0361328125 0.0625
0 0.2353515625 0.7255859375 0.119140625 0.177734375
0 0.2822265625 0.6533203125 0.046875 0.0859375
0 0.2890625 0.0654296875 0.1171875 0.130859375
0 0.197265625 0.974609375 0.037109375 0.0341796875
0 0.1865234375 0.8408203125 0.078125 0.1357421875
0 0.271484375 0.8544921875 0.09375 0.15625
0 0.220703125 0.916015625 0.072265625 0.1201171875