0 0.658203125 0.7607421875 0.0859375 0.1533203125
0 0.6396484375 0.6611328125 0.0419921875 0.0703125
0 0.45703125 0.568359375 0.068359375 0.123046875
0 0.708984375 0.451171875 0.1142578125 0.1953125
0 0.962890625 0.830078125 0.029296875 0.0517578125
0 0.896484375 0.9658203125 0.0419921875 0.068359375
0 0.7666015625 0.9736328125 0.037109375 0.052734375
0 0.6455078125 0.888671875 0.0439453125 0.080078125
0 0.697265625 0.9521484375 0.0673828125 0.095703125
0 0.0185546875 0.287109375 0.025390625 0.080078125
0 0.310546875 0.0087890625 0.0703125 0.017578125
0 0.287109375 0.283203125 0.0908203125 0.150390625
0 0.2607421875 0.369140625 0.0751953125 0.1201171875
0 0.169921875 0.6396484375 0.064453125 0.1044921875
0 0.1357421875 0.724609375 0.0341796875 0.056640625
0 0.041015625 0.888671875 0.060546875 0.091796875
0 0.310546875 0.6923828125 0.033203125 0.056640625
0 0.1435546875 0.9248046875 0.0439453125 0.0498046875
0 0.2724609375 0.931640625 0.0498046875 0.080078125
0 0.328125 0.7763671875 0.03125 0.0546875
0 0.330078125 0.7275390625 0.0341796875 0.0595703125
0 0.369140625 0.853515625 0.03125 0.0546875
0 0.3681640625 0.9521484375 0.0390625 0.064453125
0 0.380859375 0.89453125 0.025390625 0.0546875
0 0.41796875 0.94140625 0.068359375 0.1044921875
0 0.3974609375 0.779296875 0.0732421875 0.1220703125
0 0.4970703125 0.73828125 0.0673828125 0.1015625
0 0.5048828125 0.806640625 0.0419921875 0.0673828125
0 0.6171875 0.826171875 0.0751953125 0.119140625
0 0.6025390625 0.744140625 0.046875 0.080078125
0 0.54296875 0.15625 0.205078125 0.3125
0 0.580078125 0.365234375 0.0703125 0.142578125
0 0.501953125 0.32421875 0.119140625 0.197265625
0 0.966796875 0.185546875 0.0654296875 0.1533203125
0 0.9951171875 0.1240234375 0.009765625 0.0966796875
0 0.9609375 0.3056640625 0.078125 0.1328125
0 0.951171875 0.4599609375 0.0966796875 0.2236328125
0 0.537109375 0.984375 0.0439453125 0.03125