0 0.73046875 0.31640625 0.029296875 0.0576171875
0 0.619140625 0.2734375 0.1142578125 0.1982421875
0 0.9462890625 0.3525390625 0.0673828125 0.1171875
0 0.876953125 0.8671875 0.068359375 0.119140625
0 0.9619140625 0.814453125 0.0419921875 0.076171875
0 0.986328125 0.646484375 0.0263671875 0.0966796875
0 0.380859375 0.4765625 0.046875 0.0888671875
0 0.65625 0.708984375 0.0986328125 0.1513671875
0 0.716796875 0.9384765625 0.0419921875 0.076171875
0 0.8125 0.9287109375 0.021484375 0.0390625
0 0.90625 0.9228515625 0.017578125 0.033203125
0 0.85546875 0.28515625 0.0185546875 0.033203125
0 0.849609375 0.2626953125 0.013671875 0.0234375
0 0.169921875 0.396484375 0.0263671875 0.0546875
0 0.3193359375 0.357421875 0.115234375 0.2001953125
0 0.212890625 0.6962890625 0.0341796875 0.064453125
0 0.2548828125 0.736328125 0.095703125 0.177734375
0 0.306640625 0.970703125 0.087890625 0.0576171875
0 0.298828125 0.9169921875 0.060546875 0.087890625
0 0.228515625 0.994140625 0.0576171875 0.0107421875