0 0.261963 0.343750 0.020996 0.031250
0 0.826172 0.359375 0.023438 0.032986
0 0.789795 0.983507 0.049316 0.031250
0 0.051025 0.871094 0.034668 0.051215
0 0.299805 0.966146 0.034180 0.055556
0 0.015137 0.704861 0.030273 0.078125
0 0.618164 0.462674 0.040039 0.062500
0 0.716553 0.888889 0.046387 0.078125
0 0.140381 0.911892 0.059082 0.092882
0 0.711182 0.964844 0.077637 0.068576
0 0.052979 0.407552 0.064941 0.092882
0 0.352783 0.731337 0.084473 0.120660
0 0.759766 0.707465 0.092773 0.151042
0 0.371094 0.291233 0.100586 0.165799
0 0.674072 0.336372 0.102051 0.169271
