0 0.2626953125 0.345703125 0.0283203125 0.0546875
0 0.3720703125 0.2890625 0.107421875 0.185546875
0 0.048828125 0.408203125 0.0625 0.109375
0 0.138671875 0.9130859375 0.064453125 0.111328125
0 0.0517578125 0.8701171875 0.0390625 0.072265625
0 0.015625 0.7060546875 0.03125 0.09375
0 0.6171875 0.4619140625 0.0439453125 0.083984375
0 0.3525390625 0.728515625 0.09375 0.140625
0 0.30078125 0.9638671875 0.041015625 0.072265625
0 0.205078125 0.966796875 0.0205078125 0.0361328125
0 0.111328125 0.9716796875 0.017578125 0.03125
0 0.1376953125 0.330078125 0.017578125 0.03125
0 0.1416015625 0.306640625 0.0126953125 0.0234375
0 0.8251953125 0.3564453125 0.025390625 0.052734375
0 0.673828125 0.3349609375 0.107421875 0.1875
0 0.794921875 0.6591796875 0.033203125 0.060546875
0 0.7548828125 0.705078125 0.087890625 0.1669921875
0 0.7119140625 0.9609375 0.0859375 0.078125
0 0.716796875 0.8916015625 0.0576171875 0.0810546875
0 0.7900390625 0.978515625 0.056640625 0.041015625