0 0.07421875 0.158203125 0.0751953125 0.123046875
0 0.4052734375 0.70703125 0.052734375 0.09375
0 0.0205078125 0.4365234375 0.041015625 0.1015625
0 0.275390625 0.794921875 0.0546875 0.09375
0 0.1416015625 0.6806640625 0.080078125 0.1201171875
0 0.0537109375 0.8642578125 0.03125 0.0595703125
0 0.0908203125 0.857421875 0.0498046875 0.083984375
0 0.0673828125 0.966796875 0.0185546875 0.0341796875
0 0.013671875 0.97265625 0.0263671875 0.0546875
0 0.09375 0.96875 0.048828125 0.0625
0 0.134765625 0.9794921875 0.044921875 0.041015625
0 0.310546875 0.97265625 0.0419921875 0.0517578125
0 0.375 0.4658203125 0.095703125 0.1591796875
0 0.5634765625 0.8720703125 0.0517578125 0.0810546875
0 0.3935546875 0.0927734375 0.119140625 0.185546875
0 0.8203125 0.384765625 0.09375 0.1611328125
0 0.783203125 0.32421875 0.0341796875 0.0625
0 0.7626953125 0.734375 0.1171875 0.1748046875
0 0.716796875 0.66015625 0.046875 0.083984375
0 0.71484375 0.068359375 0.115234375 0.1357421875
0 0.798828125 0.984375 0.0361328125 0.03125
0 0.810546875 0.849609375 0.076171875 0.134765625
0 0.724609375 0.861328125 0.091796875 0.154296875
0 0.7744140625 0.92578125 0.0703125 0.119140625