0 0.9462890625 0.2529296875 0.0830078125 0.138671875
0 0.580078125 0.7255859375 0.0595703125 0.1044921875
0 0.9775390625 0.5400390625 0.044921875 0.107421875
0 0.7021484375 0.8408203125 0.0595703125 0.1044921875
0 0.8427734375 0.7568359375 0.087890625 0.1376953125
0 0.91796875 0.9580078125 0.0341796875 0.0654296875
0 0.8818359375 0.943359375 0.0546875 0.095703125
0 0.654296875 0.9892578125 0.046875 0.021484375
0 0.626953125 0.4931640625 0.1044921875 0.177734375
0 0.412109375 0.8564453125 0.056640625 0.091796875
0 0.6337890625 0.119140625 0.1298828125 0.2109375
0 0.189453125 0.3154296875 0.1044921875 0.1796875
0 0.23046875 0.2646484375 0.0390625 0.0703125
0 0.2236328125 0.67578125 0.1279296875 0.1982421875
0 0.2744140625 0.611328125 0.052734375 0.095703125
0 0.31640625 0.052734375 0.123046875 0.1044921875
0 0.169921875 0.916015625 0.0390625 0.041015625
0 0.1689453125 0.7802734375 0.083984375 0.1484375
0 0.251953125 0.810546875 0.103515625 0.173828125
0 0.1982421875 0.8623046875 0.078125 0.1328125