0 0.3154296875 0.6962890625 0.0888671875 0.15625
0 0.3447265625 0.60546875 0.0419921875 0.072265625
0 0.533203125 0.583984375 0.0703125 0.126953125
0 0.302734375 0.3740234375 0.119140625 0.201171875
0 0.0126953125 0.6513671875 0.025390625 0.052734375
0 0.056640625 0.814453125 0.0439453125 0.0810546875
0 0.1865234375 0.9189453125 0.0419921875 0.0419921875
0 0.181640625 0.87109375 0.037109375 0.0654296875
0 0.3125 0.826171875 0.046875 0.0810546875
0 0.251953125 0.8798828125 0.068359375 0.1171875
0 0.990234375 0.4677734375 0.0185546875 0.080078125
0 0.744140625 0.072265625 0.072265625 0.0595703125
0 0.7333984375 0.3662109375 0.091796875 0.15625
0 0.7490234375 0.458984375 0.0751953125 0.125
0 0.806640625 0.7587890625 0.0654296875 0.107421875
0 0.830078125 0.853515625 0.0361328125 0.0595703125
0 0.662109375 0.7568359375 0.0341796875 0.0595703125
0 0.6708984375 0.9814453125 0.052734375 0.037109375
0 0.6357421875 0.833984375 0.03125 0.0576171875
0 0.640625 0.78515625 0.0361328125 0.0625
0 0.5869140625 0.8935546875 0.03125 0.0546875
0 0.576171875 0.978515625 0.041015625 0.0419921875
0 0.5712890625 0.9306640625 0.0263671875 0.0546875
0 0.52734375 0.953125 0.0703125 0.09375
0 0.568359375 0.810546875 0.0751953125 0.125
0 0.474609375 0.7333984375 0.0673828125 0.1044921875
0 0.458984375 0.798828125 0.0439453125 0.068359375
0 0.34765625 0.775390625 0.076171875 0.1220703125
0 0.37109375 0.701171875 0.048828125 0.0810546875
0 0.4970703125 0.154296875 0.208984375 0.30859375
0 0.4375 0.337890625 0.0732421875 0.1455078125
0 0.5185546875 0.3271484375 0.1220703125 0.205078125
0 0.068359375 0.046875 0.087890625 0.09375
0 0.068359375 0.138671875 0.087890625 0.1357421875
0 0.0576171875 0.29296875 0.107421875 0.2294921875
0 0.40625 0.9658203125 0.0439453125 0.044921875