0 0.729736 0.306858 0.020996 0.033854
0 0.168701 0.409288 0.022949 0.035590
0 0.987793 0.627604 0.023438 0.072917
0 0.720947 0.934028 0.031738 0.052083
0 0.964355 0.799913 0.035156 0.051215
0 0.315430 0.980903 0.068359 0.036458
0 0.379883 0.481771 0.040039 0.062500
0 0.303467 0.921441 0.045410 0.075521
0 0.878418 0.857205 0.057617 0.089410
0 0.938965 0.338542 0.067383 0.098958
0 0.659180 0.705729 0.085938 0.121528
0 0.250244 0.746962 0.094238 0.150174
0 0.617188 0.272569 0.101562 0.168403
0 0.318604 0.366319 0.106934 0.170139
