0 0.728515625 0.3095703125 0.029296875 0.0595703125
0 0.6181640625 0.2705078125 0.1171875 0.201171875
0 0.9443359375 0.337890625 0.0673828125 0.119140625
0 0.880859375 0.85546875 0.0703125 0.1201171875
0 0.96484375 0.7998046875 0.0439453125 0.078125
0 0.9873046875 0.630859375 0.025390625 0.0986328125
0 0.380859375 0.4794921875 0.046875 0.0888671875
0 0.658203125 0.705078125 0.0986328125 0.1533203125
0 0.720703125 0.931640625 0.0439453125 0.078125
0 0.81640625 0.919921875 0.021484375 0.0390625
0 0.91015625 0.91015625 0.017578125 0.0341796875
0 0.853515625 0.2744140625 0.0185546875 0.0341796875
0 0.8486328125 0.251953125 0.013671875 0.025390625
0 0.169921875 0.4072265625 0.0283203125 0.0546875
0 0.318359375 0.3623046875 0.1171875 0.203125
0 0.21484375 0.705078125 0.0361328125 0.0654296875
0 0.255859375 0.744140625 0.095703125 0.181640625
0 0.3115234375 0.97265625 0.0888671875 0.0546875
0 0.302734375 0.923828125 0.0625 0.0888671875