0 0.416015625 0.64453125 0.1904296875 0.220703125
0 0.4111328125 0.529296875 0.103515625 0.083984375
0 0.82421875 0.638671875 0.103515625 0.087890625
0 0.517578125 0.3505859375 0.078125 0.0625
0 0.677734375 0.337890625 0.1376953125 0.154296875
0 0.6904296875 0.244140625 0.0830078125 0.0751953125
0 0.740234375 0.26953125 0.1064453125 0.1015625
0 0.7880859375 0.3525390625 0.1328125 0.1455078125
0 0.5673828125 0.212890625 0.1328125 0.1201171875
0 0.4892578125 0.267578125 0.1455078125 0.138671875
0 0.5888671875 0.314453125 0.138671875 0.158203125
0 0.0615234375 0.298828125 0.087890625 0.0908203125
0 0.255859375 0.283203125 0.15625 0.1611328125
0 0.365234375 0.294921875 0.126953125 0.1533203125
0 0.4189453125 0.4033203125 0.189453125 0.1767578125
0 0.4033203125 0.330078125 0.1923828125 0.140625
0 0.1259765625 0.427734375 0.1845703125 0.1669921875
0 0.333984375 0.44921875 0.197265625 0.181640625
0 0.220703125 0.4677734375 0.166015625 0.1611328125
0 0.666015625 0.5478515625 0.220703125 0.189453125
0 0.619140625 0.4697265625 0.1064453125 0.0859375
0 0.7099609375 0.4326171875 0.1982421875 0.1591796875
0 0.8466796875 0.5693359375 0.1796875 0.1376953125
0 0.8525390625 0.5224609375 0.1904296875 0.1279296875
0 0.869140625 0.455078125 0.0986328125 0.064453125
0 0.6826171875 0.7294921875 0.1767578125 0.1669921875
0 0.556640625 0.6708984375 0.181640625 0.203125
0 0.2373046875 0.599609375 0.228515625 0.21875
0 0.216796875 0.8037109375 0.236328125 0.2734375
0 0.560546875 0.7861328125 0.216796875 0.1171875
0 0.392578125 0.873046875 0.2216796875 0.228515625