0 0.4365234375 0.654296875 0.166015625 0.2001953125
0 0.416015625 0.5419921875 0.09375 0.0703125
0 0.8408203125 0.5927734375 0.09375 0.0751953125
0 0.49609375 0.349609375 0.072265625 0.052734375
0 0.654296875 0.3154296875 0.119140625 0.138671875
0 0.654296875 0.2197265625 0.0751953125 0.0654296875
0 0.705078125 0.2392578125 0.09375 0.0888671875
0 0.7646484375 0.3134765625 0.1171875 0.1298828125
0 0.5263671875 0.205078125 0.1171875 0.1044921875
0 0.45703125 0.271484375 0.1298828125 0.1220703125
0 0.5615234375 0.3037109375 0.1201171875 0.142578125
0 0.0380859375 0.361328125 0.076171875 0.0810546875
0 0.228515625 0.318359375 0.1376953125 0.1435546875
0 0.337890625 0.3154296875 0.109375 0.138671875
0 0.4052734375 0.416015625 0.169921875 0.1533203125
0 0.380859375 0.345703125 0.1767578125 0.1171875
0 0.119140625 0.4794921875 0.166015625 0.1455078125
0 0.3291015625 0.4736328125 0.1767578125 0.1591796875
0 0.2197265625 0.5068359375 0.146484375 0.140625
0 0.669921875 0.5244140625 0.2001953125 0.1640625
0 0.61328125 0.4541015625 0.0966796875 0.072265625
0 0.6982421875 0.404296875 0.181640625 0.1357421875
0 0.853515625 0.521484375 0.166015625 0.1171875
0 0.8515625 0.4736328125 0.1767578125 0.1044921875
0 0.859375 0.404296875 0.091796875 0.0517578125
0 0.712890625 0.7021484375 0.158203125 0.146484375
0 0.580078125 0.6611328125 0.15625 0.1845703125
0 0.25390625 0.634765625 0.205078125 0.1923828125
0 0.2626953125 0.8408203125 0.205078125 0.2470703125
0 0.599609375 0.775390625 0.2060546875 0.087890625
0 0.4443359375 0.8837890625 0.1953125 0.203125