0 0.5498046875 0.66015625 0.181640625 0.212890625
0 0.580078125 0.548828125 0.1015625 0.080078125
0 0.1533203125 0.5634765625 0.099609375 0.0830078125
0 0.517578125 0.3505859375 0.0751953125 0.0595703125
0 0.36328125 0.302734375 0.1298828125 0.150390625
0 0.3720703125 0.2080078125 0.078125 0.072265625
0 0.318359375 0.2216796875 0.1015625 0.0966796875
0 0.251953125 0.291015625 0.126953125 0.140625
0 0.4990234375 0.205078125 0.126953125 0.1142578125
0 0.5634765625 0.275390625 0.140625 0.1328125
0 0.455078125 0.298828125 0.1328125 0.1533203125
0 0.96484375 0.400390625 0.0703125 0.0859375
0 0.787109375 0.3427734375 0.150390625 0.15625
0 0.677734375 0.330078125 0.1201171875 0.1484375
0 0.6005859375 0.423828125 0.1826171875 0.1689453125
0 0.6328125 0.3564453125 0.1875 0.130859375
0 0.880859375 0.513671875 0.177734375 0.1591796875
0 0.6728515625 0.4873046875 0.189453125 0.173828125
0 0.779296875 0.5322265625 0.1591796875 0.1533203125
0 0.328125 0.5087890625 0.212890625 0.1796875
0 0.3916015625 0.443359375 0.1015625 0.0810546875
0 0.310546875 0.38671875 0.1923828125 0.150390625
0 0.146484375 0.490234375 0.1767578125 0.1298828125
0 0.1513671875 0.443359375 0.185546875 0.1201171875
0 0.150390625 0.373046875 0.0966796875 0.0595703125
0 0.26953125 0.6826171875 0.169921875 0.1591796875
0 0.4052734375 0.654296875 0.171875 0.197265625
0 0.7333984375 0.65625 0.21875 0.2080078125
0 0.70703125 0.8603515625 0.224609375 0.263671875
0 0.376953125 0.7646484375 0.212890625 0.1064453125
0 0.521484375 0.8876953125 0.212890625 0.21875