0 0.8505859375 0.1220703125 0.0576171875 0.0546875
0 0.7412109375 0.095703125 0.1376953125 0.126953125
0 0.72265625 0.2138671875 0.078125 0.0810546875
0 0.3408203125 0.140625 0.072265625 0.078125
0 0.5849609375 0.298828125 0.078125 0.080078125
0 0.169921875 0.2294921875 0.0576171875 0.060546875
0 0.1455078125 0.119140625 0.1357421875 0.1298828125
0 0.2802734375 0.30859375 0.126953125 0.1328125
0 0.501953125 0.181640625 0.1328125 0.1328125
0 0.076171875 0.28125 0.0751953125 0.0810546875
0 0.7255859375 0.3505859375 0.126953125 0.1328125
0 0.5478515625 0.4453125 0.0595703125 0.0576171875
0 0.1552734375 0.416015625 0.1328125 0.1328125
0 0.0517578125 0.443359375 0.0546875 0.060546875
0 0.84375 0.4296875 0.0810546875 0.0810546875
0 0.708984375 0.5029296875 0.0517578125 0.0546875
0 0.400390625 0.5048828125 0.1298828125 0.1328125
0 0.1767578125 0.5341796875 0.080078125 0.083984375
0 0.494140625 0.591796875 0.0810546875 0.0810546875
0 0.3134765625 0.619140625 0.0751953125 0.0810546875
0 0.802734375 0.5859375 0.0546875 0.060546875
0 0.9609375 0.615234375 0.078125 0.0859375
0 0.712890625 0.712890625 0.0810546875 0.0830078125
0 0.1708984375 0.669921875 0.1298828125 0.1298828125
0 0.052734375 0.751953125 0.0751953125 0.078125
0 0.4228515625 0.7255859375 0.0517578125 0.0546875
0 0.5751953125 0.70703125 0.126953125 0.1298828125
0 0.3505859375 0.763671875 0.0517578125 0.0576171875
0 0.1923828125 0.826171875 0.060546875 0.0595703125
0 0.482421875 0.8837890625 0.0546875 0.0546875
0 0.626953125 0.84765625 0.078125 0.0810546875
0 0.8271484375 0.689453125 0.1298828125 0.1298828125
0 0.9365234375 0.818359375 0.126953125 0.1328125
0 0.7431640625 0.9345703125 0.126953125 0.130859375