0 0.869140625 0.140625 0.0576171875 0.0576171875
0 0.76171875 0.109375 0.1435546875 0.1328125
0 0.736328125 0.2255859375 0.0810546875 0.083984375
0 0.359375 0.1337890625 0.0751953125 0.080078125
0 0.5947265625 0.302734375 0.0810546875 0.083984375
0 0.18359375 0.212890625 0.060546875 0.0673828125
0 0.1650390625 0.1005859375 0.140625 0.1357421875
0 0.2900390625 0.2978515625 0.1328125 0.138671875
0 0.517578125 0.181640625 0.138671875 0.138671875
0 0.087890625 0.2587890625 0.078125 0.0859375
0 0.732421875 0.361328125 0.1328125 0.138671875
0 0.5498046875 0.447265625 0.0625 0.060546875
0 0.1591796875 0.3974609375 0.138671875 0.138671875
0 0.0546875 0.4208984375 0.0576171875 0.064453125
0 0.845703125 0.4482421875 0.083984375 0.083984375
0 0.70703125 0.513671875 0.0546875 0.0576171875
0 0.3994140625 0.498046875 0.1357421875 0.1376953125
0 0.1748046875 0.517578125 0.083984375 0.0859375
0 0.490234375 0.5908203125 0.083984375 0.0830078125
0 0.306640625 0.609375 0.078125 0.083984375
0 0.7978515625 0.6005859375 0.0576171875 0.0595703125
0 0.9541015625 0.638671875 0.083984375 0.0888671875
0 0.701171875 0.724609375 0.0830078125 0.0859375
0 0.162109375 0.65234375 0.1357421875 0.1357421875
0 0.0400390625 0.7275390625 0.078125 0.0810546875
0 0.4091796875 0.720703125 0.0517578125 0.0576171875
0 0.5634765625 0.7099609375 0.1328125 0.1357421875
0 0.337890625 0.7548828125 0.0546875 0.0595703125
0 0.1748046875 0.80859375 0.064453125 0.064453125
0 0.462890625 0.8818359375 0.0576171875 0.0576171875
0 0.607421875 0.853515625 0.0810546875 0.083984375
0 0.81640625 0.70703125 0.1357421875 0.1357421875
0 0.919921875 0.841796875 0.1328125 0.138671875
0 0.71875 0.939453125 0.1328125 0.1201171875