0 0.25390625 0.814453125 0.056640625 0.0751953125
0 0.1201171875 0.728515625 0.1669921875 0.2158203125
0 0.0478515625 0.681640625 0.021484375 0.0341796875
0 0.0732421875 0.625 0.0341796875 0.0419921875
0 0.357421875 0.2568359375 0.412109375 0.458984375
0 0.2080078125 0.4072265625 0.126953125 0.154296875
0 0.18359375 0.4921875 0.0439453125 0.0517578125
0 0.1171875 0.6005859375 0.037109375 0.0546875
0 0.1376953125 0.5888671875 0.0205078125 0.021484375
0 0.0263671875 0.603515625 0.025390625 0.029296875
0 0.0244140625 0.568359375 0.025390625 0.0341796875
0 0.033203125 0.529296875 0.0390625 0.048828125
0 0.076171875 0.474609375 0.0263671875 0.0341796875
0 0.845703125 0.5966796875 0.056640625 0.0888671875
0 0.900390625 0.666015625 0.1123046875 0.1875
0 0.982421875 0.630859375 0.0234375 0.029296875
0 0.017578125 0.4736328125 0.03515625 0.068359375
0 0.619140625 0.3837890625 0.28125 0.3515625
0 0.767578125 0.6533203125 0.0517578125 0.068359375
0 0.66015625 0.59765625 0.025390625 0.03125
0 0.802734375 0.51953125 0.064453125 0.1328125
0 0.736328125 0.5478515625 0.140625 0.193359375
0 0.87109375 0.361328125 0.248046875 0.259765625
0 0.2646484375 0.20703125 0.060546875 0.072265625
0 0.4375 0.2119140625 0.052734375 0.0517578125
0 0.361328125 0.232421875 0.052734375 0.052734375
0 0.302734375 0.244140625 0.060546875 0.064453125
0 0.4580078125 0.2958984375 0.0419921875 0.0517578125
0 0.458984375 0.2568359375 0.0439453125 0.0576171875
0 0.1044921875 0.18359375 0.162109375 0.150390625
0 0.083984375 0.3603515625 0.1669921875 0.2060546875
0 0.0927734375 0.251953125 0.134765625 0.1044921875
0 0.27734375 0.0830078125 0.2998046875 0.1591796875
0 0.517578125 0.11328125 0.029296875 0.037109375
0 0.5126953125 0.08984375 0.03125 0.0439453125
0 0.517578125 0.044921875 0.0673828125 0.0498046875
0 0.478515625 0.064453125 0.052734375 0.044921875
0 0.4931640625 0.03125 0.048828125 0.0361328125
0 0.7333984375 0.1884765625 0.1826171875 0.2265625
0 0.953125 0.18359375 0.09375 0.15625
0 0.84765625 0.189453125 0.060546875 0.0810546875
0 0.869140625 0.1572265625 0.0546875 0.060546875
0 0.7666015625 0.06640625 0.046875 0.0517578125
0 0.759765625 0.0390625 0.0546875 0.0673828125
0 0.7900390625 0.0908203125 0.046875 0.048828125
0 0.822265625 0.060546875 0.0419921875 0.048828125
0 0.640625 0.0869140625 0.0595703125 0.072265625
0 0.634765625 0.029296875 0.0673828125 0.0576171875
0 0.55078125 0.1728515625 0.0361328125 0.037109375
0 0.5947265625 0.1318359375 0.0390625 0.0439453125
0 0.53515625 0.107421875 0.0283203125 0.0361328125
0 0.5625 0.10546875 0.0419921875 0.052734375
0 0.62890625 0.1201171875 0.052734375 0.0517578125
0 0.0849609375 0.0810546875 0.052734375 0.060546875
0 0.123046875 0.0947265625 0.033203125 0.048828125
0 0.013671875 0.2548828125 0.02734375 0.060546875
0 0.021484375 0.2001953125 0.04296875 0.041015625
0 0.0185546875 0.1572265625 0.037109375 0.041015625
0 0.0234375 0.109375 0.046875 0.060546875
0 0.890625 0.1044921875 0.0546875 0.0703125
0 0.8359375 0.126953125 0.048828125 0.056640625
0 0.431640625 0.654296875 0.296875 0.40625
0 0.6513671875 0.775390625 0.201171875 0.248046875