0 0.693359375 0.869140625 0.0673828125 0.087890625
0 0.837890625 0.8154296875 0.197265625 0.25
0 0.916015625 0.7880859375 0.0263671875 0.037109375
0 0.900390625 0.7255859375 0.041015625 0.0498046875
0 0.67578125 0.296875 0.4736328125 0.5498046875
0 0.80078125 0.478515625 0.1484375 0.1845703125
0 0.8115234375 0.568359375 0.0498046875 0.060546875
0 0.8603515625 0.69140625 0.044921875 0.064453125
0 0.8427734375 0.673828125 0.0234375 0.0283203125
0 0.94921875 0.7158203125 0.0283203125 0.0361328125
0 0.95703125 0.681640625 0.029296875 0.0390625
0 0.9541015625 0.6396484375 0.044921875 0.0576171875
0 0.919921875 0.578125 0.03125 0.0390625
0 0.146484375 0.51171875 0.068359375 0.1015625
0 0.0830078125 0.568359375 0.138671875 0.2109375
0 0.009765625 0.509765625 0.01953125 0.03515625
0 0.9775390625 0.5927734375 0.044921875 0.0732421875
0 0.400390625 0.357421875 0.330078125 0.412109375
0 0.2138671875 0.5859375 0.060546875 0.0810546875
0 0.328125 0.556640625 0.0283203125 0.0361328125
0 0.2001953125 0.447265625 0.0830078125 0.146484375
0 0.259765625 0.4892578125 0.1669921875 0.2236328125
0 0.15625 0.275390625 0.283203125 0.314453125
0 0.7744140625 0.26953125 0.0703125 0.0830078125
0 0.6044921875 0.232421875 0.060546875 0.064453125
0 0.67578125 0.2705078125 0.060546875 0.0654296875
0 0.732421875 0.296875 0.0703125 0.076171875
0 0.572265625 0.3095703125 0.0498046875 0.0595703125
0 0.576171875 0.271484375 0.0517578125 0.0673828125
0 0.9228515625 0.2841796875 0.154296875 0.185546875
0 0.9150390625 0.4619140625 0.169921875 0.240234375
0 0.9306640625 0.3544921875 0.138671875 0.134765625
0 0.7802734375 0.1435546875 0.3173828125 0.2294921875
0 0.541015625 0.1162109375 0.0341796875 0.0439453125
0 0.5498046875 0.09375 0.037109375 0.0517578125
0 0.552734375 0.048828125 0.0732421875 0.0654296875
0 0.5869140625 0.078125 0.0576171875 0.0576171875
0 0.5771484375 0.0419921875 0.052734375 0.044921875
0 0.318359375 0.13671875 0.2138671875 0.267578125
0 0.103515625 0.0830078125 0.115234375 0.166015625
0 0.205078125 0.111328125 0.072265625 0.091796875
0 0.189453125 0.07421875 0.0625 0.0732421875
0 0.302734375 0.01953125 0.052734375 0.0390625
0 0.314453125 0.01171875 0.064453125 0.0234375
0 0.2763671875 0.029296875 0.052734375 0.0576171875
0 0.2490234375 0.0087890625 0.048828125 0.017578125
0 0.4248046875 0.060546875 0.068359375 0.0859375
0 0.4384765625 0.021484375 0.0751953125 0.0419921875
0 0.5 0.166015625 0.041015625 0.044921875
0 0.462890625 0.115234375 0.044921875 0.052734375
0 0.5244140625 0.1064453125 0.033203125 0.0419921875
0 0.498046875 0.09765625 0.0498046875 0.064453125
0 0.431640625 0.0966796875 0.060546875 0.0625
0 0.9697265625 0.1884765625 0.060546875 0.072265625
0 0.931640625 0.193359375 0.041015625 0.052734375
0 0.1748046875 0.029296875 0.064453125 0.05859375
0 0.2265625 0.052734375 0.056640625 0.068359375
0 0.544921875 0.6689453125 0.353515625 0.470703125
0 0.3095703125 0.7333984375 0.236328125 0.2919921875