0 0.685546875 0.1650390625 0.162109375 0.216796875
0 0.6396484375 0.056640625 0.037109375 0.048828125
0 0.716796875 0.0107421875 0.0361328125 0.021484375
0 0.654296875 0.2734375 0.033203125 0.0390625
0 0.478515625 0.2099609375 0.041015625 0.0576171875
0 0.314453125 0.302734375 0.146484375 0.197265625
0 0.263671875 0.185546875 0.046875 0.064453125
0 0.291015625 0.052734375 0.025390625 0.0341796875
0 0.4599609375 0.5361328125 0.1669921875 0.216796875
0 0.458984375 0.39453125 0.0419921875 0.064453125
0 0.4833984375 0.2783203125 0.03125 0.0361328125
0 0.408203125 0.310546875 0.1171875 0.150390625
0 0.0791015625 0.1103515625 0.158203125 0.203125
0 0.119140625 0.056640625 0.0986328125 0.0966796875
0 0.0078125 0.263671875 0.015625 0.111328125
0 0.2978515625 0.4658203125 0.1123046875 0.1513671875
0 0.642578125 0.591796875 0.1064453125 0.138671875
0 0.8603515625 0.501953125 0.033203125 0.0419921875
0 0.853515625 0.396484375 0.0283203125 0.0361328125
0 0.7802734375 0.4140625 0.0283203125 0.0361328125
0 0.833984375 0.236328125 0.15625 0.2060546875
0 0.873046875 0.591796875 0.033203125 0.044921875
0 0.958984375 0.7158203125 0.076171875 0.1064453125
0 0.818359375 0.685546875 0.041015625 0.0576171875
0 0.7451171875 0.677734375 0.0439453125 0.064453125
0 0.7734375 0.8232421875 0.0361328125 0.044921875
0 0.869140625 0.8251953125 0.037109375 0.0517578125
0 0.837890625 0.826171875 0.033203125 0.048828125
0 0.748046875 0.9501953125 0.0283203125 0.0390625
0 0.6904296875 0.9560546875 0.0263671875 0.03125
0 0.400390625 0.9755859375 0.037109375 0.048828125
0 0.3408203125 0.9501953125 0.037109375 0.0546875
0 0.58984375 0.62109375 0.099609375 0.1328125
0 0.93359375 0.9306640625 0.1328125 0.1220703125
0 0.5673828125 0.90625 0.1484375 0.1875
0 0.5966796875 0.98046875 0.076171875 0.0361328125
0 0.4970703125 0.861328125 0.1669921875 0.2265625
0 0.28125 0.701171875 0.033203125 0.044921875
0 0.3408203125 0.7705078125 0.1220703125 0.1669921875
0 0.3955078125 0.61328125 0.0361328125 0.044921875
0 0.2001953125 0.6826171875 0.037109375 0.0517578125
0 0.17578125 0.61328125 0.109375 0.1484375
0 0.1875 0.7412109375 0.033203125 0.044921875
0 0.0625 0.6279296875 0.125 0.181640625
0 0.0263671875 0.638671875 0.0517578125 0.103515625
0 0.107421875 0.7314453125 0.037109375 0.0517578125
0 0.0693359375 0.755859375 0.0234375 0.025390625
0 0.064453125 0.732421875 0.0205078125 0.025390625
0 0.03125 0.732421875 0.056640625 0.0673828125