0 0.2880859375 0.1904296875 0.171875 0.2294921875
0 0.326171875 0.080078125 0.0390625 0.0517578125
0 0.2431640625 0.0419921875 0.0361328125 0.03125
0 0.328125 0.2958984375 0.033203125 0.0419921875
0 0.4990234375 0.208984375 0.044921875 0.060546875
0 0.669921875 0.279296875 0.158203125 0.208984375
0 0.708984375 0.1572265625 0.0517578125 0.0673828125
0 0.673828125 0.02734375 0.0263671875 0.0361328125
0 0.54296875 0.533203125 0.1796875 0.232421875
0 0.53125 0.3896484375 0.044921875 0.0673828125
0 0.4990234375 0.279296875 0.03125 0.0390625
0 0.576171875 0.30078125 0.126953125 0.1611328125
0 0.88671875 0.080078125 0.169921875 0.1591796875
0 0.841796875 0.0302734375 0.103515625 0.060546875
0 0.9736328125 0.201171875 0.0263671875 0.1123046875
0 0.69921875 0.439453125 0.119140625 0.1611328125
0 0.3662109375 0.611328125 0.1142578125 0.1484375
0 0.142578125 0.5517578125 0.0361328125 0.044921875
0 0.140625 0.4453125 0.03125 0.0390625
0 0.21484375 0.455078125 0.03125 0.0390625
0 0.1494140625 0.2841796875 0.1669921875 0.216796875
0 0.1357421875 0.642578125 0.0361328125 0.044921875
0 0.0615234375 0.7783203125 0.0810546875 0.1123046875
0 0.2001953125 0.728515625 0.0419921875 0.0595703125
0 0.271484375 0.712890625 0.048828125 0.0673828125
0 0.255859375 0.861328125 0.037109375 0.048828125
0 0.1591796875 0.873046875 0.041015625 0.0546875
0 0.189453125 0.8720703125 0.0361328125 0.0517578125
0 0.291015625 0.98046875 0.0283203125 0.0390625
0 0.34765625 0.982421875 0.0263671875 0.03125
0 0.638671875 0.962890625 0.041015625 0.0517578125
0 0.6943359375 0.92578125 0.0390625 0.0576171875
0 0.4208984375 0.6328125 0.107421875 0.142578125
0 0.0986328125 0.9599609375 0.146484375 0.080078125
0 0.4638671875 0.9072265625 0.158203125 0.185546875
0 0.44140625 0.984375 0.080078125 0.03125
0 0.533203125 0.857421875 0.1796875 0.2421875
0 0.7333984375 0.669921875 0.0361328125 0.048828125
0 0.6806640625 0.74609375 0.1279296875 0.1748046875
0 0.6142578125 0.5986328125 0.037109375 0.048828125
0 0.8125 0.640625 0.041015625 0.0546875
0 0.8330078125 0.5712890625 0.1171875 0.15625
0 0.8310546875 0.69921875 0.0361328125 0.044921875
0 0.9384765625 0.568359375 0.123046875 0.193359375
0 0.9765625 0.57421875 0.046875 0.109375
0 0.91015625 0.6767578125 0.041015625 0.0546875
0 0.94921875 0.6962890625 0.0234375 0.0283203125
0 0.9521484375 0.671875 0.021484375 0.0283203125
0 0.9765625 0.66796875 0.046875 0.0732421875