0 0.2548828125 0.814453125 0.0576171875 0.0751953125
0 0.12109375 0.728515625 0.1669921875 0.2138671875
0 0.0478515625 0.681640625 0.021484375 0.0341796875
0 0.0732421875 0.6240234375 0.0341796875 0.041015625
0 0.3583984375 0.2568359375 0.4111328125 0.458984375
0 0.20703125 0.4072265625 0.1279296875 0.154296875
0 0.18359375 0.490234375 0.0439453125 0.0517578125
0 0.1171875 0.6015625 0.0390625 0.0546875
0 0.13671875 0.5888671875 0.0205078125 0.0234375
0 0.0263671875 0.6044921875 0.025390625 0.029296875
0 0.0234375 0.5673828125 0.0263671875 0.0341796875
0 0.033203125 0.529296875 0.0390625 0.048828125
0 0.076171875 0.474609375 0.0263671875 0.0341796875
0 0.845703125 0.5966796875 0.056640625 0.0888671875
0 0.900390625 0.66796875 0.1123046875 0.1875
0 0.982421875 0.630859375 0.0234375 0.029296875
0 0.017578125 0.4736328125 0.03515625 0.068359375
0 0.6181640625 0.384765625 0.28125 0.349609375
0 0.767578125 0.654296875 0.0517578125 0.068359375
0 0.6591796875 0.59765625 0.0234375 0.03125
0 0.802734375 0.51953125 0.064453125 0.1328125
0 0.736328125 0.548828125 0.140625 0.193359375
0 0.87109375 0.3623046875 0.248046875 0.259765625
0 0.265625 0.20703125 0.060546875 0.0703125
0 0.4384765625 0.2119140625 0.052734375 0.052734375
0 0.3623046875 0.232421875 0.052734375 0.0546875
0 0.302734375 0.244140625 0.060546875 0.064453125
0 0.4580078125 0.294921875 0.0419921875 0.0517578125
0 0.4599609375 0.2578125 0.0439453125 0.0576171875
0 0.103515625 0.1826171875 0.162109375 0.150390625
0 0.083984375 0.3603515625 0.1669921875 0.205078125
0 0.091796875 0.251953125 0.1357421875 0.103515625
0 0.2783203125 0.0810546875 0.2998046875 0.1591796875
0 0.517578125 0.1142578125 0.0283203125 0.0390625
0 0.513671875 0.0888671875 0.03125 0.0439453125
0 0.517578125 0.044921875 0.0673828125 0.0498046875
0 0.478515625 0.064453125 0.0517578125 0.044921875
0 0.494140625 0.03125 0.048828125 0.0361328125
0 0.732421875 0.1884765625 0.1826171875 0.2265625
0 0.953125 0.1845703125 0.09375 0.154296875
0 0.84765625 0.189453125 0.060546875 0.0810546875
0 0.8681640625 0.15625 0.0546875 0.060546875
0 0.765625 0.06640625 0.046875 0.0517578125
0 0.7587890625 0.0400390625 0.0546875 0.068359375
0 0.7890625 0.0908203125 0.046875 0.046875
0 0.822265625 0.060546875 0.0419921875 0.046875
0 0.6396484375 0.087890625 0.0595703125 0.072265625
0 0.634765625 0.029296875 0.0673828125 0.0576171875
0 0.5498046875 0.1728515625 0.0361328125 0.037109375
0 0.595703125 0.1318359375 0.0390625 0.0439453125
0 0.53515625 0.1083984375 0.0283203125 0.0361328125
0 0.5625 0.10546875 0.0419921875 0.0546875
0 0.62890625 0.12109375 0.052734375 0.052734375
0 0.0849609375 0.0810546875 0.052734375 0.060546875
0 0.123046875 0.0947265625 0.033203125 0.046875
0 0.013671875 0.2548828125 0.02734375 0.060546875
0 0.021484375 0.2001953125 0.04296875 0.041015625
0 0.0185546875 0.15625 0.037109375 0.041015625
0 0.0234375 0.1103515625 0.046875 0.0625
0 0.8916015625 0.1044921875 0.0546875 0.072265625
0 0.8369140625 0.1259765625 0.048828125 0.0576171875
0 0.431640625 0.654296875 0.298828125 0.40625
0 0.6513671875 0.775390625 0.201171875 0.2470703125