0 0.310546875 0.16796875 0.1611328125 0.212890625
0 0.3544921875 0.060546875 0.0361328125 0.048828125
0 0.275390625 0.013671875 0.0341796875 0.0263671875
0 0.341796875 0.2763671875 0.03125 0.0390625
0 0.5185546875 0.2099609375 0.0390625 0.0576171875
0 0.68359375 0.298828125 0.1455078125 0.193359375
0 0.732421875 0.181640625 0.046875 0.060546875
0 0.703125 0.048828125 0.0234375 0.033203125
0 0.5400390625 0.5361328125 0.1640625 0.2158203125
0 0.5380859375 0.392578125 0.0419921875 0.060546875
0 0.5126953125 0.2783203125 0.0283203125 0.0361328125
0 0.58984375 0.3076171875 0.1171875 0.146484375
0 0.9169921875 0.1015625 0.158203125 0.2001953125
0 0.873046875 0.048828125 0.0986328125 0.09375
0 0.990234375 0.255859375 0.0185546875 0.111328125
0 0.7021484375 0.4609375 0.109375 0.1513671875
0 0.359375 0.595703125 0.1044921875 0.138671875
0 0.1396484375 0.5107421875 0.033203125 0.0419921875
0 0.1455078125 0.4033203125 0.0283203125 0.0361328125
0 0.21875 0.4208984375 0.0283203125 0.0361328125
0 0.162109375 0.2431640625 0.1533203125 0.203125
0 0.1279296875 0.599609375 0.033203125 0.0419921875
0 0.04296875 0.7265625 0.0751953125 0.103515625
0 0.185546875 0.693359375 0.041015625 0.0576171875
0 0.2568359375 0.6845703125 0.044921875 0.0595703125
0 0.2314453125 0.830078125 0.0361328125 0.044921875
0 0.134765625 0.83203125 0.0361328125 0.0517578125
0 0.166015625 0.833984375 0.03125 0.048828125
0 0.2578125 0.955078125 0.0263671875 0.0361328125
0 0.314453125 0.9609375 0.0234375 0.03125
0 0.60546875 0.9755859375 0.037109375 0.048828125
0 0.6650390625 0.947265625 0.037109375 0.0546875
0 0.412109375 0.623046875 0.0986328125 0.1298828125
0 0.0693359375 0.9404296875 0.138671875 0.119140625
0 0.4375 0.9091796875 0.146484375 0.181640625
0 0.41015625 0.982421875 0.076171875 0.0341796875
0 0.5078125 0.861328125 0.162109375 0.2236328125
0 0.720703125 0.6962890625 0.033203125 0.044921875
0 0.662109375 0.765625 0.119140625 0.1640625
0 0.60546875 0.6103515625 0.033203125 0.044921875
0 0.802734375 0.6748046875 0.037109375 0.0517578125
0 0.826171875 0.60546875 0.1064453125 0.1455078125
0 0.814453125 0.736328125 0.033203125 0.0419921875
0 0.9384765625 0.6181640625 0.123046875 0.181640625
0 0.974609375 0.626953125 0.0498046875 0.1015625
0 0.8955078125 0.7216796875 0.0361328125 0.0517578125
0 0.93359375 0.74609375 0.0234375 0.025390625
0 0.939453125 0.7236328125 0.021484375 0.0234375
0 0.9716796875 0.7216796875 0.056640625 0.0673828125