0 0.409483 0.721264 0.031609 0.034483
0 0.461207 0.883621 0.037356 0.037356
0 0.175287 0.806034 0.034483 0.037356
0 0.869253 0.137931 0.037356 0.034483
0 0.182471 0.212644 0.043103 0.040230
0 0.334770 0.755747 0.043103 0.040230
0 0.054598 0.419540 0.040230 0.045977
0 0.797414 0.600575 0.037356 0.045977
0 0.711207 0.514368 0.043103 0.045977
0 0.556034 0.448276 0.043103 0.051724
0 0.952586 0.639368 0.054598 0.071839
0 0.607759 0.853448 0.060345 0.063218
0 0.044540 0.727011 0.060345 0.063218
0 0.699713 0.722701 0.066092 0.066092
0 0.306034 0.614943 0.066092 0.063218
0 0.364943 0.132184 0.068966 0.063218
0 0.090517 0.260057 0.066092 0.066092
0 0.596264 0.304598 0.066092 0.068966
0 0.735632 0.229885 0.063218 0.074713
0 0.492816 0.591954 0.066092 0.074713
0 0.847701 0.455460 0.068966 0.077586
0 0.175287 0.520115 0.068966 0.074713
0 0.920977 0.840517 0.112069 0.117816
0 0.719828 0.943966 0.112069 0.106322
0 0.168103 0.102011 0.117816 0.112069
0 0.566092 0.712644 0.109195 0.114943
0 0.765805 0.116379 0.112069 0.112069
0 0.290230 0.295977 0.114943 0.114943
0 0.163793 0.653736 0.114943 0.117816
0 0.518678 0.183908 0.117816 0.114943
0 0.737069 0.363506 0.117816 0.117816
0 0.811782 0.709770 0.117816 0.114943
0 0.158046 0.403736 0.114943 0.123563
0 0.403736 0.495690 0.117816 0.117816
