0 0.347701 0.761494 0.034483 0.034483
0 0.189655 0.821839 0.034483 0.022989
0 0.419540 0.727011 0.028736 0.034483
0 0.481322 0.883621 0.031609 0.037356
0 0.548851 0.441092 0.034483 0.031609
0 0.048851 0.441092 0.034483 0.031609
0 0.706897 0.501437 0.034483 0.031609
0 0.849138 0.119253 0.037356 0.037356
0 0.166667 0.227011 0.034483 0.040230
0 0.801724 0.583333 0.040230 0.040230
0 0.625000 0.847701 0.054598 0.063218
0 0.054598 0.750000 0.057471 0.057471
0 0.964080 0.612069 0.054598 0.063218
0 0.711207 0.711207 0.054598 0.066092
0 0.077586 0.281609 0.063218 0.057471
0 0.311782 0.619253 0.060345 0.060345
0 0.497126 0.589080 0.057471 0.063218
0 0.172414 0.531609 0.057471 0.063218
0 0.587644 0.297414 0.060345 0.066092
0 0.344828 0.140805 0.063218 0.063218
0 0.841954 0.428161 0.063218 0.063218
0 0.721264 0.214080 0.063218 0.066092
0 0.938218 0.816092 0.106322 0.109195
0 0.147989 0.117816 0.112069 0.109195
0 0.169540 0.669540 0.109195 0.109195
0 0.741379 0.935345 0.109195 0.112069
0 0.280172 0.306034 0.112069 0.112069
0 0.742816 0.099138 0.112069 0.106322
0 0.498563 0.182471 0.112069 0.112069
0 0.826149 0.689655 0.106322 0.114943
0 0.573276 0.708333 0.112069 0.112069
0 0.397989 0.502874 0.112069 0.109195
0 0.725575 0.350575 0.106322 0.109195
0 0.155172 0.418103 0.109195 0.112069
