0 0.271484375 0.8359375 0.060546875 0.080078125
0 0.134765625 0.76171875 0.177734375 0.2294921875
0 0.05859375 0.720703125 0.0234375 0.0361328125
0 0.0810546875 0.662109375 0.037109375 0.0439453125
0 0.345703125 0.271484375 0.435546875 0.4951171875
0 0.203125 0.4326171875 0.1357421875 0.166015625
0 0.18359375 0.51953125 0.046875 0.056640625
0 0.123046875 0.634765625 0.041015625 0.0576171875
0 0.142578125 0.6201171875 0.021484375 0.0234375
0 0.033203125 0.6455078125 0.0263671875 0.03125
0 0.029296875 0.609375 0.0283203125 0.0361328125
0 0.0361328125 0.568359375 0.0419921875 0.0517578125
0 0.076171875 0.51171875 0.0283203125 0.0361328125
0 0.849609375 0.56640625 0.060546875 0.09375
0 0.908203125 0.630859375 0.123046875 0.197265625
0 0.9873046875 0.587890625 0.025390625 0.03125
0 0.0185546875 0.517578125 0.037109375 0.068359375
0 0.611328125 0.373046875 0.298828125 0.375
0 0.775390625 0.62890625 0.0546875 0.0732421875
0 0.6650390625 0.5830078125 0.0263671875 0.0341796875
0 0.802734375 0.4931640625 0.0703125 0.138671875
0 0.7392578125 0.5263671875 0.1513671875 0.2060546875
0 0.8623046875 0.330078125 0.2607421875 0.28125
0 0.25 0.228515625 0.064453125 0.0751953125
0 0.421875 0.2177734375 0.056640625 0.0576171875
0 0.34765625 0.2451171875 0.056640625 0.0576171875
0 0.2880859375 0.2626953125 0.064453125 0.068359375
0 0.447265625 0.2998046875 0.044921875 0.0546875
0 0.4462890625 0.26171875 0.046875 0.060546875
0 0.087890625 0.21875 0.169921875 0.1640625
0 0.0830078125 0.3974609375 0.166015625 0.21875
0 0.080078125 0.2890625 0.140625 0.1171875
0 0.255859375 0.1025390625 0.306640625 0.185546875
0 0.4951171875 0.1123046875 0.03125 0.0419921875
0 0.490234375 0.08984375 0.033203125 0.044921875
0 0.4921875 0.044921875 0.068359375 0.056640625
0 0.455078125 0.068359375 0.0546875 0.0498046875
0 0.466796875 0.033203125 0.0498046875 0.0390625
0 0.7158203125 0.1689453125 0.1953125 0.244140625
0 0.9345703125 0.1435546875 0.103515625 0.1640625
0 0.830078125 0.1591796875 0.064453125 0.0859375
0 0.8486328125 0.125 0.0576171875 0.0654296875
0 0.7421875 0.0439453125 0.0498046875 0.0546875
0 0.732421875 0.0263671875 0.0576171875 0.052734375
0 0.7666015625 0.06640625 0.0498046875 0.0517578125
0 0.796875 0.033203125 0.044921875 0.0498046875
0 0.6171875 0.0751953125 0.0625 0.076171875
0 0.607421875 0.025390625 0.0703125 0.0498046875
0 0.5322265625 0.1689453125 0.037109375 0.041015625
0 0.57421875 0.1240234375 0.041015625 0.048828125
0 0.513671875 0.10546875 0.029296875 0.037109375
0 0.541015625 0.1015625 0.044921875 0.0576171875
0 0.607421875 0.1103515625 0.056640625 0.0576171875
0 0.0634765625 0.1181640625 0.056640625 0.0654296875
0 0.1015625 0.12890625 0.0361328125 0.0498046875
0 0.0087890625 0.2978515625 0.017578125 0.0625
0 0.013671875 0.2431640625 0.02734375 0.044921875
0 0.009765625 0.1982421875 0.01953125 0.044921875
0 0.013671875 0.15234375 0.02734375 0.06640625
0 0.8681640625 0.0712890625 0.0576171875 0.076171875
0 0.814453125 0.09765625 0.0517578125 0.060546875
0 0.439453125 0.6611328125 0.3203125 0.4326171875
0 0.666015625 0.76171875 0.2158203125 0.263671875