0 0.857421875 0.240234375 0.1142578125 0.119140625
0 0.791015625 0.1875 0.1201171875 0.107421875
0 0.9501953125 0.4130859375 0.099609375 0.095703125
0 0.9404296875 0.490234375 0.072265625 0.0673828125
0 0.443359375 0.4853515625 0.845703125 0.845703125
0 0.6279296875 0.7646484375 0.107421875 0.1142578125
0 0.1552734375 0.701171875 0.142578125 0.1689453125
0 0.841796875 0.6259765625 0.1328125 0.1298828125
0 0.869140625 0.55078125 0.083984375 0.083984375
0 0.748046875 0.6982421875 0.0830078125 0.1044921875
0 0.736328125 0.763671875 0.0859375 0.0810546875
0 0.2646484375 0.775390625 0.0546875 0.0859375
0 0.96484375 0.8525390625 0.0703125 0.1328125