0 0.8798828125 0.310546875 0.1064453125 0.099609375
0 0.8203125 0.2470703125 0.1123046875 0.087890625
0 0.9541015625 0.5009765625 0.091796875 0.080078125
0 0.9365234375 0.576171875 0.0673828125 0.056640625
0 0.4443359375 0.474609375 0.783203125 0.701171875
0 0.6005859375 0.787109375 0.0986328125 0.0966796875
0 0.138671875 0.6328125 0.1279296875 0.1455078125
0 0.826171875 0.689453125 0.1220703125 0.107421875
0 0.8603515625 0.6220703125 0.078125 0.0703125
0 0.724609375 0.744140625 0.0732421875 0.0908203125
0 0.7080078125 0.806640625 0.080078125 0.0673828125
0 0.2392578125 0.7275390625 0.048828125 0.076171875
0 0.9462890625 0.9423828125 0.107421875 0.115234375