0 0.107421875 0.3671875 0.1123046875 0.1142578125
0 0.162109375 0.294921875 0.1171875 0.1015625
0 0.0478515625 0.5673828125 0.095703125 0.09375
0 0.0703125 0.6376953125 0.0703125 0.064453125
0 0.552734375 0.466796875 0.8310546875 0.810546875
0 0.421875 0.7998046875 0.1064453125 0.111328125
0 0.869140625 0.580078125 0.138671875 0.162109375
0 0.1904296875 0.7353515625 0.1298828125 0.125
0 0.150390625 0.671875 0.0830078125 0.080078125
0 0.2939453125 0.775390625 0.080078125 0.1015625
0 0.31640625 0.833984375 0.083984375 0.078125
0 0.7763671875 0.6884765625 0.0546875 0.0830078125
0 0.0869140625 0.9697265625 0.111328125 0.060546875