0 0.8203125 0.328125 0.078125 0.09375
0 0.732421875 0.369140625 0.091796875 0.091796875
0 0.2705078125 0.3076171875 0.0751953125 0.076171875
0 0.2529296875 0.2373046875 0.0390625 0.0419921875
0 0.1162109375 0.4462890625 0.064453125 0.076171875
0 0.2734375 0.5595703125 0.0517578125 0.0546875
0 0.162109375 0.716796875 0.041015625 0.0439453125
0 0.314453125 0.6357421875 0.0361328125 0.0390625
0 0.291015625 0.6767578125 0.0283203125 0.0361328125
0 0.3349609375 0.3916015625 0.0205078125 0.029296875
0 0.314453125 0.412109375 0.037109375 0.0419921875
0 0.3232421875 0.478515625 0.0419921875 0.046875
0 0.279296875 0.919921875 0.037109375 0.044921875
0 0.66796875 0.9267578125 0.0546875 0.0546875
0 0.3720703125 0.71875 0.044921875 0.0576171875
0 0.5693359375 0.923828125 0.056640625 0.0673828125
0 0.4853515625 0.806640625 0.0341796875 0.0390625
0 0.4384765625 0.798828125 0.0263671875 0.0361328125
0 0.39453125 0.7998046875 0.0830078125 0.0966796875
0 0.3466796875 0.8193359375 0.0361328125 0.0390625
0 0.4794921875 0.4912109375 0.0341796875 0.044921875
0 0.478515625 0.4580078125 0.0283203125 0.0361328125
0 0.455078125 0.4033203125 0.033203125 0.0390625
0 0.5322265625 0.4814453125 0.0517578125 0.0703125
0 0.517578125 0.4306640625 0.0546875 0.0673828125
0 0.4873046875 0.3837890625 0.0361328125 0.0361328125
0 0.501953125 0.240234375 0.0498046875 0.046875
0 0.564453125 0.3974609375 0.064453125 0.072265625
0 0.4541015625 0.458984375 0.0205078125 0.0341796875
0 0.435546875 0.466796875 0.0263671875 0.0361328125
0 0.3876953125 0.6376953125 0.029296875 0.0390625
0 0.3623046875 0.6474609375 0.029296875 0.0361328125
0 0.361328125 0.6015625 0.029296875 0.0390625
0 0.37109375 0.5537109375 0.0283203125 0.03125
0 0.4248046875 0.5634765625 0.029296875 0.0390625
0 0.3798828125 0.544921875 0.0263671875 0.03125
0 0.3935546875 0.5244140625 0.033203125 0.03125
0 0.3955078125 0.5078125 0.017578125 0.0205078125
0 0.3515625 0.5703125 0.029296875 0.0390625
0 0.56640625 0.8173828125 0.0810546875 0.09375
0 0.54296875 0.7763671875 0.0341796875 0.0361328125
0 0.5478515625 0.7373046875 0.03125 0.0390625
0 0.8388671875 0.7861328125 0.0546875 0.0625
0 0.564453125 0.4638671875 0.0283203125 0.0361328125
0 0.560546875 0.5673828125 0.033203125 0.0361328125
0 0.59765625 0.7548828125 0.029296875 0.0361328125
0 0.6943359375 0.798828125 0.0595703125 0.0673828125
0 0.677734375 0.763671875 0.041015625 0.0439453125
0 0.509765625 0.572265625 0.0341796875 0.0341796875
0 0.49609375 0.5556640625 0.029296875 0.03125
0 0.65234375 0.564453125 0.037109375 0.041015625
0 0.2138671875 0.423828125 0.029296875 0.0361328125