0 0.193359375 0.294921875 0.072265625 0.0859375
0 0.2802734375 0.345703125 0.0859375 0.083984375
0 0.744140625 0.3310546875 0.0703125 0.068359375
0 0.7666015625 0.2626953125 0.0361328125 0.0390625
0 0.88671875 0.484375 0.0595703125 0.072265625
0 0.720703125 0.5810546875 0.048828125 0.0498046875
0 0.8232421875 0.748046875 0.037109375 0.0419921875
0 0.6767578125 0.654296875 0.033203125 0.037109375
0 0.6953125 0.697265625 0.0263671875 0.0341796875
0 0.6728515625 0.4091796875 0.0185546875 0.0283203125
0 0.6923828125 0.4306640625 0.0361328125 0.0390625
0 0.6787109375 0.4970703125 0.037109375 0.0439453125
0 0.6884765625 0.9404296875 0.0341796875 0.0419921875
0 0.3017578125 0.90625 0.0517578125 0.0498046875
0 0.6123046875 0.7294921875 0.0419921875 0.052734375
0 0.400390625 0.9150390625 0.052734375 0.0625
0 0.494140625 0.8056640625 0.033203125 0.0361328125
0 0.5400390625 0.802734375 0.0234375 0.0341796875
0 0.583984375 0.810546875 0.076171875 0.0888671875
0 0.6298828125 0.8330078125 0.0341796875 0.037109375
0 0.521484375 0.494140625 0.033203125 0.0419921875
0 0.5244140625 0.4580078125 0.0263671875 0.033203125
0 0.55078125 0.408203125 0.029296875 0.0341796875
0 0.4697265625 0.4765625 0.048828125 0.0654296875
0 0.486328125 0.4287109375 0.0498046875 0.064453125
0 0.5205078125 0.384765625 0.033203125 0.0341796875
0 0.517578125 0.240234375 0.044921875 0.0419921875
0 0.4453125 0.392578125 0.060546875 0.0654296875
0 0.548828125 0.4638671875 0.0205078125 0.03125
0 0.56640625 0.4716796875 0.025390625 0.0341796875
0 0.6025390625 0.6494140625 0.0283203125 0.0341796875
0 0.626953125 0.662109375 0.0283203125 0.0341796875
0 0.6328125 0.615234375 0.0283203125 0.0341796875
0 0.6259765625 0.5654296875 0.0263671875 0.0283203125
0 0.5703125 0.5712890625 0.0283203125 0.0361328125
0 0.6171875 0.5546875 0.025390625 0.029296875
0 0.603515625 0.5341796875 0.029296875 0.0283203125
0 0.6025390625 0.5185546875 0.015625 0.0205078125
0 0.642578125 0.583984375 0.0283203125 0.0341796875
0 0.4091796875 0.80859375 0.0751953125 0.0859375
0 0.4365234375 0.7724609375 0.03125 0.03125
0 0.4345703125 0.732421875 0.029296875 0.0361328125
0 0.1416015625 0.75 0.0498046875 0.0576171875
0 0.439453125 0.458984375 0.025390625 0.0341796875
0 0.4345703125 0.5595703125 0.029296875 0.0341796875
0 0.384765625 0.7412109375 0.0283203125 0.03125
0 0.2841796875 0.7783203125 0.052734375 0.060546875
0 0.3056640625 0.744140625 0.0361328125 0.0419921875
0 0.4873046875 0.5712890625 0.03125 0.03125
0 0.4990234375 0.5546875 0.029296875 0.029296875
0 0.3427734375 0.548828125 0.0361328125 0.0361328125
0 0.791015625 0.451171875 0.0283203125 0.0341796875