0 0.5078125 0.048828125 0.078125 0.0703125
0 0.4296875 0.0517578125 0.041015625 0.048828125
0 0.568359375 0.1201171875 0.037109375 0.0361328125
0 0.349609375 0.1162109375 0.037109375 0.0361328125
0 0.443359375 0.166015625 0.041015625 0.0439453125
0 0.4716796875 0.142578125 0.025390625 0.0283203125
0 0.5244140625 0.091796875 0.015625 0.021484375
0 0.7685546875 0.072265625 0.0283203125 0.0283203125
0 0.830078125 0.052734375 0.021484375 0.021484375
0 0.9169921875 0.17578125 0.025390625 0.025390625
0 0.833984375 0.140625 0.0283203125 0.0283203125
0 0.876953125 0.2021484375 0.021484375 0.025390625
0 0.841796875 0.291015625 0.0283203125 0.0283203125
0 0.931640625 0.34765625 0.025390625 0.025390625
0 0.8134765625 0.35546875 0.021484375 0.021484375
0 0.8369140625 0.435546875 0.021484375 0.021484375
0 0.9365234375 0.4794921875 0.0185546875 0.021484375
0 0.748046875 0.2392578125 0.046875 0.046875
0 0.7333984375 0.173828125 0.033203125 0.0283203125
0 0.7216796875 0.1376953125 0.0234375 0.021484375
0 0.7216796875 0.119140625 0.0185546875 0.017578125
0 0.6865234375 0.134765625 0.0654296875 0.0654296875
0 0.7080078125 0.107421875 0.0185546875 0.0185546875
0 0.15234375 0.1015625 0.0283203125 0.029296875
0 0.0888671875 0.0986328125 0.021484375 0.021484375
0 0.3427734375 0.3203125 0.037109375 0.037109375
0 0.2783203125 0.283203125 0.029296875 0.0283203125
0 0.275390625 0.248046875 0.056640625 0.0546875
0 0.2744140625 0.216796875 0.033203125 0.0283203125
0 0.2373046875 0.228515625 0.0283203125 0.0283203125
0 0.2275390625 0.166015625 0.0283203125 0.025390625
0 0.0537109375 0.2294921875 0.021484375 0.021484375
0 0.1591796875 0.2373046875 0.025390625 0.0283203125
0 0.119140625 0.36328125 0.025390625 0.025390625
0 0.109375 0.337890625 0.021484375 0.0234375
0 0.109375 0.443359375 0.025390625 0.021484375
0 0.357421875 0.212890625 0.0439453125 0.0439453125
0 0.240234375 0.3720703125 0.0595703125 0.0576171875
0 0.2646484375 0.369140625 0.021484375 0.0185546875
0 0.2666015625 0.3525390625 0.0234375 0.0185546875
0 0.25390625 0.3447265625 0.021484375 0.021484375
0 0.2744140625 0.4404296875 0.0361328125 0.0361328125
0 0.236328125 0.5126953125 0.029296875 0.029296875
0 0.2001953125 0.6015625 0.0703125 0.0625
0 0.1943359375 0.53125 0.0283203125 0.029296875
0 0.0927734375 0.61328125 0.0703125 0.0732421875
0 0.310546875 0.552734375 0.0517578125 0.0517578125
0 0.3125 0.623046875 0.021484375 0.025390625
0 0.248046875 0.677734375 0.037109375 0.048828125
0 0.0771484375 0.7421875 0.046875 0.048828125
0 0.0576171875 0.78515625 0.029296875 0.029296875
0 0.103515625 0.9609375 0.052734375 0.048828125
0 0.0927734375 0.84765625 0.0185546875 0.021484375
0 0.1484375 0.8828125 0.041015625 0.0439453125
0 0.1474609375 0.8408203125 0.0517578125 0.046875
0 0.1259765625 0.8076171875 0.0283203125 0.0234375
0 0.142578125 0.712890625 0.033203125 0.0283203125
0 0.193359375 0.8076171875 0.0517578125 0.0517578125
0 0.162109375 0.779296875 0.0439453125 0.041015625
0 0.1298828125 0.728515625 0.025390625 0.0185546875
0 0.2021484375 0.7353515625 0.0361328125 0.0361328125
0 0.2373046875 0.900390625 0.021484375 0.0283203125
0 0.197265625 0.8662109375 0.025390625 0.025390625
0 0.2373046875 0.947265625 0.017578125 0.0185546875
0 0.3310546875 0.966796875 0.0283203125 0.0283203125
0 0.384765625 0.9375 0.0234375 0.0283203125
0 0.3125 0.8720703125 0.0283203125 0.033203125
0 0.271484375 0.857421875 0.033203125 0.0361328125
0 0.251953125 0.8056640625 0.037109375 0.0439453125
0 0.341796875 0.7685546875 0.0283203125 0.029296875
0 0.322265625 0.7646484375 0.0234375 0.021484375
0 0.2783203125 0.763671875 0.0361328125 0.0361328125
0 0.4111328125 0.7998046875 0.125 0.125
0 0.3759765625 0.716796875 0.0185546875 0.0185546875
0 0.298828125 0.712890625 0.0234375 0.021484375
0 0.2978515625 0.689453125 0.0576171875 0.0546875
0 0.3779296875 0.63671875 0.048828125 0.048828125
0 0.3828125 0.5107421875 0.0625 0.0546875
0 0.3515625 0.501953125 0.0185546875 0.021484375
0 0.400390625 0.556640625 0.021484375 0.021484375
0 0.4521484375 0.53515625 0.0517578125 0.0517578125
0 0.36328125 0.4169921875 0.0703125 0.0673828125
0 0.3330078125 0.4443359375 0.0185546875 0.0185546875
0 0.322265625 0.427734375 0.0234375 0.0185546875
0 0.328125 0.4150390625 0.021484375 0.013671875
0 0.337890625 0.4013671875 0.015625 0.0185546875
0 0.423828125 0.29296875 0.025390625 0.021484375
0 0.3974609375 0.36328125 0.0595703125 0.0595703125
0 0.474609375 0.4150390625 0.048828125 0.046875
0 0.447265625 0.421875 0.021484375 0.021484375
0 0.572265625 0.46484375 0.0576171875 0.0546875
0 0.52734375 0.392578125 0.0283203125 0.021484375
0 0.4931640625 0.39453125 0.021484375 0.025390625
0 0.4775390625 0.3876953125 0.021484375 0.021484375
0 0.4501953125 0.3876953125 0.017578125 0.0185546875
0 0.419921875 0.384765625 0.021484375 0.0185546875
0 0.416015625 0.4404296875 0.025390625 0.025390625
0 0.4931640625 0.2626953125 0.0732421875 0.0732421875
0 0.6259765625 0.216796875 0.0986328125 0.091796875
0 0.666015625 0.3330078125 0.0546875 0.0439453125
0 0.68359375 0.294921875 0.037109375 0.0361328125
0 0.6591796875 0.3076171875 0.0283203125 0.0283203125
0 0.6484375 0.259765625 0.025390625 0.025390625
0 0.630859375 0.275390625 0.033203125 0.029296875
0 0.60546875 0.2626953125 0.017578125 0.0185546875
0 0.5869140625 0.28125 0.0283203125 0.029296875
0 0.5205078125 0.2392578125 0.021484375 0.021484375
0 0.505859375 0.228515625 0.0283203125 0.021484375
0 0.466796875 0.21484375 0.021484375 0.021484375
0 0.4296875 0.2294921875 0.0654296875 0.0654296875
0 0.427734375 0.2578125 0.021484375 0.0185546875
0 0.408203125 0.2568359375 0.021484375 0.0185546875
0 0.56640625 0.240234375 0.041015625 0.041015625
0 0.60546875 0.3515625 0.0439453125 0.0439453125
0 0.5595703125 0.341796875 0.0185546875 0.021484375
0 0.5703125 0.322265625 0.033203125 0.033203125
0 0.5478515625 0.330078125 0.021484375 0.0185546875
0 0.6552734375 0.427734375 0.0234375 0.021484375
0 0.611328125 0.3984375 0.033203125 0.033203125
0 0.5908203125 0.4150390625 0.015625 0.0185546875
0 0.5390625 0.3779296875 0.025390625 0.0185546875
0 0.5224609375 0.3740234375 0.021484375 0.021484375
0 0.68359375 0.384765625 0.021484375 0.0234375
0 0.5185546875 0.662109375 0.107421875 0.103515625
0 0.505859375 0.591796875 0.025390625 0.029296875
0 0.6474609375 0.513671875 0.033203125 0.033203125
0 0.623046875 0.1669921875 0.021484375 0.021484375
0 0.607421875 0.171875 0.0185546875 0.025390625
0 0.5927734375 0.177734375 0.021484375 0.021484375
0 0.6923828125 0.2431640625 0.021484375 0.021484375
0 0.779296875 0.2705078125 0.033203125 0.029296875
0 0.7705078125 0.3330078125 0.0234375 0.021484375
0 0.7255859375 0.3125 0.033203125 0.029296875
0 0.7333984375 0.3798828125 0.0439453125 0.041015625
0 0.771484375 0.4365234375 0.0673828125 0.0576171875
0 0.748046875 0.5458984375 0.048828125 0.0517578125
0 0.662109375 0.556640625 0.021484375 0.021484375
0 0.61328125 0.583984375 0.0185546875 0.021484375
0 0.6826171875 0.603515625 0.033203125 0.033203125
0 0.7607421875 0.634765625 0.029296875 0.029296875
0 0.896484375 0.671875 0.037109375 0.041015625
0 0.97265625 0.6591796875 0.0185546875 0.021484375
0 0.859375 0.71875 0.017578125 0.0185546875
0 0.9716796875 0.787109375 0.021484375 0.021484375
0 0.8876953125 0.8037109375 0.021484375 0.021484375
0 0.615234375 0.658203125 0.033203125 0.029296875
0 0.759765625 0.6923828125 0.029296875 0.033203125
0 0.7275390625 0.689453125 0.0439453125 0.046875
0 0.75390625 0.822265625 0.091796875 0.095703125
0 0.74609375 0.75 0.0361328125 0.029296875
0 0.650390625 0.830078125 0.025390625 0.025390625
0 0.6328125 0.814453125 0.0185546875 0.0185546875
0 0.6728515625 0.900390625 0.0234375 0.025390625
0 0.84765625 0.5673828125 0.091796875 0.0830078125
0 0.568359375 0.552734375 0.017578125 0.0185546875
0 0.56640625 0.53125 0.029296875 0.0283203125
0 0.552734375 0.4794921875 0.0283203125 0.0185546875
0 0.5498046875 0.5498046875 0.0283203125 0.015625
0 0.490234375 0.708984375 0.025390625 0.0283203125
0 0.677734375 0.755859375 0.029296875 0.0283203125
0 0.666015625 0.7724609375 0.0283203125 0.0283203125
0 0.6474609375 0.775390625 0.0234375 0.021484375
0 0.654296875 0.751953125 0.0283203125 0.0283203125
0 0.533203125 0.8427734375 0.048828125 0.048828125
0 0.5185546875 0.8662109375 0.021484375 0.025390625
0 0.505859375 0.85546875 0.025390625 0.021484375
0 0.4423828125 0.853515625 0.021484375 0.025390625
0 0.4228515625 0.8671875 0.029296875 0.033203125
0 0.396484375 0.8671875 0.029296875 0.033203125
0 0.376953125 0.853515625 0.021484375 0.0283203125
0 0.3623046875 0.8388671875 0.0234375 0.025390625