0 0.1943359375 0.294921875 0.072265625 0.0859375
0 0.279296875 0.3447265625 0.087890625 0.0830078125
0 0.744140625 0.3310546875 0.072265625 0.0703125
0 0.7646484375 0.263671875 0.0361328125 0.041015625
0 0.8876953125 0.484375 0.0595703125 0.072265625
0 0.7216796875 0.5810546875 0.0498046875 0.0498046875
0 0.822265625 0.7490234375 0.037109375 0.0419921875
0 0.67578125 0.6552734375 0.0341796875 0.0390625
0 0.6953125 0.697265625 0.0263671875 0.0341796875
0 0.6728515625 0.408203125 0.0185546875 0.029296875
0 0.693359375 0.4306640625 0.0361328125 0.041015625
0 0.6796875 0.4951171875 0.037109375 0.0419921875
0 0.6884765625 0.9404296875 0.0341796875 0.0419921875
0 0.3017578125 0.90625 0.0517578125 0.0498046875
0 0.6123046875 0.7294921875 0.0419921875 0.0546875
0 0.400390625 0.9140625 0.052734375 0.0625
0 0.494140625 0.806640625 0.033203125 0.0361328125
0 0.5400390625 0.8037109375 0.0234375 0.0341796875
0 0.583984375 0.8095703125 0.078125 0.0888671875
0 0.6298828125 0.833984375 0.0341796875 0.0361328125
0 0.5205078125 0.4931640625 0.03125 0.041015625
0 0.5244140625 0.458984375 0.0263671875 0.03125
0 0.55078125 0.408203125 0.029296875 0.0341796875
0 0.470703125 0.4765625 0.0498046875 0.0654296875
0 0.486328125 0.4296875 0.0498046875 0.0625
0 0.5205078125 0.3857421875 0.03125 0.0341796875
0 0.517578125 0.2392578125 0.044921875 0.0419921875
0 0.4453125 0.3916015625 0.060546875 0.0654296875
0 0.548828125 0.4638671875 0.0185546875 0.03125
0 0.568359375 0.4716796875 0.025390625 0.0341796875
0 0.603515625 0.6494140625 0.0283203125 0.0341796875
0 0.626953125 0.6611328125 0.0283203125 0.0341796875
0 0.630859375 0.6162109375 0.0283203125 0.0341796875
0 0.625 0.5654296875 0.0263671875 0.0283203125
0 0.5703125 0.5703125 0.0283203125 0.0361328125
0 0.6162109375 0.5556640625 0.0234375 0.0283203125
0 0.6044921875 0.533203125 0.029296875 0.0283203125
0 0.603515625 0.5185546875 0.017578125 0.0205078125
0 0.642578125 0.5849609375 0.0263671875 0.0341796875
0 0.41015625 0.8076171875 0.0751953125 0.0859375
0 0.435546875 0.771484375 0.029296875 0.03125
0 0.435546875 0.7314453125 0.029296875 0.0361328125
0 0.142578125 0.7490234375 0.0517578125 0.0576171875
0 0.439453125 0.4580078125 0.025390625 0.0341796875
0 0.435546875 0.5595703125 0.029296875 0.0341796875
0 0.384765625 0.7421875 0.0283203125 0.03125
0 0.28515625 0.7783203125 0.052734375 0.060546875
0 0.3046875 0.7431640625 0.0361328125 0.0390625
0 0.486328125 0.5712890625 0.029296875 0.03125
0 0.4990234375 0.5556640625 0.0283203125 0.0283203125
0 0.3427734375 0.548828125 0.0361328125 0.0361328125
0 0.791015625 0.4521484375 0.0263671875 0.0341796875