0 0.8193359375 0.3271484375 0.078125 0.09375
0 0.7314453125 0.3681640625 0.091796875 0.091796875
0 0.26953125 0.306640625 0.0751953125 0.076171875
0 0.2529296875 0.236328125 0.0390625 0.0419921875
0 0.115234375 0.4453125 0.064453125 0.076171875
0 0.2724609375 0.5576171875 0.0517578125 0.0546875
0 0.1611328125 0.7158203125 0.041015625 0.0439453125
0 0.314453125 0.6357421875 0.0361328125 0.0390625
0 0.291015625 0.6767578125 0.0283203125 0.0361328125
0 0.333984375 0.3916015625 0.0205078125 0.029296875
0 0.3134765625 0.412109375 0.037109375 0.0419921875
0 0.322265625 0.4775390625 0.041015625 0.046875
0 0.279296875 0.919921875 0.037109375 0.044921875
0 0.66796875 0.9248046875 0.0546875 0.0546875
0 0.37109375 0.7177734375 0.044921875 0.0576171875
0 0.568359375 0.9228515625 0.056640625 0.0673828125
0 0.484375 0.8056640625 0.0341796875 0.0390625
0 0.4384765625 0.7978515625 0.0263671875 0.0361328125
0 0.3935546875 0.7998046875 0.0830078125 0.0966796875
0 0.345703125 0.8193359375 0.0361328125 0.0390625
0 0.4794921875 0.4912109375 0.0341796875 0.044921875
0 0.478515625 0.4560546875 0.0283203125 0.0361328125
0 0.455078125 0.4033203125 0.033203125 0.0390625
0 0.53125 0.4794921875 0.052734375 0.0703125
0 0.517578125 0.4306640625 0.0546875 0.0673828125
0 0.4873046875 0.3837890625 0.0361328125 0.0361328125
0 0.501953125 0.2392578125 0.0498046875 0.046875
0 0.5634765625 0.3974609375 0.064453125 0.072265625
0 0.4541015625 0.458984375 0.0205078125 0.0341796875
0 0.435546875 0.4658203125 0.0263671875 0.0361328125
0 0.3857421875 0.6376953125 0.029296875 0.0390625
0 0.361328125 0.6474609375 0.029296875 0.0361328125
0 0.3603515625 0.6015625 0.029296875 0.0390625
0 0.3701171875 0.552734375 0.0283203125 0.03125
0 0.4248046875 0.5625 0.029296875 0.0390625
0 0.3798828125 0.5439453125 0.0263671875 0.03125
0 0.3935546875 0.5234375 0.033203125 0.03125
0 0.3955078125 0.5078125 0.017578125 0.0205078125
0 0.3515625 0.5693359375 0.029296875 0.0390625
0 0.56640625 0.8154296875 0.0810546875 0.09375
0 0.54296875 0.7763671875 0.0341796875 0.0361328125
0 0.5478515625 0.736328125 0.03125 0.0390625
0 0.837890625 0.7841796875 0.0546875 0.0625
0 0.564453125 0.4638671875 0.0283203125 0.0361328125
0 0.560546875 0.5654296875 0.033203125 0.0361328125
0 0.5966796875 0.7529296875 0.029296875 0.0361328125
0 0.6943359375 0.798828125 0.0595703125 0.0673828125
0 0.6767578125 0.7626953125 0.0390625 0.0439453125
0 0.5087890625 0.572265625 0.0341796875 0.0341796875
0 0.49609375 0.5556640625 0.029296875 0.03125
0 0.65234375 0.564453125 0.037109375 0.041015625
0 0.212890625 0.4228515625 0.029296875 0.0361328125