0 0.015625 0.1904296875 0.03125 0.046875
0 0.10546875 0.146484375 0.0498046875 0.060546875
0 0.169921875 0.158203125 0.0703125 0.0859375
0 0.220703125 0.2197265625 0.041015625 0.0498046875
0 0.099609375 0.263671875 0.1044921875 0.1328125
0 0.2900390625 0.150390625 0.041015625 0.0498046875
0 0.2578125 0.0791015625 0.046875 0.060546875
0 0.4365234375 0.0986328125 0.046875 0.0546875
0 0.455078125 0.048828125 0.046875 0.0576171875
0 0.365234375 0.1337890625 0.125 0.158203125
0 0.513671875 0.125 0.041015625 0.0498046875
0 0.548828125 0.025390625 0.0341796875 0.046875
0 0.515625 0.0166015625 0.0234375 0.029296875
0 0.623046875 0.021484375 0.0439453125 0.0419921875
0 0.626953125 0.1142578125 0.095703125 0.1142578125
0 0.716796875 0.0302734375 0.0830078125 0.060546875
0 0.7080078125 0.1513671875 0.046875 0.0576171875
0 0.751953125 0.091796875 0.041015625 0.0546875
0 0.8310546875 0.0166015625 0.0830078125 0.033203125
0 0.826171875 0.119140625 0.1298828125 0.154296875
0 0.89453125 0.06640625 0.0546875 0.060546875
0 0.072265625 0.83203125 0.0439453125 0.060546875
0 0.1064453125 0.9248046875 0.046875 0.060546875
0 0.1533203125 0.958984375 0.0341796875 0.046875
0 0.193359375 0.904296875 0.0498046875 0.060546875
0 0.2392578125 0.93359375 0.041015625 0.0498046875
0 0.177734375 0.798828125 0.1533203125 0.189453125
0 0.271484375 0.8017578125 0.046875 0.0576171875
0 0.298828125 0.8876953125 0.078125 0.099609375
0 0.3486328125 0.8232421875 0.046875 0.060546875
0 0.369140625 0.896484375 0.041015625 0.0546875
0 0.4267578125 0.80859375 0.0810546875 0.107421875
0 0.466796875 0.8837890625 0.0498046875 0.060546875
0 0.513671875 0.8037109375 0.041015625 0.0546875
0 0.59375 0.755859375 0.037109375 0.046875
0 0.58203125 0.8583984375 0.041015625 0.0498046875
0 0.6669921875 0.853515625 0.0498046875 0.060546875
0 0.744140625 0.7041015625 0.037109375 0.0546875
0 0.771484375 0.794921875 0.0498046875 0.0576171875
0 0.6845703125 0.7568359375 0.1220703125 0.150390625
0 0.853515625 0.744140625 0.0810546875 0.1044921875
0 0.8671875 0.662109375 0.0546875 0.0673828125
0 0.9658203125 0.716796875 0.068359375 0.09375
0 0.91796875 0.7861328125 0.033203125 0.0439453125
0 0.9423828125 0.607421875 0.0810546875 0.1044921875