0 0.4833984375 0.048828125 0.076171875 0.0703125
0 0.5625 0.0498046875 0.037109375 0.046875
0 0.423828125 0.1201171875 0.037109375 0.0361328125
0 0.642578125 0.11328125 0.037109375 0.0361328125
0 0.5498046875 0.1650390625 0.041015625 0.0439453125
0 0.521484375 0.142578125 0.021484375 0.025390625
0 0.466796875 0.091796875 0.017578125 0.021484375
0 0.224609375 0.076171875 0.0283203125 0.0283203125
0 0.162109375 0.0595703125 0.0185546875 0.021484375
0 0.0771484375 0.18359375 0.025390625 0.021484375
0 0.1591796875 0.146484375 0.025390625 0.0283203125
0 0.1171875 0.208984375 0.021484375 0.021484375
0 0.154296875 0.2958984375 0.0283203125 0.0283203125
0 0.06640625 0.353515625 0.025390625 0.021484375
0 0.18359375 0.361328125 0.021484375 0.0185546875
0 0.162109375 0.4423828125 0.0185546875 0.021484375
0 0.0634765625 0.4873046875 0.0185546875 0.021484375
0 0.248046875 0.2431640625 0.0439453125 0.046875
0 0.2607421875 0.177734375 0.029296875 0.0283203125
0 0.2724609375 0.142578125 0.0234375 0.021484375
0 0.2724609375 0.123046875 0.0185546875 0.017578125
0 0.306640625 0.1376953125 0.064453125 0.0625
0 0.28515625 0.111328125 0.0185546875 0.0185546875
0 0.8408203125 0.095703125 0.0283203125 0.029296875
0 0.904296875 0.091796875 0.021484375 0.021484375
0 0.654296875 0.3173828125 0.037109375 0.037109375
0 0.71875 0.279296875 0.029296875 0.0234375
0 0.720703125 0.2431640625 0.0576171875 0.0546875
0 0.720703125 0.212890625 0.033203125 0.025390625
0 0.7578125 0.22265625 0.0283203125 0.025390625
0 0.7666015625 0.162109375 0.0234375 0.021484375
0 0.9404296875 0.22265625 0.021484375 0.021484375
0 0.8349609375 0.232421875 0.025390625 0.0283203125
0 0.8779296875 0.357421875 0.025390625 0.0234375
0 0.8876953125 0.3310546875 0.021484375 0.021484375
0 0.888671875 0.4365234375 0.025390625 0.0185546875
0 0.63671875 0.2109375 0.041015625 0.041015625
0 0.7578125 0.3671875 0.0595703125 0.0576171875
0 0.7333984375 0.365234375 0.021484375 0.0185546875
0 0.7314453125 0.3486328125 0.021484375 0.0185546875
0 0.7421875 0.3408203125 0.0185546875 0.021484375
0 0.724609375 0.4365234375 0.0361328125 0.0361328125
0 0.763671875 0.5068359375 0.029296875 0.029296875
0 0.802734375 0.59765625 0.0673828125 0.0625
0 0.806640625 0.525390625 0.025390625 0.029296875
0 0.9091796875 0.60546875 0.0673828125 0.0703125
0 0.6904296875 0.548828125 0.048828125 0.0517578125
0 0.6904296875 0.6201171875 0.0185546875 0.021484375
0 0.755859375 0.6728515625 0.037109375 0.046875
0 0.927734375 0.7333984375 0.0439453125 0.048828125
0 0.947265625 0.77734375 0.029296875 0.029296875
0 0.904296875 0.9521484375 0.0517578125 0.048828125
0 0.912109375 0.8408203125 0.0185546875 0.0185546875
0 0.857421875 0.876953125 0.041015625 0.0439453125
0 0.859375 0.833984375 0.048828125 0.0439453125
0 0.8798828125 0.8017578125 0.0283203125 0.025390625
0 0.859375 0.70703125 0.033203125 0.0283203125
0 0.8125 0.802734375 0.048828125 0.048828125
0 0.8427734375 0.7724609375 0.041015625 0.041015625
0 0.8740234375 0.7216796875 0.025390625 0.0185546875
0 0.8017578125 0.7294921875 0.033203125 0.0361328125
0 0.7705078125 0.89453125 0.021484375 0.0283203125
0 0.8076171875 0.8623046875 0.0234375 0.025390625
0 0.7685546875 0.9423828125 0.015625 0.0185546875
0 0.677734375 0.96484375 0.0283203125 0.0283203125
0 0.6220703125 0.935546875 0.0234375 0.0283203125
0 0.693359375 0.869140625 0.0283203125 0.033203125
0 0.7333984375 0.8525390625 0.033203125 0.033203125
0 0.751953125 0.8017578125 0.037109375 0.0439453125
0 0.6630859375 0.7666015625 0.0283203125 0.029296875
0 0.6826171875 0.7626953125 0.0234375 0.021484375
0 0.7255859375 0.759765625 0.033203125 0.0361328125
0 0.5947265625 0.798828125 0.1220703125 0.1220703125
0 0.626953125 0.71484375 0.017578125 0.0185546875
0 0.7041015625 0.708984375 0.0234375 0.021484375
0 0.705078125 0.685546875 0.0576171875 0.0517578125
0 0.6240234375 0.6337890625 0.046875 0.046875
0 0.6171875 0.509765625 0.0595703125 0.0517578125
0 0.6484375 0.5 0.0185546875 0.021484375
0 0.6015625 0.5556640625 0.021484375 0.0185546875
0 0.5478515625 0.53515625 0.0517578125 0.0517578125
0 0.634765625 0.4150390625 0.0703125 0.0654296875
0 0.666015625 0.4423828125 0.0185546875 0.0185546875
0 0.67578125 0.423828125 0.025390625 0.017578125
0 0.669921875 0.412109375 0.021484375 0.013671875
0 0.6611328125 0.3984375 0.015625 0.0185546875
0 0.572265625 0.29296875 0.025390625 0.021484375
0 0.599609375 0.3623046875 0.0576171875 0.0595703125
0 0.5244140625 0.4150390625 0.048828125 0.0439453125
0 0.5517578125 0.421875 0.021484375 0.0185546875
0 0.42578125 0.466796875 0.0576171875 0.0546875
0 0.4716796875 0.392578125 0.0283203125 0.021484375
0 0.505859375 0.39453125 0.021484375 0.025390625
0 0.5205078125 0.3876953125 0.021484375 0.021484375
0 0.548828125 0.38671875 0.017578125 0.017578125
0 0.5771484375 0.3837890625 0.0185546875 0.0185546875
0 0.5830078125 0.439453125 0.0234375 0.025390625
0 0.501953125 0.2626953125 0.0732421875 0.0732421875
0 0.369140625 0.21875 0.09375 0.0888671875
0 0.3310546875 0.3349609375 0.0546875 0.0439453125
0 0.3125 0.298828125 0.037109375 0.0361328125
0 0.3369140625 0.310546875 0.0234375 0.0283203125
0 0.34765625 0.2626953125 0.025390625 0.0234375
0 0.365234375 0.27734375 0.033203125 0.029296875
0 0.390625 0.2646484375 0.017578125 0.0185546875
0 0.4091796875 0.283203125 0.025390625 0.029296875
0 0.474609375 0.240234375 0.021484375 0.021484375
0 0.4892578125 0.228515625 0.0283203125 0.021484375
0 0.5283203125 0.212890625 0.0185546875 0.021484375
0 0.564453125 0.2294921875 0.0625 0.0625
0 0.568359375 0.2568359375 0.0185546875 0.0185546875
0 0.587890625 0.25390625 0.021484375 0.0185546875
0 0.4296875 0.2421875 0.041015625 0.041015625
0 0.392578125 0.353515625 0.041015625 0.041015625
0 0.4375 0.3427734375 0.0185546875 0.0185546875
0 0.42578125 0.32421875 0.033203125 0.029296875
0 0.4482421875 0.3310546875 0.0185546875 0.015625
0 0.3427734375 0.4296875 0.0234375 0.021484375
0 0.38671875 0.4013671875 0.033203125 0.033203125
0 0.408203125 0.416015625 0.015625 0.017578125
0 0.458984375 0.3798828125 0.025390625 0.0185546875
0 0.474609375 0.3740234375 0.021484375 0.021484375
0 0.3134765625 0.3876953125 0.021484375 0.0234375
0 0.4833984375 0.6630859375 0.1064453125 0.099609375
0 0.498046875 0.591796875 0.025390625 0.029296875
0 0.3525390625 0.5166015625 0.033203125 0.033203125
0 0.3720703125 0.169921875 0.021484375 0.021484375
0 0.38671875 0.1728515625 0.0185546875 0.025390625
0 0.4013671875 0.181640625 0.021484375 0.021484375
0 0.302734375 0.248046875 0.0185546875 0.021484375
0 0.216796875 0.275390625 0.029296875 0.0283203125
0 0.2255859375 0.337890625 0.025390625 0.021484375
0 0.2705078125 0.31640625 0.033203125 0.0283203125
0 0.2646484375 0.3837890625 0.041015625 0.041015625
0 0.228515625 0.4423828125 0.0673828125 0.0576171875
0 0.25390625 0.5498046875 0.048828125 0.048828125
0 0.337890625 0.5595703125 0.021484375 0.021484375
0 0.3876953125 0.5849609375 0.015625 0.021484375
0 0.318359375 0.607421875 0.033203125 0.033203125
0 0.2421875 0.638671875 0.029296875 0.029296875
0 0.107421875 0.677734375 0.037109375 0.041015625
0 0.029296875 0.6669921875 0.0185546875 0.0185546875
0 0.14453125 0.7255859375 0.017578125 0.0185546875
0 0.033203125 0.794921875 0.021484375 0.0185546875
0 0.1171875 0.810546875 0.021484375 0.0185546875
0 0.3876953125 0.6611328125 0.033203125 0.029296875
0 0.244140625 0.6962890625 0.029296875 0.029296875
0 0.275390625 0.693359375 0.0439453125 0.0439453125
0 0.251953125 0.8271484375 0.0888671875 0.091796875
0 0.2578125 0.75390625 0.033203125 0.029296875
0 0.35546875 0.8330078125 0.025390625 0.025390625
0 0.373046875 0.8173828125 0.015625 0.0185546875
0 0.333984375 0.90234375 0.0234375 0.025390625
0 0.154296875 0.572265625 0.091796875 0.0830078125
0 0.431640625 0.552734375 0.017578125 0.0185546875
0 0.435546875 0.533203125 0.029296875 0.025390625
0 0.447265625 0.4794921875 0.0283203125 0.0185546875
0 0.451171875 0.5517578125 0.025390625 0.015625
0 0.5126953125 0.708984375 0.0234375 0.025390625
0 0.3271484375 0.7578125 0.029296875 0.025390625
0 0.3388671875 0.775390625 0.0234375 0.025390625
0 0.357421875 0.7783203125 0.021484375 0.021484375
0 0.349609375 0.75390625 0.0283203125 0.025390625
0 0.47265625 0.8447265625 0.046875 0.046875
0 0.4873046875 0.8662109375 0.021484375 0.021484375
0 0.501953125 0.85546875 0.021484375 0.0185546875
0 0.5634765625 0.853515625 0.021484375 0.021484375
0 0.583984375 0.8662109375 0.029296875 0.033203125
0 0.611328125 0.8662109375 0.029296875 0.033203125
0 0.6298828125 0.8525390625 0.021484375 0.025390625
0 0.642578125 0.8369140625 0.025390625 0.025390625