0 0.072265625 0.083984375 0.029296875 0.041015625
0 0.166015625 0.060546875 0.0439453125 0.0498046875
0 0.228515625 0.0869140625 0.060546875 0.0732421875
0 0.267578125 0.1572265625 0.0341796875 0.0439453125
0 0.142578125 0.173828125 0.0888671875 0.1123046875
0 0.3486328125 0.1064453125 0.0341796875 0.0419921875
0 0.3291015625 0.029296875 0.041015625 0.0517578125
0 0.5009765625 0.0908203125 0.0390625 0.046875
0 0.5244140625 0.0458984375 0.041015625 0.0498046875
0 0.4248046875 0.109375 0.1064453125 0.1328125
0 0.5712890625 0.1357421875 0.0361328125 0.0439453125
0 0.6201171875 0.044921875 0.029296875 0.041015625
0 0.591796875 0.0263671875 0.0185546875 0.025390625
0 0.6962890625 0.0556640625 0.0390625 0.046875
0 0.68359375 0.1513671875 0.0830078125 0.0966796875
0 0.7880859375 0.0712890625 0.0732421875 0.0859375
0 0.7568359375 0.20703125 0.0390625 0.0498046875
0 0.810546875 0.158203125 0.0341796875 0.046875
0 0.9072265625 0.072265625 0.0732421875 0.0810546875
0 0.8779296875 0.2041015625 0.1142578125 0.1298828125
0 0.955078125 0.16796875 0.046875 0.0498046875
0 0.029296875 0.7275390625 0.037109375 0.0546875
0 0.0478515625 0.822265625 0.0390625 0.052734375
0 0.08984375 0.869140625 0.029296875 0.0390625
0 0.1357421875 0.822265625 0.0419921875 0.0517578125
0 0.177734375 0.865234375 0.033203125 0.044921875
0 0.1376953125 0.7158203125 0.130859375 0.1611328125
0 0.2275390625 0.7431640625 0.0390625 0.0498046875
0 0.2431640625 0.8349609375 0.0654296875 0.083984375
0 0.3017578125 0.779296875 0.0390625 0.052734375
0 0.310546875 0.859375 0.0341796875 0.046875
0 0.3798828125 0.7861328125 0.068359375 0.09375
0 0.4072265625 0.869140625 0.0419921875 0.0517578125
0 0.466796875 0.802734375 0.0341796875 0.046875
0 0.5517578125 0.7744140625 0.03125 0.0419921875
0 0.9736328125 0.0859375 0.0390625 0.0439453125
0 0.5244140625 0.87109375 0.0341796875 0.0439453125
0 0.609375 0.88671875 0.0439453125 0.0517578125
0 0.70703125 0.755859375 0.03125 0.048828125
0 0.7216796875 0.853515625 0.0439453125 0.048828125
0 0.6396484375 0.7958984375 0.1044921875 0.1298828125
0 0.80859375 0.822265625 0.0673828125 0.0888671875
0 0.8349609375 0.744140625 0.044921875 0.0595703125
0 0.927734375 0.826171875 0.0625 0.080078125
0 0.8671875 0.87890625 0.0283203125 0.0361328125
0 0.91796875 0.708984375 0.0673828125 0.0888671875