0 0.861328125 0.0107421875 0.0341796875 0.021484375
0 0.7646484375 0.0107421875 0.0498046875 0.021484375
0 0.7080078125 0.0390625 0.068359375 0.078125
0 0.6806640625 0.1142578125 0.041015625 0.0498046875
0 0.8056640625 0.1015625 0.1044921875 0.1298828125
0 0.595703125 0.080078125 0.041015625 0.0498046875
0 0.6015625 0.013671875 0.046875 0.02734375
0 0.4423828125 0.095703125 0.046875 0.052734375
0 0.412109375 0.05859375 0.046875 0.0576171875
0 0.5185546875 0.099609375 0.125 0.154296875
0 0.380859375 0.1552734375 0.041015625 0.0498046875
0 0.3173828125 0.0791015625 0.0341796875 0.046875
0 0.3447265625 0.0537109375 0.0205078125 0.0283203125
0 0.244140625 0.10546875 0.0439453125 0.0546875
0 0.26953125 0.1962890625 0.095703125 0.111328125
0 0.1572265625 0.1416015625 0.083984375 0.099609375
0 0.2060546875 0.2666015625 0.0439453125 0.0576171875
0 0.146484375 0.23046875 0.041015625 0.0546875
0 0.041015625 0.166015625 0.0810546875 0.0966796875
0 0.0869140625 0.2890625 0.1298828125 0.154296875
0 0.015625 0.26953125 0.03125 0.060546875
0 0.986328125 0.619140625 0.0263671875 0.060546875
0 0.982421875 0.7197265625 0.0341796875 0.060546875
0 0.95703125 0.775390625 0.0341796875 0.0439453125
0 0.9033203125 0.7392578125 0.0498046875 0.060546875
0 0.869140625 0.7890625 0.041015625 0.0498046875
0 0.8876953125 0.6357421875 0.150390625 0.185546875
0 0.80078125 0.6806640625 0.046875 0.0576171875
0 0.7998046875 0.7734375 0.078125 0.0966796875
0 0.7353515625 0.7333984375 0.046875 0.060546875
0 0.7373046875 0.810546875 0.041015625 0.0546875
0 0.658203125 0.755859375 0.0810546875 0.1064453125
0 0.642578125 0.8427734375 0.0498046875 0.060546875
0 0.5732421875 0.7890625 0.041015625 0.0546875
0 0.486328125 0.7802734375 0.037109375 0.046875
0 0.52734375 0.87109375 0.041015625 0.0498046875
0 0.447265625 0.9052734375 0.0498046875 0.060546875
0 0.3310546875 0.798828125 0.037109375 0.0546875
0 0.3310546875 0.89453125 0.0498046875 0.0576171875
0 0.40234375 0.8212890625 0.1220703125 0.150390625
0 0.2421875 0.8857421875 0.078125 0.099609375
0 0.203125 0.814453125 0.0517578125 0.0673828125
0 0.1240234375 0.912109375 0.072265625 0.09375
0 0.193359375 0.951171875 0.033203125 0.0439453125
0 0.1181640625 0.7958984375 0.078125 0.099609375