0 0.651351 0.317568 0.021622 0.024324
0 0.635135 0.213514 0.021622 0.027027
0 0.389189 0.402703 0.027027 0.021622
0 0.389189 0.350000 0.027027 0.024324
0 0.545946 0.163514 0.027027 0.029730
0 0.921622 0.733784 0.027027 0.029730
0 0.750000 0.800000 0.029730 0.032432
0 0.245946 0.245946 0.032432 0.032432
0 0.431081 0.328378 0.035135 0.035135
0 0.252703 0.550000 0.035135 0.035135
0 0.336486 0.763514 0.045946 0.029730
0 0.901351 0.952703 0.035135 0.035135
0 0.689189 0.550000 0.037838 0.035135
0 0.475676 0.845946 0.043243 0.032432
0 0.624324 0.633784 0.037838 0.035135
0 0.550000 0.535135 0.040541 0.037838
0 0.616216 0.506757 0.043243 0.040541
0 0.263514 0.691892 0.056757 0.037838
0 0.424324 0.467568 0.048649 0.037838
0 0.522973 0.408108 0.045946 0.048649
0 0.708108 0.686486 0.043243 0.048649
0 0.227027 0.441892 0.054054 0.045946
0 0.801351 0.597297 0.051351 0.048649
0 0.320270 0.317568 0.045946 0.062162
0 0.754054 0.364865 0.054054 0.054054
0 0.302703 0.137838 0.059459 0.054054
0 0.908108 0.606757 0.054054 0.056757
0 0.828378 0.789189 0.062162 0.064865
0 0.481081 0.047297 0.059459 0.056757
0 0.863514 0.843243 0.045946 0.097297
0 0.728378 0.248649 0.067568 0.081081
0 0.154054 0.574324 0.075676 0.067568
0 0.254054 0.825676 0.075676 0.078378
0 0.621622 0.391892 0.091892 0.108108
0 0.482432 0.663514 0.094595 0.089189
0 0.531081 0.250000 0.121622 0.094595
0 0.383784 0.227027 0.113514 0.124324
0 0.595946 0.808108 0.110811 0.129730
