0 0.509765625 0.048828125 0.078125 0.0703125
0 0.431640625 0.0517578125 0.041015625 0.048828125
0 0.5703125 0.1201171875 0.037109375 0.0361328125
0 0.3515625 0.1171875 0.037109375 0.0361328125
0 0.4443359375 0.1669921875 0.041015625 0.0439453125
0 0.4716796875 0.142578125 0.025390625 0.0283203125
0 0.5244140625 0.091796875 0.015625 0.021484375
0 0.7705078125 0.072265625 0.0283203125 0.0283203125
0 0.830078125 0.0537109375 0.021484375 0.021484375
0 0.9169921875 0.177734375 0.025390625 0.025390625
0 0.8349609375 0.140625 0.0283203125 0.0283203125
0 0.8779296875 0.2041015625 0.021484375 0.025390625
0 0.8427734375 0.2919921875 0.0283203125 0.0283203125
0 0.931640625 0.34765625 0.025390625 0.025390625
0 0.8134765625 0.357421875 0.021484375 0.021484375
0 0.837890625 0.435546875 0.021484375 0.021484375
0 0.9365234375 0.4814453125 0.0185546875 0.021484375
0 0.748046875 0.2392578125 0.046875 0.046875
0 0.7353515625 0.17578125 0.033203125 0.0283203125
0 0.72265625 0.1376953125 0.025390625 0.021484375
0 0.72265625 0.119140625 0.0185546875 0.017578125
0 0.6865234375 0.134765625 0.0654296875 0.0654296875
0 0.708984375 0.107421875 0.0185546875 0.0185546875
0 0.154296875 0.1015625 0.0283203125 0.029296875
0 0.0888671875 0.099609375 0.021484375 0.021484375
0 0.3427734375 0.322265625 0.037109375 0.037109375
0 0.279296875 0.283203125 0.029296875 0.0283203125
0 0.27734375 0.248046875 0.0576171875 0.0546875
0 0.275390625 0.21875 0.033203125 0.0283203125
0 0.2373046875 0.2294921875 0.0283203125 0.0283203125
0 0.2275390625 0.166015625 0.0283203125 0.025390625
0 0.0537109375 0.2294921875 0.021484375 0.021484375
0 0.1611328125 0.2373046875 0.025390625 0.0283203125
0 0.1201171875 0.36328125 0.025390625 0.025390625
0 0.111328125 0.3388671875 0.021484375 0.0234375
0 0.109375 0.443359375 0.025390625 0.021484375
0 0.359375 0.212890625 0.0439453125 0.0439453125
0 0.240234375 0.3720703125 0.0595703125 0.0576171875
0 0.2646484375 0.369140625 0.021484375 0.0185546875
0 0.2666015625 0.3525390625 0.0234375 0.0185546875
0 0.25390625 0.345703125 0.021484375 0.021484375
0 0.2744140625 0.4423828125 0.0361328125 0.0361328125
0 0.236328125 0.5126953125 0.029296875 0.029296875
0 0.2001953125 0.6015625 0.0703125 0.0625
0 0.1943359375 0.53125 0.0283203125 0.029296875
0 0.0947265625 0.615234375 0.0703125 0.0732421875
0 0.3125 0.552734375 0.0517578125 0.0517578125
0 0.3134765625 0.623046875 0.021484375 0.025390625
0 0.248046875 0.677734375 0.037109375 0.048828125
0 0.0771484375 0.7431640625 0.046875 0.048828125
0 0.0576171875 0.78515625 0.029296875 0.029296875
0 0.10546875 0.962890625 0.0546875 0.048828125
0 0.0927734375 0.8486328125 0.0185546875 0.021484375
0 0.150390625 0.8837890625 0.041015625 0.0439453125
0 0.1474609375 0.841796875 0.0517578125 0.046875
0 0.126953125 0.8095703125 0.0283203125 0.025390625
0 0.142578125 0.712890625 0.033203125 0.0283203125
0 0.193359375 0.8095703125 0.0517578125 0.0517578125
0 0.162109375 0.779296875 0.0439453125 0.041015625
0 0.130859375 0.728515625 0.025390625 0.0185546875
0 0.2041015625 0.736328125 0.0361328125 0.0361328125
0 0.2373046875 0.900390625 0.021484375 0.0283203125
0 0.1982421875 0.8662109375 0.025390625 0.025390625
0 0.2373046875 0.947265625 0.017578125 0.0185546875
0 0.3330078125 0.966796875 0.0283203125 0.0283203125
0 0.384765625 0.9375 0.0234375 0.0283203125
0 0.3134765625 0.873046875 0.0283203125 0.033203125
0 0.2724609375 0.857421875 0.033203125 0.0361328125
0 0.25390625 0.8056640625 0.037109375 0.0439453125
0 0.3427734375 0.7685546875 0.0283203125 0.029296875
0 0.322265625 0.7646484375 0.0234375 0.021484375
0 0.279296875 0.763671875 0.0361328125 0.0361328125
0 0.4111328125 0.7998046875 0.125 0.125
0 0.376953125 0.716796875 0.0185546875 0.0185546875
0 0.298828125 0.712890625 0.0234375 0.021484375
0 0.298828125 0.689453125 0.056640625 0.0546875
0 0.3779296875 0.6376953125 0.048828125 0.048828125
0 0.3828125 0.5107421875 0.0625 0.0546875
0 0.3525390625 0.501953125 0.0185546875 0.021484375
0 0.400390625 0.556640625 0.021484375 0.021484375
0 0.4521484375 0.537109375 0.0517578125 0.0517578125
0 0.365234375 0.4169921875 0.0703125 0.0673828125
0 0.333984375 0.4443359375 0.0185546875 0.0185546875
0 0.322265625 0.427734375 0.0234375 0.0185546875
0 0.330078125 0.4150390625 0.021484375 0.013671875
0 0.337890625 0.4013671875 0.015625 0.0185546875
0 0.42578125 0.294921875 0.025390625 0.021484375
0 0.3974609375 0.365234375 0.0595703125 0.0595703125
0 0.4755859375 0.4150390625 0.048828125 0.046875
0 0.4482421875 0.421875 0.021484375 0.021484375
0 0.57421875 0.46484375 0.0576171875 0.0546875
0 0.52734375 0.392578125 0.0283203125 0.021484375
0 0.494140625 0.396484375 0.021484375 0.0234375
0 0.478515625 0.388671875 0.021484375 0.021484375
0 0.451171875 0.3876953125 0.017578125 0.0185546875
0 0.421875 0.384765625 0.021484375 0.0185546875
0 0.4169921875 0.4423828125 0.025390625 0.025390625
0 0.4931640625 0.263671875 0.0732421875 0.072265625
0 0.626953125 0.216796875 0.0986328125 0.091796875
0 0.6669921875 0.3330078125 0.0546875 0.0439453125
0 0.68359375 0.2958984375 0.037109375 0.0361328125
0 0.6591796875 0.3076171875 0.0283203125 0.0283203125
0 0.650390625 0.2607421875 0.025390625 0.0234375
0 0.6328125 0.27734375 0.033203125 0.029296875
0 0.60546875 0.263671875 0.017578125 0.0185546875
0 0.5869140625 0.283203125 0.0283203125 0.029296875
0 0.521484375 0.240234375 0.021484375 0.021484375
0 0.505859375 0.2294921875 0.0283203125 0.021484375
0 0.466796875 0.216796875 0.021484375 0.021484375
0 0.4296875 0.2294921875 0.0654296875 0.0654296875
0 0.427734375 0.2578125 0.021484375 0.0185546875
0 0.408203125 0.2578125 0.021484375 0.0185546875
0 0.56640625 0.2421875 0.041015625 0.041015625
0 0.60546875 0.3515625 0.0439453125 0.0439453125
0 0.560546875 0.3427734375 0.0185546875 0.021484375
0 0.5703125 0.32421875 0.033203125 0.033203125
0 0.548828125 0.3310546875 0.021484375 0.0185546875
0 0.6552734375 0.427734375 0.0234375 0.021484375
0 0.611328125 0.400390625 0.033203125 0.033203125
0 0.591796875 0.4150390625 0.017578125 0.0185546875
0 0.5390625 0.3798828125 0.025390625 0.0185546875
0 0.5244140625 0.3759765625 0.021484375 0.021484375
0 0.68359375 0.384765625 0.021484375 0.0234375
0 0.5185546875 0.662109375 0.107421875 0.103515625
0 0.5068359375 0.5927734375 0.0234375 0.029296875
0 0.6484375 0.513671875 0.033203125 0.033203125
0 0.6240234375 0.1669921875 0.021484375 0.021484375
0 0.609375 0.171875 0.0185546875 0.025390625
0 0.5947265625 0.177734375 0.021484375 0.021484375
0 0.6923828125 0.2431640625 0.021484375 0.021484375
0 0.78125 0.271484375 0.033203125 0.029296875
0 0.771484375 0.3330078125 0.025390625 0.021484375
0 0.7275390625 0.3125 0.033203125 0.029296875
0 0.7353515625 0.3798828125 0.0439453125 0.041015625
0 0.771484375 0.4365234375 0.0673828125 0.0576171875
0 0.748046875 0.5478515625 0.048828125 0.0517578125
0 0.662109375 0.556640625 0.021484375 0.021484375
0 0.615234375 0.583984375 0.0185546875 0.021484375
0 0.68359375 0.60546875 0.033203125 0.033203125
0 0.7607421875 0.63671875 0.029296875 0.029296875
0 0.8974609375 0.671875 0.037109375 0.041015625
0 0.974609375 0.6591796875 0.0185546875 0.021484375
0 0.859375 0.720703125 0.017578125 0.0185546875
0 0.97265625 0.787109375 0.021484375 0.021484375
0 0.888671875 0.8056640625 0.021484375 0.021484375
0 0.6162109375 0.658203125 0.033203125 0.029296875
0 0.7607421875 0.6923828125 0.029296875 0.033203125
0 0.7275390625 0.6904296875 0.0439453125 0.046875
0 0.75390625 0.822265625 0.091796875 0.095703125
0 0.748046875 0.75 0.0361328125 0.029296875
0 0.650390625 0.8310546875 0.025390625 0.025390625
0 0.6337890625 0.814453125 0.0185546875 0.0185546875
0 0.673828125 0.9013671875 0.025390625 0.025390625
0 0.8486328125 0.568359375 0.091796875 0.0830078125
0 0.5703125 0.552734375 0.017578125 0.0185546875
0 0.56640625 0.533203125 0.029296875 0.0283203125
0 0.5537109375 0.4794921875 0.0283203125 0.0185546875
0 0.5517578125 0.5517578125 0.0283203125 0.015625
0 0.490234375 0.7109375 0.025390625 0.0283203125
0 0.6796875 0.7568359375 0.029296875 0.0283203125
0 0.6669921875 0.7724609375 0.0283203125 0.0283203125
0 0.6474609375 0.775390625 0.0234375 0.021484375
0 0.654296875 0.751953125 0.0283203125 0.0283203125
0 0.533203125 0.8427734375 0.048828125 0.048828125
0 0.5185546875 0.8662109375 0.021484375 0.025390625
0 0.5068359375 0.857421875 0.0234375 0.021484375
0 0.443359375 0.85546875 0.021484375 0.025390625
0 0.4228515625 0.8671875 0.029296875 0.033203125
0 0.396484375 0.8671875 0.029296875 0.033203125
0 0.3779296875 0.853515625 0.021484375 0.0283203125
0 0.36328125 0.8388671875 0.025390625 0.025390625