0 0.072265625 0.083984375 0.0283203125 0.0390625
0 0.1669921875 0.05859375 0.0439453125 0.0498046875
0 0.2275390625 0.087890625 0.060546875 0.072265625
0 0.267578125 0.158203125 0.0341796875 0.0439453125
0 0.1435546875 0.1748046875 0.0888671875 0.111328125
0 0.3486328125 0.107421875 0.0341796875 0.0439453125
0 0.3291015625 0.029296875 0.041015625 0.0498046875
0 0.5 0.0888671875 0.041015625 0.046875
0 0.5244140625 0.0458984375 0.041015625 0.0498046875
0 0.4248046875 0.1083984375 0.1064453125 0.1328125
0 0.5703125 0.1337890625 0.0341796875 0.0439453125
0 0.62109375 0.0458984375 0.029296875 0.0390625
0 0.5908203125 0.029296875 0.017578125 0.025390625
0 0.697265625 0.056640625 0.037109375 0.046875
0 0.6845703125 0.150390625 0.0810546875 0.0966796875
0 0.7880859375 0.0732421875 0.072265625 0.0859375
0 0.755859375 0.20703125 0.037109375 0.0498046875
0 0.810546875 0.158203125 0.0341796875 0.046875
0 0.90625 0.0732421875 0.0751953125 0.0830078125
0 0.87890625 0.2041015625 0.1123046875 0.1298828125
0 0.9541015625 0.16796875 0.046875 0.0498046875
0 0.029296875 0.724609375 0.037109375 0.0546875
0 0.0478515625 0.8232421875 0.037109375 0.0546875
0 0.0888671875 0.869140625 0.029296875 0.0390625
0 0.134765625 0.8232421875 0.041015625 0.0498046875
0 0.177734375 0.8642578125 0.0341796875 0.0439453125
0 0.13671875 0.7177734375 0.1298828125 0.1611328125
0 0.2275390625 0.7431640625 0.041015625 0.0498046875
0 0.2421875 0.833984375 0.0673828125 0.0859375
0 0.30078125 0.7802734375 0.037109375 0.0546875
0 0.310546875 0.857421875 0.0341796875 0.046875
0 0.380859375 0.7861328125 0.0703125 0.09375
0 0.408203125 0.8681640625 0.041015625 0.0498046875
0 0.466796875 0.7998046875 0.0341796875 0.046875
0 0.552734375 0.7734375 0.033203125 0.0439453125
0 0.974609375 0.0859375 0.041015625 0.0439453125
0 0.525390625 0.87109375 0.0341796875 0.0439453125
0 0.609375 0.8876953125 0.0439453125 0.0498046875
0 0.7080078125 0.7568359375 0.03125 0.0498046875
0 0.720703125 0.853515625 0.0439453125 0.0498046875
0 0.6416015625 0.7958984375 0.1044921875 0.1298828125
0 0.80859375 0.8251953125 0.0673828125 0.0888671875
0 0.8359375 0.74609375 0.046875 0.060546875
0 0.927734375 0.8251953125 0.064453125 0.080078125
0 0.865234375 0.87890625 0.029296875 0.0361328125
0 0.91796875 0.7109375 0.0673828125 0.0888671875