0 0.5166015625 0.048828125 0.0810546875 0.076171875
0 0.5927734375 0.056640625 0.041015625 0.048828125
0 0.4501953125 0.1162109375 0.041015625 0.037109375
0 0.671875 0.1240234375 0.041015625 0.037109375
0 0.576171875 0.1689453125 0.0439453125 0.044921875
0 0.5478515625 0.146484375 0.0234375 0.0283203125
0 0.49609375 0.091796875 0.0185546875 0.021484375
0 0.255859375 0.0576171875 0.029296875 0.029296875
0 0.1943359375 0.037109375 0.021484375 0.021484375
0 0.099609375 0.1552734375 0.0283203125 0.025390625
0 0.1865234375 0.123046875 0.0283203125 0.029296875
0 0.140625 0.185546875 0.021484375 0.025390625
0 0.1689453125 0.2744140625 0.029296875 0.029296875
0 0.078125 0.326171875 0.0283203125 0.0234375
0 0.1943359375 0.3408203125 0.021484375 0.021484375
0 0.1669921875 0.4189453125 0.021484375 0.021484375
0 0.06640625 0.45703125 0.0185546875 0.021484375
0 0.2666015625 0.2275390625 0.046875 0.048828125
0 0.283203125 0.1630859375 0.033203125 0.029296875
0 0.298828125 0.126953125 0.0234375 0.021484375
0 0.298828125 0.107421875 0.0185546875 0.0185546875
0 0.333984375 0.1259765625 0.0673828125 0.0673828125
0 0.3134765625 0.09765625 0.021484375 0.021484375
0 0.869140625 0.1201171875 0.029296875 0.029296875
0 0.9326171875 0.1220703125 0.021484375 0.021484375
0 0.666015625 0.3310546875 0.041015625 0.041015625
0 0.7333984375 0.2978515625 0.029296875 0.0283203125
0 0.7373046875 0.2607421875 0.0595703125 0.0576171875
0 0.7421875 0.2294921875 0.0361328125 0.0283203125
0 0.77734375 0.2431640625 0.029296875 0.0283203125
0 0.7890625 0.1826171875 0.0283203125 0.025390625
0 0.958984375 0.25390625 0.021484375 0.021484375
0 0.853515625 0.2578125 0.0283203125 0.029296875
0 0.888671875 0.3837890625 0.0283203125 0.0283203125
0 0.900390625 0.361328125 0.021484375 0.0234375
0 0.892578125 0.46484375 0.025390625 0.021484375
0 0.6572265625 0.2216796875 0.0439453125 0.0439453125
0 0.7666015625 0.384765625 0.0625 0.0625
0 0.7431640625 0.3828125 0.021484375 0.0185546875
0 0.7421875 0.3662109375 0.025390625 0.0185546875
0 0.75390625 0.359375 0.021484375 0.021484375
0 0.7294921875 0.4541015625 0.037109375 0.037109375
0 0.7626953125 0.52734375 0.033203125 0.033203125
0 0.7958984375 0.619140625 0.0732421875 0.0654296875
0 0.8056640625 0.5478515625 0.0283203125 0.029296875
0 0.9013671875 0.634765625 0.0732421875 0.0751953125
0 0.6865234375 0.5625 0.0546875 0.0546875
0 0.681640625 0.6337890625 0.021484375 0.0234375
0 0.744140625 0.6923828125 0.041015625 0.048828125
0 0.9111328125 0.763671875 0.048828125 0.0517578125
0 0.927734375 0.8076171875 0.033203125 0.033203125
0 0.869140625 0.9765625 0.0546875 0.046875
0 0.8876953125 0.8701171875 0.0185546875 0.021484375
0 0.8330078125 0.9013671875 0.0439453125 0.046875
0 0.8349609375 0.859375 0.0546875 0.048828125
0 0.857421875 0.8271484375 0.029296875 0.0283203125
0 0.8447265625 0.7314453125 0.0361328125 0.029296875
0 0.7919921875 0.82421875 0.0546875 0.0546875
0 0.82421875 0.7978515625 0.0439453125 0.0439453125
0 0.859375 0.748046875 0.0283203125 0.0185546875
0 0.78515625 0.751953125 0.0361328125 0.037109375
0 0.7431640625 0.9130859375 0.021484375 0.0283203125
0 0.783203125 0.8828125 0.025390625 0.025390625
0 0.7373046875 0.9609375 0.015625 0.0185546875
0 0.64453125 0.9755859375 0.029296875 0.0283203125
0 0.591796875 0.943359375 0.0283203125 0.0283203125
0 0.6689453125 0.8828125 0.029296875 0.0361328125
0 0.708984375 0.869140625 0.0361328125 0.0361328125
0 0.7314453125 0.8203125 0.041015625 0.046875
0 0.64453125 0.77734375 0.029296875 0.029296875
0 0.6630859375 0.7744140625 0.0234375 0.0234375
0 0.70703125 0.775390625 0.0361328125 0.037109375
0 0.572265625 0.8056640625 0.1298828125 0.1298828125
0 0.6123046875 0.7255859375 0.0185546875 0.0185546875
0 0.689453125 0.72265625 0.0283203125 0.025390625
0 0.6923828125 0.6982421875 0.0595703125 0.0576171875
0 0.615234375 0.642578125 0.0517578125 0.0517578125
0 0.6162109375 0.517578125 0.0654296875 0.0576171875
0 0.6474609375 0.5107421875 0.0185546875 0.021484375
0 0.59765625 0.5625 0.021484375 0.021484375
0 0.5458984375 0.537109375 0.0546875 0.0546875
0 0.642578125 0.423828125 0.0732421875 0.0703125
0 0.669921875 0.4521484375 0.021484375 0.0185546875
0 0.6796875 0.439453125 0.025390625 0.0185546875
0 0.677734375 0.423828125 0.025390625 0.017578125
0 0.6669921875 0.4091796875 0.015625 0.0185546875
0 0.587890625 0.298828125 0.025390625 0.0234375
0 0.609375 0.369140625 0.0625 0.0625
0 0.53125 0.416015625 0.0517578125 0.048828125
0 0.5576171875 0.427734375 0.0234375 0.021484375
0 0.4296875 0.462890625 0.0595703125 0.0576171875
0 0.4794921875 0.390625 0.029296875 0.025390625
0 0.5126953125 0.396484375 0.0234375 0.0234375
0 0.529296875 0.388671875 0.021484375 0.021484375
0 0.556640625 0.390625 0.017578125 0.0185546875
0 0.5869140625 0.390625 0.021484375 0.0185546875
0 0.587890625 0.447265625 0.025390625 0.025390625
0 0.521484375 0.263671875 0.0751953125 0.078125
0 0.390625 0.2109375 0.099609375 0.0986328125
0 0.3447265625 0.326171875 0.0576171875 0.046875
0 0.328125 0.287109375 0.041015625 0.037109375
0 0.3515625 0.3017578125 0.0283203125 0.029296875
0 0.365234375 0.25390625 0.0283203125 0.0283203125
0 0.3828125 0.2685546875 0.0361328125 0.029296875
0 0.408203125 0.259765625 0.015625 0.021484375
0 0.427734375 0.2783203125 0.0283203125 0.033203125
0 0.494140625 0.240234375 0.021484375 0.021484375
0 0.5078125 0.228515625 0.0283203125 0.025390625
0 0.548828125 0.216796875 0.021484375 0.025390625
0 0.5849609375 0.2333984375 0.0673828125 0.0673828125
0 0.5869140625 0.2626953125 0.021484375 0.021484375
0 0.603515625 0.2626953125 0.025390625 0.021484375
0 0.4482421875 0.2373046875 0.0439453125 0.0439453125
0 0.40234375 0.345703125 0.0439453125 0.0439453125
0 0.4482421875 0.3408203125 0.021484375 0.021484375
0 0.4404296875 0.318359375 0.033203125 0.033203125
0 0.462890625 0.328125 0.021484375 0.0185546875
0 0.349609375 0.4189453125 0.0234375 0.021484375
0 0.396484375 0.392578125 0.0361328125 0.0361328125
0 0.4130859375 0.4091796875 0.017578125 0.0185546875
0 0.46875 0.3779296875 0.025390625 0.021484375
0 0.482421875 0.373046875 0.025390625 0.021484375
0 0.322265625 0.376953125 0.0234375 0.0234375
0 0.47265625 0.662109375 0.1142578125 0.107421875
0 0.4921875 0.5927734375 0.0283203125 0.029296875
0 0.3525390625 0.5068359375 0.0361328125 0.0361328125
0 0.39453125 0.1611328125 0.021484375 0.025390625
0 0.4091796875 0.166015625 0.0185546875 0.025390625
0 0.423828125 0.17578125 0.021484375 0.021484375
0 0.322265625 0.2353515625 0.021484375 0.021484375
0 0.232421875 0.255859375 0.033203125 0.029296875
0 0.2392578125 0.3203125 0.025390625 0.025390625
0 0.283203125 0.3017578125 0.033203125 0.029296875
0 0.2724609375 0.3671875 0.0439453125 0.0439453125
0 0.232421875 0.4228515625 0.0703125 0.0625
0 0.251953125 0.533203125 0.0517578125 0.0546875
0 0.3349609375 0.5498046875 0.021484375 0.0234375
0 0.3828125 0.578125 0.0185546875 0.021484375
0 0.3125 0.595703125 0.0361328125 0.0361328125
0 0.2333984375 0.6220703125 0.029296875 0.033203125
0 0.095703125 0.6513671875 0.041015625 0.0439453125
0 0.0205078125 0.634765625 0.0185546875 0.021484375
0 0.1298828125 0.701171875 0.017578125 0.0185546875
0 0.0146484375 0.7626953125 0.025390625 0.021484375
0 0.0986328125 0.783203125 0.025390625 0.021484375
0 0.3779296875 0.654296875 0.033203125 0.033203125
0 0.232421875 0.677734375 0.033203125 0.033203125
0 0.263671875 0.677734375 0.046875 0.046875
0 0.2314453125 0.8076171875 0.095703125 0.0986328125
0 0.2421875 0.7373046875 0.0361328125 0.033203125
0 0.333984375 0.822265625 0.0234375 0.025390625
0 0.3525390625 0.8095703125 0.0185546875 0.0185546875
0 0.306640625 0.890625 0.0234375 0.025390625
0 0.1513671875 0.5498046875 0.0986328125 0.0888671875
0 0.4296875 0.548828125 0.017578125 0.021484375
0 0.4326171875 0.52734375 0.033203125 0.0283203125
0 0.4482421875 0.478515625 0.0283203125 0.021484375
0 0.4482421875 0.548828125 0.0283203125 0.017578125
0 0.5 0.7109375 0.0283203125 0.0283203125
0 0.310546875 0.74609375 0.033203125 0.0283203125
0 0.322265625 0.7646484375 0.0283203125 0.0283203125
0 0.3388671875 0.767578125 0.0234375 0.021484375
0 0.333984375 0.7431640625 0.029296875 0.0283203125
0 0.4501953125 0.841796875 0.0517578125 0.0517578125
0 0.462890625 0.8662109375 0.021484375 0.025390625
0 0.4775390625 0.853515625 0.025390625 0.021484375
0 0.541015625 0.857421875 0.021484375 0.025390625
0 0.5595703125 0.873046875 0.033203125 0.033203125
0 0.5849609375 0.8740234375 0.029296875 0.0361328125
0 0.603515625 0.8623046875 0.025390625 0.0283203125
0 0.6220703125 0.845703125 0.0283203125 0.0283203125