0 0.80859375 0.2998046875 0.0732421875 0.0859375
0 0.72265625 0.349609375 0.0888671875 0.0859375
0 0.2587890625 0.326171875 0.072265625 0.0703125
0 0.2373046875 0.2578125 0.037109375 0.041015625
0 0.1142578125 0.4765625 0.060546875 0.072265625
0 0.27734375 0.5771484375 0.0498046875 0.0517578125
0 0.173828125 0.7421875 0.037109375 0.0419921875
0 0.322265625 0.6513671875 0.033203125 0.0390625
0 0.3017578125 0.693359375 0.0263671875 0.0341796875
0 0.328125 0.4052734375 0.0185546875 0.029296875
0 0.30859375 0.427734375 0.0361328125 0.041015625
0 0.3212890625 0.4921875 0.037109375 0.044921875
0 0.3056640625 0.9365234375 0.0341796875 0.0419921875
0 0.693359375 0.9111328125 0.0517578125 0.0498046875
0 0.384765625 0.7275390625 0.041015625 0.0546875
0 0.5927734375 0.916015625 0.0517578125 0.0625
0 0.501953125 0.806640625 0.033203125 0.0361328125
0 0.455078125 0.802734375 0.025390625 0.0341796875
0 0.412109375 0.8076171875 0.078125 0.0908203125
0 0.365234375 0.830078125 0.033203125 0.0390625
0 0.4794921875 0.4921875 0.033203125 0.0419921875
0 0.4755859375 0.458984375 0.0263671875 0.0341796875
0 0.4501953125 0.4072265625 0.029296875 0.0361328125
0 0.529296875 0.4765625 0.0498046875 0.0673828125
0 0.513671875 0.4296875 0.0517578125 0.0654296875
0 0.4814453125 0.384765625 0.0341796875 0.0341796875
0 0.486328125 0.2392578125 0.044921875 0.0419921875
0 0.556640625 0.392578125 0.0595703125 0.0673828125
0 0.4521484375 0.462890625 0.0205078125 0.03125
0 0.43359375 0.470703125 0.025390625 0.0341796875
0 0.39453125 0.6474609375 0.0283203125 0.0361328125
0 0.3701171875 0.658203125 0.0283203125 0.0341796875
0 0.3662109375 0.6123046875 0.0283203125 0.0361328125
0 0.3740234375 0.5634765625 0.0263671875 0.0283203125
0 0.4287109375 0.5693359375 0.0283203125 0.0361328125
0 0.3828125 0.5537109375 0.025390625 0.0283203125
0 0.3955078125 0.53125 0.029296875 0.029296875
0 0.396484375 0.5166015625 0.017578125 0.0205078125
0 0.35546875 0.5810546875 0.0283203125 0.0361328125
0 0.5849609375 0.8095703125 0.0751953125 0.087890625
0 0.5595703125 0.7734375 0.03125 0.0341796875
0 0.5615234375 0.732421875 0.029296875 0.0361328125
0 0.8544921875 0.7568359375 0.0517578125 0.0576171875
0 0.560546875 0.4599609375 0.0263671875 0.0341796875
0 0.564453125 0.560546875 0.029296875 0.0341796875
0 0.611328125 0.744140625 0.0283203125 0.0341796875
0 0.7119140625 0.7822265625 0.0546875 0.0625
0 0.69140625 0.7470703125 0.0361328125 0.0419921875
0 0.5126953125 0.5712890625 0.03125 0.03125
0 0.5 0.5556640625 0.029296875 0.0283203125
0 0.65625 0.552734375 0.0361328125 0.0390625
0 0.208984375 0.4462890625 0.0283203125 0.0341796875