0 0.5146484375 0.048828125 0.0810546875 0.076171875
0 0.5927734375 0.0556640625 0.041015625 0.048828125
0 0.4501953125 0.1162109375 0.041015625 0.037109375
0 0.669921875 0.1240234375 0.041015625 0.037109375
0 0.57421875 0.1689453125 0.0439453125 0.044921875
0 0.5478515625 0.14453125 0.0234375 0.0283203125
0 0.49609375 0.0908203125 0.0185546875 0.021484375
0 0.25390625 0.0576171875 0.029296875 0.029296875
0 0.193359375 0.037109375 0.021484375 0.021484375
0 0.099609375 0.1552734375 0.0283203125 0.025390625
0 0.185546875 0.123046875 0.0283203125 0.029296875
0 0.138671875 0.18359375 0.021484375 0.025390625
0 0.1689453125 0.2724609375 0.029296875 0.029296875
0 0.0771484375 0.32421875 0.0283203125 0.025390625
0 0.1943359375 0.3388671875 0.021484375 0.021484375
0 0.1669921875 0.4189453125 0.021484375 0.021484375
0 0.064453125 0.45703125 0.0185546875 0.021484375
0 0.2666015625 0.2255859375 0.046875 0.048828125
0 0.283203125 0.162109375 0.033203125 0.029296875
0 0.2978515625 0.126953125 0.0234375 0.021484375
0 0.298828125 0.107421875 0.0185546875 0.0185546875
0 0.3330078125 0.1259765625 0.0673828125 0.0673828125
0 0.3125 0.09765625 0.021484375 0.021484375
0 0.8671875 0.1201171875 0.029296875 0.029296875
0 0.931640625 0.1201171875 0.021484375 0.021484375
0 0.666015625 0.330078125 0.041015625 0.041015625
0 0.7333984375 0.2958984375 0.029296875 0.0283203125
0 0.7373046875 0.259765625 0.0595703125 0.056640625
0 0.740234375 0.2294921875 0.0361328125 0.0283203125
0 0.775390625 0.2421875 0.029296875 0.0283203125
0 0.7890625 0.181640625 0.0283203125 0.025390625
0 0.958984375 0.25390625 0.021484375 0.021484375
0 0.853515625 0.2568359375 0.0283203125 0.029296875
0 0.8876953125 0.3828125 0.0283203125 0.0283203125
0 0.8984375 0.359375 0.021484375 0.025390625
0 0.892578125 0.462890625 0.025390625 0.021484375
0 0.6572265625 0.2216796875 0.0439453125 0.0439453125
0 0.7666015625 0.384765625 0.0625 0.0625
0 0.7421875 0.380859375 0.021484375 0.0185546875
0 0.740234375 0.3662109375 0.025390625 0.0185546875
0 0.751953125 0.357421875 0.021484375 0.021484375
0 0.728515625 0.4521484375 0.037109375 0.037109375
0 0.7626953125 0.525390625 0.033203125 0.033203125
0 0.794921875 0.6171875 0.0732421875 0.0654296875
0 0.8037109375 0.5478515625 0.0283203125 0.029296875
0 0.900390625 0.6337890625 0.0732421875 0.0751953125
0 0.6865234375 0.5625 0.0546875 0.0546875
0 0.681640625 0.6337890625 0.021484375 0.0234375
0 0.7431640625 0.6904296875 0.041015625 0.048828125
0 0.9091796875 0.763671875 0.048828125 0.0517578125
0 0.92578125 0.8076171875 0.033203125 0.033203125
0 0.869140625 0.9765625 0.0546875 0.046875
0 0.8876953125 0.869140625 0.0185546875 0.021484375
0 0.8310546875 0.900390625 0.0439453125 0.046875
0 0.8349609375 0.857421875 0.0546875 0.048828125
0 0.857421875 0.8271484375 0.029296875 0.0283203125
0 0.8447265625 0.7314453125 0.0361328125 0.029296875
0 0.791015625 0.822265625 0.0546875 0.0546875
0 0.822265625 0.7958984375 0.0439453125 0.0439453125
0 0.857421875 0.748046875 0.0283203125 0.0185546875
0 0.78515625 0.751953125 0.0361328125 0.037109375
0 0.7421875 0.9130859375 0.021484375 0.0283203125
0 0.783203125 0.8828125 0.025390625 0.025390625
0 0.7373046875 0.958984375 0.015625 0.0185546875
0 0.64453125 0.9755859375 0.029296875 0.0283203125
0 0.591796875 0.943359375 0.0283203125 0.0283203125
0 0.6669921875 0.880859375 0.029296875 0.0361328125
0 0.708984375 0.869140625 0.0361328125 0.0361328125
0 0.7294921875 0.818359375 0.041015625 0.046875
0 0.64453125 0.77734375 0.029296875 0.029296875
0 0.6630859375 0.7724609375 0.0234375 0.0234375
0 0.70703125 0.7744140625 0.0361328125 0.037109375
0 0.572265625 0.8037109375 0.1298828125 0.1298828125
0 0.6123046875 0.724609375 0.0185546875 0.0185546875
0 0.689453125 0.72265625 0.0283203125 0.025390625
0 0.6923828125 0.6982421875 0.0595703125 0.0576171875
0 0.615234375 0.642578125 0.0517578125 0.0517578125
0 0.6162109375 0.517578125 0.0654296875 0.0576171875
0 0.6474609375 0.509765625 0.0185546875 0.021484375
0 0.59765625 0.5625 0.021484375 0.021484375
0 0.544921875 0.537109375 0.0546875 0.0546875
0 0.640625 0.423828125 0.0732421875 0.0703125
0 0.669921875 0.4521484375 0.021484375 0.0185546875
0 0.6796875 0.4375 0.025390625 0.0185546875
0 0.67578125 0.423828125 0.025390625 0.017578125
0 0.6669921875 0.4091796875 0.015625 0.0185546875
0 0.5869140625 0.298828125 0.0234375 0.0234375
0 0.609375 0.369140625 0.0625 0.0625
0 0.529296875 0.416015625 0.0517578125 0.048828125
0 0.556640625 0.42578125 0.025390625 0.021484375
0 0.427734375 0.462890625 0.0595703125 0.0576171875
0 0.478515625 0.390625 0.029296875 0.025390625
0 0.5126953125 0.39453125 0.0234375 0.025390625
0 0.5283203125 0.388671875 0.021484375 0.021484375
0 0.5556640625 0.390625 0.015625 0.0185546875
0 0.5849609375 0.388671875 0.021484375 0.0185546875
0 0.5869140625 0.4462890625 0.0234375 0.025390625
0 0.5205078125 0.263671875 0.076171875 0.078125
0 0.388671875 0.208984375 0.099609375 0.0986328125
0 0.3427734375 0.32421875 0.0576171875 0.046875
0 0.3271484375 0.28515625 0.041015625 0.037109375
0 0.3515625 0.2998046875 0.0283203125 0.029296875
0 0.365234375 0.251953125 0.0283203125 0.0283203125
0 0.380859375 0.2685546875 0.0361328125 0.029296875
0 0.4072265625 0.2578125 0.015625 0.021484375
0 0.42578125 0.27734375 0.0283203125 0.033203125
0 0.4931640625 0.2392578125 0.021484375 0.021484375
0 0.5078125 0.228515625 0.0283203125 0.025390625
0 0.5478515625 0.216796875 0.021484375 0.025390625
0 0.583984375 0.2333984375 0.0673828125 0.0673828125
0 0.5869140625 0.2626953125 0.021484375 0.021484375
0 0.603515625 0.2607421875 0.025390625 0.021484375
0 0.447265625 0.2373046875 0.0439453125 0.0439453125
0 0.40234375 0.345703125 0.0439453125 0.0439453125
0 0.4482421875 0.3388671875 0.021484375 0.021484375
0 0.439453125 0.318359375 0.033203125 0.033203125
0 0.4609375 0.3271484375 0.021484375 0.0185546875
0 0.3486328125 0.4189453125 0.0234375 0.021484375
0 0.39453125 0.392578125 0.0361328125 0.0361328125
0 0.4130859375 0.4091796875 0.017578125 0.0185546875
0 0.466796875 0.376953125 0.025390625 0.021484375
0 0.482421875 0.373046875 0.025390625 0.021484375
0 0.322265625 0.3759765625 0.0234375 0.0234375
0 0.47265625 0.6611328125 0.1142578125 0.107421875
0 0.490234375 0.591796875 0.0283203125 0.029296875
0 0.3515625 0.5068359375 0.0361328125 0.0361328125
0 0.39453125 0.1611328125 0.021484375 0.025390625
0 0.4091796875 0.166015625 0.0185546875 0.025390625
0 0.423828125 0.173828125 0.021484375 0.021484375
0 0.322265625 0.2333984375 0.021484375 0.021484375
0 0.232421875 0.255859375 0.033203125 0.029296875
0 0.2373046875 0.318359375 0.025390625 0.0234375
0 0.283203125 0.3017578125 0.033203125 0.029296875
0 0.2724609375 0.3671875 0.0439453125 0.0439453125
0 0.232421875 0.4228515625 0.0703125 0.0625
0 0.251953125 0.533203125 0.0517578125 0.0546875
0 0.3349609375 0.548828125 0.021484375 0.025390625
0 0.3828125 0.5771484375 0.0185546875 0.021484375
0 0.3125 0.5947265625 0.0361328125 0.0361328125
0 0.232421875 0.6220703125 0.029296875 0.033203125
0 0.095703125 0.6513671875 0.041015625 0.0439453125
0 0.0185546875 0.6337890625 0.0185546875 0.021484375
0 0.1298828125 0.7001953125 0.017578125 0.0185546875
0 0.013671875 0.7626953125 0.025390625 0.021484375
0 0.09765625 0.783203125 0.025390625 0.021484375
0 0.376953125 0.65234375 0.033203125 0.033203125
0 0.2314453125 0.677734375 0.033203125 0.033203125
0 0.263671875 0.677734375 0.046875 0.046875
0 0.2294921875 0.8076171875 0.09375 0.0986328125
0 0.240234375 0.736328125 0.0361328125 0.033203125
0 0.333984375 0.822265625 0.0234375 0.025390625
0 0.3515625 0.8076171875 0.0185546875 0.0185546875
0 0.306640625 0.890625 0.0234375 0.025390625
0 0.150390625 0.548828125 0.0986328125 0.0888671875
0 0.427734375 0.548828125 0.017578125 0.021484375
0 0.4326171875 0.52734375 0.033203125 0.0283203125
0 0.4482421875 0.4775390625 0.0283203125 0.021484375
0 0.447265625 0.5478515625 0.0283203125 0.015625
0 0.498046875 0.7109375 0.0283203125 0.0283203125
0 0.3095703125 0.74609375 0.033203125 0.0283203125
0 0.3203125 0.763671875 0.0283203125 0.0283203125
0 0.337890625 0.767578125 0.0234375 0.021484375
0 0.333984375 0.7431640625 0.029296875 0.0283203125
0 0.4482421875 0.841796875 0.0517578125 0.0517578125
0 0.462890625 0.865234375 0.021484375 0.025390625
0 0.4755859375 0.853515625 0.025390625 0.021484375
0 0.5390625 0.857421875 0.021484375 0.025390625
0 0.5576171875 0.8720703125 0.033203125 0.033203125
0 0.5849609375 0.873046875 0.029296875 0.0361328125
0 0.603515625 0.861328125 0.025390625 0.0283203125
0 0.6201171875 0.845703125 0.0283203125 0.0283203125