0 0.154296875 0.2958984375 0.0361328125 0.0419921875
0 0.1103515625 0.2568359375 0.015625 0.0185546875
0 0.107421875 0.3330078125 0.126953125 0.146484375
0 0.1396484375 0.4765625 0.0205078125 0.0234375
0 0.4521484375 0.4794921875 0.025390625 0.029296875
0 0.345703125 0.482421875 0.015625 0.0185546875
0 0.4033203125 0.4599609375 0.015625 0.0185546875
0 0.3740234375 0.486328125 0.0078125 0.0107421875
0 0.662109375 0.421875 0.0126953125 0.013671875
0 0.708984375 0.412109375 0.0205078125 0.0234375
0 0.060546875 0.685546875 0.013671875 0.015625
0 0.025390625 0.5576171875 0.0126953125 0.015625
0 0.599609375 0.580078125 0.1611328125 0.1904296875
0 0.6376953125 0.767578125 0.021484375 0.0263671875
0 0.4345703125 0.671875 0.212890625 0.25
0 0.6025390625 0.052734375 0.013671875 0.017578125
0 0.7333984375 0.0703125 0.0205078125 0.0234375
0 0.6845703125 0.08984375 0.0078125 0.0107421875
0 0.6630859375 0.0419921875 0.169921875 0.083984375
0 0.392578125 0.890625 0.1611328125 0.189453125
0 0.228515625 0.927734375 0.0205078125 0.0234375
0 0.2666015625 0.986328125 0.017578125 0.0205078125
0 0.630859375 0.353515625 0.009765625 0.009765625
0 0.7939453125 0.3076171875 0.0126953125 0.013671875
0 0.888671875 0.3388671875 0.017578125 0.0205078125
0 0.9580078125 0.326171875 0.03125 0.0361328125
0 0.8994140625 0.513671875 0.0283203125 0.033203125
0 0.9892578125 0.927734375 0.013671875 0.017578125
0 0.986328125 0.9873046875 0.013671875 0.015625
0 0.685546875 0.908203125 0.013671875 0.017578125
0 0.845703125 0.09765625 0.0126953125 0.013671875
0 0.9150390625 0.0126953125 0.0126953125 0.013671875
0 0.8818359375 0.142578125 0.013671875 0.017578125
0 0.9287109375 0.275390625 0.009765625 0.009765625
0 0.9580078125 0.2880859375 0.009765625 0.0107421875
0 0.5751953125 0.345703125 0.015625 0.0185546875
0 0.0703125 0.5703125 0.013671875 0.017578125
0 0.8798828125 0.634765625 0.015625 0.0185546875
0 0.533203125 0.3818359375 0.013671875 0.017578125
0 0.904296875 0.775390625 0.064453125 0.0751953125
0 0.6748046875 0.478515625 0.0078125 0.0107421875
0 0.037109375 0.1181640625 0.0283203125 0.033203125
0 0.072265625 0.2138671875 0.021484375 0.0263671875
0 0.013671875 0.3994140625 0.02734375 0.037109375
0 0.4921875 0.2548828125 0.0234375 0.029296875
0 0.6552734375 0.263671875 0.021484375 0.0234375
0 0.240234375 0.419921875 0.015625 0.0185546875
0 0.263671875 0.470703125 0.0205078125 0.0234375
0 0.310546875 0.50390625 0.021484375 0.0263671875
0 0.2216796875 0.501953125 0.015625 0.0185546875
0 0.26953125 0.578125 0.013671875 0.015625
0 0.154296875 0.82421875 0.015625 0.017578125
0 0.220703125 0.884765625 0.021484375 0.0234375
0 0.556640625 0.927734375 0.03125 0.0390625
0 0.6953125 0.7109375 0.0517578125 0.056640625
0 0.5732421875 0.984375 0.0361328125 0.03125
0 0.46875 0.9697265625 0.0205078125 0.0263671875
0 0.013671875 0.751953125 0.015625 0.0185546875
0 0.861328125 0.7978515625 0.044921875 0.0498046875
0 0.9248046875 0.18359375 0.103515625 0.1201171875
0 0.826171875 0.0732421875 0.021484375 0.0263671875
0 0.8466796875 0.4755859375 0.03125 0.0361328125
0 0.666015625 0.5166015625 0.015625 0.0185546875
0 0.697265625 0.4873046875 0.015625 0.0185546875
0 0.486328125 0.5625 0.013671875 0.015625
0 0.498046875 0.576171875 0.009765625 0.0126953125
0 0.927734375 0.529296875 0.013671875 0.017578125
0 0.9921875 0.5263671875 0.015625 0.017578125
0 0.478515625 0.3779296875 0.0107421875 0.0126953125
0 0.791015625 0.822265625 0.0126953125 0.015625
0 0.900390625 0.904296875 0.015625 0.0185546875
0 0.7421875 0.859375 0.009765625 0.0126953125
0 0.25390625 0.7353515625 0.0205078125 0.0263671875
0 0.7841796875 0.130859375 0.0048828125 0.009765625
0 0.3271484375 0.6982421875 0.005859375 0.0078125
0 0.244140625 0.0185546875 0.0185546875 0.021484375
0 0.880859375 0.4541015625 0.017578125 0.0205078125
0 0.6181640625 0.9482421875 0.017578125 0.0205078125
0 0.619140625 0.98828125 0.0283203125 0.0234375
0 0.748046875 0.7001953125 0.154296875 0.154296875
0 0.1630859375 0.1171875 0.216796875 0.232421875
0 0.3974609375 0.208984375 0.322265625 0.2548828125