0 0.080078125 0.228515625 0.0126953125 0.013671875
0 0.21484375 0.326171875 0.0205078125 0.0234375
0 0.4521484375 0.0361328125 0.009765625 0.0107421875
0 0.267578125 0.052734375 0.24609375 0.10546875
0 0.5498046875 0.6865234375 0.0185546875 0.021484375
0 0.599609375 0.646484375 0.0126953125 0.015625
0 0.634765625 0.576171875 0.0126953125 0.015625
0 0.3466796875 0.4443359375 0.0126953125 0.013671875
0 0.36328125 0.439453125 0.013671875 0.015625
0 0.39453125 0.48046875 0.0107421875 0.0126953125
0 0.46484375 0.4296875 0.009765625 0.0107421875
0 0.685546875 0.333984375 0.013671875 0.017578125
0 0.6328125 0.029296875 0.017578125 0.0205078125
0 0.69921875 0.072265625 0.017578125 0.0205078125
0 0.5322265625 0.0380859375 0.017578125 0.0205078125
0 0.435546875 0.1953125 0.119140625 0.138671875
0 0.5791015625 0.234375 0.0078125 0.0107421875
0 0.294921875 0.59765625 0.0078125 0.0107421875
0 0.2294921875 0.576171875 0.005859375 0.0078125
0 0.044921875 0.4638671875 0.0263671875 0.03125
0 0.8369140625 0.3603515625 0.025390625 0.029296875
0 0.6240234375 0.0556640625 0.015625 0.0185546875
0 0.98828125 0.927734375 0.015625 0.0185546875
0 0.9873046875 0.9873046875 0.015625 0.0185546875
0 0.7998046875 0.9931640625 0.0078125 0.0107421875
0 0.86328125 0.830078125 0.013671875 0.015625
0 0.8271484375 0.4345703125 0.009765625 0.0107421875
0 0.748046875 0.53125 0.021484375 0.0263671875
0 0.6767578125 0.4033203125 0.021484375 0.0263671875
0 0.6787109375 0.4833984375 0.013671875 0.017578125
0 0.75390625 0.013671875 0.0205078125 0.0234375
0 0.6962890625 0.6123046875 0.0078125 0.0107421875
0 0.5029296875 0.599609375 0.0703125 0.0810546875
0 0.09375 0.291015625 0.0234375 0.0283203125
0 0.181640625 0.447265625 0.0234375 0.0283203125
0 0.5439453125 0.2822265625 0.013671875 0.017578125
0 0.783203125 0.119140625 0.0126953125 0.013671875
0 0.4140625 0.6962890625 0.021484375 0.0263671875
0 0.3349609375 0.1044921875 0.03125 0.0341796875
0 0.322265625 0.146484375 0.021484375 0.0234375
0 0.4326171875 0.236328125 0.037109375 0.0439453125
0 0.48046875 0.337890625 0.0341796875 0.0419921875
0 0.0341796875 0.4482421875 0.0361328125 0.0419921875
0 0.1416015625 0.1806640625 0.013671875 0.0185546875
0 0.171875 0.1494140625 0.1953125 0.2216796875
0 0.57421875 0.35546875 0.0185546875 0.021484375
0 0.40234375 0.466796875 0.0205078125 0.021484375
0 0.423828125 0.513671875 0.0126953125 0.0126953125
0 0.01171875 0.255859375 0.0078125 0.009765625
0 0.080078125 0.6201171875 0.0234375 0.0283203125
0 0.283203125 0.6396484375 0.0283203125 0.03125
0 0.28125 0.6845703125 0.033203125 0.0390625
0 0.037109375 0.9423828125 0.0732421875 0.099609375
0 0.3037109375 0.818359375 0.0126953125 0.015625
0 0.2978515625 0.9599609375 0.015625 0.0185546875
0 0.314453125 0.669921875 0.0185546875 0.021484375
0 0.5009765625 0.716796875 0.033203125 0.041015625
0 0.404296875 0.67578125 0.015625 0.0185546875
0 0.490234375 0.931640625 0.0185546875 0.0283203125
0 0.583984375 0.9140625 0.025390625 0.03125
0 0.6103515625 0.9091796875 0.013671875 0.0185546875
0 0.38671875 0.072265625 0.0078125 0.0107421875
0 0.521484375 0.08203125 0.0126953125 0.015625
0 0.544921875 0.228515625 0.0263671875 0.03125
0 0.57421875 0.4365234375 0.0185546875 0.021484375
0 0.537109375 0.4033203125 0.0283203125 0.03125
0 0.2900390625 0.736328125 0.005859375 0.009765625
0 0.7490234375 0.21484375 0.0341796875 0.041015625
0 0.7001953125 0.185546875 0.021484375 0.025390625
0 0.748046875 0.0302734375 0.0107421875 0.0126953125
0 0.728515625 0.1650390625 0.0078125 0.009765625
0 0.7509765625 0.419921875 0.021484375 0.0263671875
0 0.705078125 0.453125 0.015625 0.0185546875
0 0.7783203125 0.2763671875 0.0078125 0.0078125
0 0.7060546875 0.53125 0.080078125 0.0966796875
0 0.6494140625 0.6298828125 0.0185546875 0.0205078125
0 0.6611328125 0.947265625 0.021484375 0.0283203125
0 0.7255859375 0.9931640625 0.0078125 0.009765625
0 0.814453125 0.78125 0.017578125 0.0205078125
0 0.724609375 0.845703125 0.1923828125 0.2216796875
0 0.61328125 0.052734375 0.009765625 0.0126953125
0 0.8564453125 0.0625 0.03125 0.0390625
0 0.9560546875 0.06640625 0.021484375 0.0283203125
0 0.9765625 0.3681640625 0.015625 0.0185546875
0 0.8603515625 0.29296875 0.015625 0.0185546875
0 0.951171875 0.234375 0.005859375 0.009765625
0 0.888671875 0.2431640625 0.009765625 0.0107421875
0 0.919921875 0.4208984375 0.0390625 0.046875
0 0.947265625 0.451171875 0.0126953125 0.013671875
0 0.876953125 0.8818359375 0.009765625 0.0107421875
0 0.6552734375 0.3388671875 0.0234375 0.0283203125
0 0.583984375 0.0107421875 0.033203125 0.021484375
0 0.7626953125 0.3759765625 0.0234375 0.03125
0 0.58203125 0.4931640625 0.173828125 0.1845703125
0 0.390625 0.3349609375 0.1904296875 0.2001953125
0 0.1484375 0.7880859375 0.296875 0.294921875