0 0.375 0.0537109375 0.037109375 0.0439453125
0 0.341796875 0.04296875 0.0078125 0.009765625
0 0.36328125 0.326171875 0.0205078125 0.0234375
0 0.451171875 0.23828125 0.009765625 0.0107421875
0 0.580078125 0.2900390625 0.025390625 0.029296875
0 0.0439453125 0.580078125 0.013671875 0.015625
0 0.3203125 0.958984375 0.0703125 0.0810546875
0 0.326171875 0.87890625 0.0234375 0.029296875
0 0.087890625 0.7958984375 0.005859375 0.0078125
0 0.333984375 0.9150390625 0.0205078125 0.0234375
0 0.275390625 0.9375 0.0283203125 0.033203125
0 0.5966796875 0.939453125 0.037109375 0.0439453125
0 0.1064453125 0.87890625 0.005859375 0.0078125
0 0.2333984375 0.984375 0.005859375 0.0078125
0 0.0283203125 0.044921875 0.015625 0.0185546875
0 0.419921875 0.0556640625 0.021484375 0.0263671875
0 0.287109375 0.4599609375 0.0205078125 0.0234375
0 0.505859375 0.443359375 0.0234375 0.0283203125
0 0.4609375 0.666015625 0.0078125 0.009765625
0 0.4609375 0.908203125 0.015625 0.0185546875
0 0.978515625 0.763671875 0.0263671875 0.03125
0 0.990234375 0.927734375 0.013671875 0.017578125
0 0.9873046875 0.9873046875 0.015625 0.0185546875
0 0.791015625 0.9755859375 0.015625 0.0185546875
0 0.845703125 0.888671875 0.072265625 0.0859375
0 0.8505859375 0.73046875 0.025390625 0.029296875
0 0.8681640625 0.0888671875 0.0205078125 0.0234375
0 0.8662109375 0.0234375 0.0234375 0.0283203125
0 0.8525390625 0.1923828125 0.0263671875 0.029296875
0 0.9345703125 0.193359375 0.013671875 0.017578125
0 0.9091796875 0.650390625 0.0078125 0.009765625
0 0.904296875 0.748046875 0.0126953125 0.0126953125
0 0.6787109375 0.736328125 0.0205078125 0.0234375
0 0.451171875 0.7841796875 0.025390625 0.0283203125
0 0.9033203125 0.5986328125 0.0234375 0.0283203125
0 0.6220703125 0.4150390625 0.0185546875 0.021484375
0 0.791015625 0.35546875 0.0107421875 0.0126953125
0 0.7431640625 0.236328125 0.0234375 0.0283203125
0 0.744140625 0.1884765625 0.0263671875 0.029296875
0 0.74609375 0.265625 0.0107421875 0.0126953125
0 0.912109375 0.251953125 0.0205078125 0.0234375
0 0.8798828125 0.15234375 0.013671875 0.015625
0 0.751953125 0.3916015625 0.0107421875 0.0126953125
0 0.7900390625 0.486328125 0.0126953125 0.013671875
0 0.6787109375 0.658203125 0.0126953125 0.0126953125
0 0.994140625 0.4638671875 0.0107421875 0.0185546875
0 0.642578125 0.330078125 0.0234375 0.0283203125
0 0.6005859375 0.548828125 0.0078125 0.0107421875
0 0.5859375 0.9814453125 0.013671875 0.017578125
0 0.033203125 0.1474609375 0.06640625 0.087890625
0 0.2666015625 0.080078125 0.0625 0.072265625
0 0.1728515625 0.1787109375 0.033203125 0.037109375
0 0.4970703125 0.111328125 0.025390625 0.029296875
0 0.6025390625 0.0556640625 0.052734375 0.0595703125
0 0.5205078125 0.2451171875 0.0341796875 0.041015625
0 0.19140625 0.443359375 0.0341796875 0.037109375
0 0.05078125 0.47265625 0.0185546875 0.021484375
0 0.138671875 0.462890625 0.017578125 0.0205078125
0 0.080078125 0.3681640625 0.0263671875 0.03125
0 0.0244140625 0.283203125 0.009765625 0.0126953125
0 0.322265625 0.5810546875 0.029296875 0.0341796875
0 0.2724609375 0.5771484375 0.017578125 0.0205078125
0 0.1669921875 0.669921875 0.0341796875 0.041015625
0 0.0927734375 0.6845703125 0.013671875 0.015625
0 0.09375 0.7099609375 0.013671875 0.0126953125
0 0.3798828125 0.701171875 0.0390625 0.0419921875
0 0.365234375 0.76171875 0.0341796875 0.0439453125
0 0.1728515625 0.826171875 0.150390625 0.166015625
0 0.115234375 0.91796875 0.021484375 0.0263671875
0 0.259765625 0.888671875 0.013671875 0.0185546875
0 0.345703125 0.845703125 0.013671875 0.015625
0 0.419921875 0.8701171875 0.021484375 0.0263671875
0 0.501953125 0.818359375 0.021484375 0.0263671875
0 0.3828125 0.9013671875 0.0234375 0.0263671875
0 0.24609375 0.970703125 0.0263671875 0.03125
0 0.2587890625 0.93359375 0.0205078125 0.021484375
0 0.20703125 0.962890625 0.0126953125 0.013671875
0 0.1923828125 0.970703125 0.0126953125 0.013671875
0 0.005859375 0.8291015625 0.0107421875 0.0107421875
0 0.0126953125 0.62890625 0.025390625 0.0673828125
0 0.04296875 0.5126953125 0.0107421875 0.0126953125
0 0.32421875 0.0888671875 0.0107421875 0.0126953125
0 0.443359375 0.0625 0.005859375 0.009765625
0 0.3603515625 0.5244140625 0.0361328125 0.041015625
0 0.513671875 0.73046875 0.0751953125 0.087890625
0 0.498046875 0.677734375 0.017578125 0.0185546875
0 0.32421875 0.6416015625 0.015625 0.017578125
0 0.30859375 0.62109375 0.013671875 0.015625
0 0.1884765625 0.6328125 0.005859375 0.0078125
0 0.6923828125 0.271484375 0.1044921875 0.115234375
0 0.77734375 0.236328125 0.021484375 0.0234375
0 0.806640625 0.18359375 0.017578125 0.0185546875
0 0.66796875 0.1806640625 0.0390625 0.0439453125
0 0.646484375 0.220703125 0.0283203125 0.0341796875
0 0.7685546875 0.1201171875 0.1064453125 0.1171875
0 0.732421875 0.06640625 0.0439453125 0.0517578125
0 0.7041015625 0.505859375 0.0595703125 0.068359375
0 0.849609375 0.462890625 0.0263671875 0.029296875
0 0.8046875 0.5244140625 0.0205078125 0.0263671875
0 0.607421875 0.4794921875 0.0419921875 0.0498046875
0 0.5078125 0.548828125 0.021484375 0.021484375
0 0.716796875 0.427734375 0.0205078125 0.0234375
0 0.6513671875 0.427734375 0.0205078125 0.021484375
0 0.580078125 0.5732421875 0.0107421875 0.015625
0 0.5654296875 0.6796875 0.0126953125 0.013671875
0 0.623046875 0.783203125 0.0205078125 0.021484375
0 0.7587890625 0.8125 0.017578125 0.0205078125
0 0.681640625 0.9345703125 0.041015625 0.046875
0 0.5712890625 0.982421875 0.013671875 0.015625
0 0.6298828125 0.693359375 0.0078125 0.009765625
0 0.677734375 0.568359375 0.0048828125 0.0078125
0 0.7333984375 0.7412109375 0.0078125 0.0107421875
0 0.8154296875 0.6953125 0.0126953125 0.013671875
0 0.5341796875 0.62890625 0.0185546875 0.0234375
0 0.615234375 0.29296875 0.0126953125 0.015625
0 0.546875 0.220703125 0.013671875 0.015625
0 0.474609375 0.3251953125 0.013671875 0.017578125
0 0.8671875 0.2255859375 0.013671875 0.015625
0 0.9580078125 0.2197265625 0.0263671875 0.03125
0 0.9736328125 0.400390625 0.013671875 0.015625
0 0.90234375 0.4013671875 0.0185546875 0.0205078125
0 0.8505859375 0.4169921875 0.015625 0.0185546875
0 0.7431640625 0.494140625 0.0126953125 0.015625
0 0.6669921875 0.4638671875 0.0078125 0.009765625
0 0.96875 0.5751953125 0.0234375 0.0263671875
0 0.849609375 0.80078125 0.015625 0.0185546875
0 0.896484375 0.978515625 0.0205078125 0.0234375
0 0.8740234375 0.9140625 0.0078125 0.0126953125
0 0.728515625 0.9716796875 0.0078125 0.009765625
0 0.677734375 0.865234375 0.03125 0.0341796875
0 0.9306640625 0.2333984375 0.025390625 0.029296875
0 0.962890625 0.2998046875 0.0283203125 0.0341796875
0 0.4814453125 0.486328125 0.0126953125 0.013671875
0 0.501953125 0.5185546875 0.0078125 0.0107421875
0 0.416015625 0.5068359375 0.013671875 0.017578125
0 0.4580078125 0.4765625 0.009765625 0.009765625
0 0.1923828125 0.5986328125 0.0205078125 0.0263671875
0 0.4150390625 0.2939453125 0.013671875 0.017578125
0 0.4677734375 0.1572265625 0.013671875 0.015625
0 0.2001953125 0.2880859375 0.296875 0.275390625
0 0.87890625 0.302734375 0.189453125 0.1796875