0 0.015625 0.083984375 0.017578125 0.0205078125
0 0.08203125 0.0986328125 0.0234375 0.0283203125
0 0.0947265625 0.1123046875 0.029296875 0.0361328125
0 0.1240234375 0.193359375 0.0234375 0.0283203125
0 0.205078125 0.15234375 0.029296875 0.033203125
0 0.2763671875 0.1337890625 0.0498046875 0.0576171875
0 0.2919921875 0.158203125 0.0263671875 0.029296875
0 0.3564453125 0.0166015625 0.021484375 0.025390625
0 0.5283203125 0.013671875 0.044921875 0.0263671875
0 0.4892578125 0.064453125 0.013671875 0.017578125
0 0.4892578125 0.1318359375 0.0234375 0.0263671875
0 0.56640625 0.111328125 0.0205078125 0.0234375
0 0.599609375 0.1279296875 0.0205078125 0.025390625
0 0.6171875 0.0966796875 0.025390625 0.029296875
0 0.6806640625 0.083984375 0.0205078125 0.021484375
0 0.3798828125 0.095703125 0.1376953125 0.154296875
0 0.1630859375 0.275390625 0.0205078125 0.0234375
0 0.423828125 0.2548828125 0.015625 0.0185546875
0 0.3525390625 0.2490234375 0.029296875 0.03125
0 0.3564453125 0.2314453125 0.013671875 0.015625
0 0.341796875 0.2666015625 0.0390625 0.046875
0 0.5166015625 0.3134765625 0.015625 0.0185546875
0 0.5439453125 0.38671875 0.0263671875 0.029296875
0 0.4736328125 0.388671875 0.0283203125 0.033203125
0 0.333984375 0.3701171875 0.0361328125 0.0419921875
0 0.3359375 0.412109375 0.0234375 0.0263671875
0 0.3603515625 0.42578125 0.0439453125 0.0498046875
0 0.2236328125 0.4091796875 0.025390625 0.029296875
0 0.251953125 0.4189453125 0.029296875 0.0361328125
0 0.044921875 0.3759765625 0.0888671875 0.1748046875
0 0.037109375 0.4033203125 0.0263671875 0.03125
0 0.0068359375 0.365234375 0.013671875 0.017578125
0 0.0283203125 0.537109375 0.033203125 0.037109375
0 0.0615234375 0.591796875 0.046875 0.0517578125
0 0.134765625 0.7548828125 0.26953125 0.318359375
0 0.4228515625 0.9384765625 0.0283203125 0.033203125
0 0.716796875 0.884765625 0.1669921875 0.1953125
0 0.87890625 0.8134765625 0.0107421875 0.0126953125
0 0.9140625 0.705078125 0.0126953125 0.015625
0 0.859375 0.5615234375 0.0185546875 0.021484375
0 0.818359375 0.583984375 0.0234375 0.0283203125
0 0.767578125 0.7001953125 0.197265625 0.212890625
0 0.982421875 0.3388671875 0.021484375 0.0234375
0 0.791015625 0.388671875 0.029296875 0.0361328125
0 0.7373046875 0.2041015625 0.015625 0.0205078125
0 0.8330078125 0.216796875 0.15625 0.171875
0 0.96875 0.0615234375 0.0263671875 0.0283203125
0 0.73828125 0.0107421875 0.03125 0.021484375
0 0.62109375 0.234375 0.013671875 0.0185546875
0 0.775390625 0.486328125 0.1171875 0.1357421875
0 0.85546875 0.9033203125 0.1044921875 0.1220703125
0 0.9541015625 0.876953125 0.091796875 0.1796875
0 0.5009765625 0.673828125 0.0126953125 0.013671875
0 0.482421875 0.724609375 0.197265625 0.212890625
0 0.3935546875 0.23828125 0.013671875 0.013671875
0 0.298828125 0.435546875 0.275390625 0.2861328125
0 0.310546875 0.736328125 0.013671875 0.017578125
0 0.392578125 0.78125 0.0126953125 0.013671875
0 0.357421875 0.7744140625 0.017578125 0.0205078125
0 0.314453125 0.80078125 0.013671875 0.017578125
0 0.0546875 0.8486328125 0.0205078125 0.0234375
0 0.9580078125 0.1943359375 0.0234375 0.029296875