0 0.3896484375 0.197265625 0.03125 0.0361328125
0 0.486328125 0.1708984375 0.0126953125 0.013671875
0 0.537109375 0.228515625 0.013671875 0.017578125
0 0.6123046875 0.326171875 0.0205078125 0.0234375
0 0.466796875 0.3232421875 0.0126953125 0.013671875
0 0.080078125 0.2587890625 0.005859375 0.0078125
0 0.1728515625 0.3193359375 0.009765625 0.0107421875
0 0.0478515625 0.205078125 0.021484375 0.025390625
0 0.07421875 0.21484375 0.0185546875 0.021484375
0 0.05859375 0.037109375 0.0205078125 0.0234375
0 0.0419921875 0.181640625 0.0126953125 0.015625
0 0.12109375 0.443359375 0.015625 0.0185546875
0 0.5283203125 0.4091796875 0.0185546875 0.021484375
0 0.5341796875 0.4873046875 0.0595703125 0.0703125
0 0.212890625 0.6357421875 0.0078125 0.0078125
0 0.3955078125 0.875 0.03125 0.0361328125
0 0.251953125 0.9140625 0.033203125 0.037109375
0 0.1982421875 0.970703125 0.0107421875 0.0126953125
0 0.099609375 0.9697265625 0.0048828125 0.0078125
0 0.416015625 0.9365234375 0.0107421875 0.0126953125
0 0.03515625 0.58984375 0.009765625 0.0107421875
0 0.18359375 0.626953125 0.0126953125 0.0126953125
0 0.431640625 0.3935546875 0.013671875 0.015625
0 0.2861328125 0.373046875 0.0205078125 0.0234375
0 0.419921875 0.041015625 0.0205078125 0.0234375
0 0.3134765625 0.150390625 0.044921875 0.052734375
0 0.31640625 0.068359375 0.025390625 0.0283203125
0 0.291015625 0.240234375 0.166015625 0.1953125
0 0.537109375 0.5947265625 0.015625 0.0185546875
0 0.478515625 0.591796875 0.0107421875 0.0126953125
0 0.302734375 0.7373046875 0.0283203125 0.03125
0 0.970703125 0.751953125 0.0263671875 0.03125
0 0.9248046875 0.7666015625 0.0234375 0.0283203125
0 0.892578125 0.7568359375 0.015625 0.0185546875
0 0.986328125 0.986328125 0.013671875 0.015625
0 0.8740234375 0.44140625 0.0283203125 0.033203125
0 0.7060546875 0.333984375 0.0263671875 0.03125
0 0.701171875 0.2373046875 0.013671875 0.017578125
0 0.8232421875 0.08203125 0.0205078125 0.0234375
0 0.9345703125 0.087890625 0.021484375 0.0263671875
0 0.7763671875 0.158203125 0.0078125 0.009765625
0 0.9033203125 0.0947265625 0.0078125 0.009765625
0 0.74609375 0.509765625 0.0185546875 0.021484375
0 0.8203125 0.578125 0.0205078125 0.0234375
0 0.619140625 0.068359375 0.16015625 0.13671875
0 0.3955078125 0.1064453125 0.013671875 0.015625
0 0.560546875 0.6201171875 0.017578125 0.0205078125
0 0.615234375 0.806640625 0.013671875 0.017578125
0 0.0185546875 0.966796875 0.025390625 0.029296875
0 0.1298828125 0.6220703125 0.017578125 0.0205078125
0 0.041015625 0.642578125 0.013671875 0.017578125
0 0.9384765625 0.4912109375 0.0546875 0.0654296875
0 0.275390625 0.1259765625 0.0205078125 0.0234375
0 0.201171875 0.123046875 0.0185546875 0.021484375
0 0.244140625 0.2490234375 0.0263671875 0.03125
0 0.083984375 0.2353515625 0.0205078125 0.0263671875
0 0.3359375 0.306640625 0.052734375 0.0595703125
0 0.3876953125 0.240234375 0.013671875 0.017578125
0 0.3515625 0.1962890625 0.013671875 0.015625
0 0.4482421875 0.046875 0.013671875 0.017578125
0 0.1357421875 0.1484375 0.0234375 0.0263671875
0 0.4052734375 0.71875 0.181640625 0.2060546875
0 0.1240234375 0.81640625 0.234375 0.25
0 0.021484375 0.7275390625 0.0283203125 0.0341796875
0 0.353515625 0.880859375 0.056640625 0.0673828125
0 0.4501953125 0.904296875 0.0263671875 0.033203125
0 0.470703125 0.91796875 0.0283203125 0.033203125
0 0.556640625 0.783203125 0.0341796875 0.0390625
0 0.5361328125 0.7587890625 0.0390625 0.0517578125
0 0.447265625 0.9716796875 0.0439453125 0.046875
0 0.326171875 0.822265625 0.017578125 0.021484375
0 0.4931640625 0.6455078125 0.021484375 0.0283203125
0 0.435546875 0.4931640625 0.0185546875 0.021484375
0 0.4951171875 0.5390625 0.009765625 0.0107421875
0 0.3642578125 0.53125 0.017578125 0.0185546875
0 0.2197265625 0.0986328125 0.015625 0.0185546875
0 0.205078125 0.091796875 0.017578125 0.0205078125
0 0.0107421875 0.236328125 0.021484375 0.0283203125
0 0.4091796875 0.1923828125 0.009765625 0.009765625
0 0.3935546875 0.36328125 0.013671875 0.015625
0 0.609375 0.2294921875 0.013671875 0.0185546875
0 0.6201171875 0.294921875 0.03125 0.03125
0 0.703125 0.4208984375 0.1376953125 0.1533203125
0 0.3935546875 0.4638671875 0.033203125 0.037109375
0 0.625 0.607421875 0.044921875 0.0517578125
0 0.77734375 0.724609375 0.037109375 0.0439453125
0 0.724609375 0.677734375 0.015625 0.0205078125
0 0.6826171875 0.654296875 0.0078125 0.0107421875
0 0.716796875 0.689453125 0.0126953125 0.0126953125
0 0.708984375 0.814453125 0.013671875 0.017578125
0 0.8466796875 0.7900390625 0.025390625 0.029296875
0 0.833984375 0.931640625 0.068359375 0.080078125
0 0.4921875 0.9423828125 0.021484375 0.0234375
0 0.5478515625 0.4208984375 0.0283203125 0.033203125
0 0.4228515625 0.4296875 0.0126953125 0.0126953125
0 0.861328125 0.2021484375 0.029296875 0.0341796875
0 0.8994140625 0.16796875 0.0126953125 0.013671875
0 0.869140625 0.091796875 0.025390625 0.0283203125
0 0.818359375 0.017578125 0.0263671875 0.03125
0 0.8818359375 0.5966796875 0.1123046875 0.1298828125
0 0.919921875 0.7177734375 0.009765625 0.0078125
0 0.9580078125 0.62890625 0.009765625 0.0126953125
0 0.6767578125 0.9208984375 0.0205078125 0.021484375
0 0.9873046875 0.927734375 0.015625 0.0205078125
0 0.7998046875 0.8291015625 0.0205078125 0.0263671875
0 0.677734375 0.337890625 0.017578125 0.0205078125
0 0.794921875 0.1953125 0.0078125 0.0107421875
0 0.6494140625 0.681640625 0.0078125 0.0126953125
0 0.548828125 0.849609375 0.015625 0.0185546875
0 0.978515625 0.427734375 0.0283203125 0.029296875
0 0.7470703125 0.2919921875 0.0283203125 0.0341796875
0 0.7001953125 0.0322265625 0.017578125 0.0205078125
0 0.8046875 0.068359375 0.0107421875 0.0107421875
0 0.244140625 0.51171875 0.009765625 0.0107421875
0 0.0634765625 0.3857421875 0.125 0.251953125