0 0.390625 0.0634765625 0.0361328125 0.0419921875
0 0.5791015625 0.052734375 0.0654296875 0.076171875
0 0.2197265625 0.419921875 0.0361328125 0.0419921875
0 0.138671875 0.431640625 0.021484375 0.0263671875
0 0.1025390625 0.4599609375 0.013671875 0.017578125
0 0.353515625 0.2177734375 0.013671875 0.015625
0 0.5654296875 0.2666015625 0.0205078125 0.0234375
0 0.572265625 0.4599609375 0.03125 0.0361328125
0 0.654296875 0.224609375 0.0234375 0.0283203125
0 0.599609375 0.166015625 0.025390625 0.029296875
0 0.171875 0.666015625 0.0205078125 0.0234375
0 0.0673828125 0.775390625 0.0205078125 0.0234375
0 0.0517578125 0.791015625 0.013671875 0.017578125
0 0.166015625 0.8115234375 0.015625 0.0185546875
0 0.009765625 0.7099609375 0.013671875 0.017578125
0 0.3359375 0.896484375 0.021484375 0.0263671875
0 0.2509765625 0.982421875 0.0185546875 0.021484375
0 0.560546875 0.599609375 0.0234375 0.0283203125
0 0.609375 0.5361328125 0.017578125 0.0205078125
0 0.5400390625 0.5693359375 0.0126953125 0.015625
0 0.48046875 0.52734375 0.0205078125 0.0234375
0 0.0185546875 0.158203125 0.021484375 0.025390625
0 0.208984375 0.068359375 0.0126953125 0.0126953125
0 0.5048828125 0.8671875 0.029296875 0.0341796875
0 0.5400390625 0.8818359375 0.0185546875 0.021484375
0 0.576171875 0.837890625 0.015625 0.0185546875
0 0.5830078125 0.7734375 0.013671875 0.017578125
0 0.4814453125 0.841796875 0.15625 0.1845703125
0 0.115234375 0.9609375 0.021484375 0.0263671875
0 0.2890625 0.9033203125 0.0107421875 0.0126953125
0 0.466796875 0.572265625 0.013671875 0.017578125
0 0.5263671875 0.697265625 0.013671875 0.017578125
0 0.5947265625 0.7041015625 0.013671875 0.017578125
0 0.6025390625 0.654296875 0.0126953125 0.0126953125
0 0.59765625 0.8134765625 0.0205078125 0.0234375
0 0.162109375 0.26953125 0.013671875 0.015625
0 0.0634765625 0.619140625 0.0107421875 0.0126953125
0 0.876953125 0.2392578125 0.033203125 0.037109375
0 0.71484375 0.1611328125 0.037109375 0.0439453125
0 0.9931640625 0.361328125 0.013671875 0.0185546875
0 0.9931640625 0.1923828125 0.013671875 0.021484375
0 0.9345703125 0.185546875 0.0888671875 0.103515625
0 0.8154296875 0.1083984375 0.017578125 0.0205078125
0 0.83984375 0.2978515625 0.013671875 0.017578125
0 0.7451171875 0.3212890625 0.0185546875 0.021484375
0 0.88671875 0.509765625 0.013671875 0.017578125
0 0.9111328125 0.5185546875 0.0126953125 0.0126953125
0 0.921875 0.626953125 0.0185546875 0.021484375
0 0.8984375 0.697265625 0.015625 0.0185546875
0 0.8203125 0.1552734375 0.1435546875 0.1689453125
0 0.8271484375 0.8515625 0.0107421875 0.0126953125
0 0.546875 0.068359375 0.0234375 0.0283203125
0 0.681640625 0.7099609375 0.021484375 0.0263671875
0 0.6962890625 0.892578125 0.0185546875 0.021484375
0 0.12890625 0.3623046875 0.0263671875 0.03125
0 0.6923828125 0.0673828125 0.0283203125 0.03125
0 0.310546875 0.201171875 0.046875 0.0546875
0 0.2890625 0.5634765625 0.0234375 0.0283203125
0 0.599609375 0.423828125 0.021484375 0.0263671875
0 0.640625 0.4677734375 0.029296875 0.0341796875
0 0.4482421875 0.189453125 0.009765625 0.009765625
0 0.271484375 0.0126953125 0.0078125 0.0107421875
0 0.3994140625 0.38671875 0.0078125 0.009765625
0 0.0361328125 0.595703125 0.013671875 0.015625
0 0.9462890625 0.359375 0.005859375 0.0078125
0 0.7607421875 0.0068359375 0.013671875 0.013671875
0 0.607421875 0.095703125 0.013671875 0.017578125
0 0.759765625 0.4462890625 0.0107421875 0.0126953125
0 0.8095703125 0.6396484375 0.0234375 0.0283203125
0 0.57421875 0.923828125 0.009765625 0.0107421875
0 0.1953125 0.2177734375 0.0859375 0.1015625
0 0.134765625 0.08984375 0.0498046875 0.0576171875
0 0.3515625 0.158203125 0.033203125 0.0390625
0 0.501953125 0.169921875 0.03125 0.033203125
0 0.427734375 0.341796875 0.0185546875 0.021484375
0 0.423828125 0.37109375 0.033203125 0.0361328125
0 0.25 0.4150390625 0.029296875 0.03125
0 0.2646484375 0.384765625 0.0185546875 0.021484375
0 0.1904296875 0.4560546875 0.0263671875 0.029296875
0 0.0732421875 0.36328125 0.0185546875 0.0185546875
0 0.0537109375 0.2138671875 0.0185546875 0.0205078125
0 0.09375 0.51171875 0.021484375 0.0234375
0 0.3447265625 0.54296875 0.0283203125 0.033203125
0 0.2578125 0.7978515625 0.0361328125 0.041015625
0 0.138671875 0.736328125 0.037109375 0.041015625
0 0.1416015625 0.779296875 0.044921875 0.0517578125
0 0.0615234375 0.845703125 0.0341796875 0.0419921875
0 0.033203125 0.8544921875 0.0205078125 0.0263671875
0 0.158203125 0.9248046875 0.017578125 0.021484375
0 0.0576171875 0.6650390625 0.0205078125 0.021484375
0 0.0185546875 0.63671875 0.021484375 0.0263671875
0 0.3173828125 0.65625 0.0185546875 0.021484375
0 0.7373046875 0.259765625 0.033203125 0.0390625
0 0.763671875 0.419921875 0.0283203125 0.0341796875
0 0.7060546875 0.388671875 0.021484375 0.0263671875
0 0.734375 0.40234375 0.0185546875 0.021484375
0 0.712890625 0.3642578125 0.0234375 0.0263671875
0 0.4443359375 0.5224609375 0.013671875 0.015625
0 0.556640625 0.513671875 0.0263671875 0.03125
0 0.041015625 0.4794921875 0.0205078125 0.021484375
0 0.228515625 0.107421875 0.0107421875 0.0126953125
0 0.0400390625 0.931640625 0.0126953125 0.013671875
0 0.521484375 0.947265625 0.0185546875 0.0185546875
0 0.5361328125 0.939453125 0.0185546875 0.021484375
0 0.591796875 0.912109375 0.021484375 0.0234375
0 0.6337890625 0.783203125 0.0234375 0.0283203125
0 0.544921875 0.7646484375 0.021484375 0.021484375
0 0.5458984375 0.65625 0.0234375 0.029296875
0 0.646484375 0.615234375 0.021484375 0.0234375
0 0.458984375 0.8125 0.0078125 0.009765625
0 0.3974609375 0.95703125 0.017578125 0.0205078125
0 0.689453125 0.7861328125 0.021484375 0.0263671875
0 0.6708984375 0.8720703125 0.0078125 0.009765625
0 0.814453125 0.935546875 0.033203125 0.037109375
0 0.9453125 0.9638671875 0.013671875 0.017578125
0 0.8154296875 0.673828125 0.025390625 0.03125
0 0.953125 0.62890625 0.048828125 0.0576171875
0 0.8955078125 0.638671875 0.0234375 0.0283203125
0 0.890625 0.447265625 0.0283203125 0.033203125
0 0.818359375 0.2607421875 0.015625 0.015625
0 0.69921875 0.5615234375 0.0126953125 0.0126953125
0 0.8857421875 0.1171875 0.0283203125 0.029296875
0 0.771484375 0.0380859375 0.021484375 0.025390625