0 0.31640625 0.2470703125 0.0263671875 0.03125
0 0.556640625 0.099609375 0.025390625 0.029296875
0 0.7666015625 0.072265625 0.033203125 0.0390625
0 0.5 0.1484375 0.013671875 0.017578125
0 0.3818359375 0.1591796875 0.021484375 0.025390625
0 0.2060546875 0.318359375 0.017578125 0.0205078125
0 0.2431640625 0.48046875 0.0205078125 0.0234375
0 0.337890625 0.537109375 0.0595703125 0.0703125
0 0.416015625 0.5068359375 0.0234375 0.0283203125
0 0.0322265625 0.5498046875 0.03125 0.037109375
0 0.4794921875 0.34375 0.158203125 0.185546875
0 0.3271484375 0.345703125 0.15625 0.1845703125
0 0.2177734375 0.166015625 0.021484375 0.025390625
0 0.1083984375 0.033203125 0.0107421875 0.0126953125
0 0.1923828125 0.0419921875 0.1220703125 0.083984375
0 0.638671875 0.138671875 0.009765625 0.009765625
0 0.0087890625 0.9580078125 0.017578125 0.029296875
0 0.646484375 0.8583984375 0.009765625 0.0107421875
0 0.5849609375 0.724609375 0.0205078125 0.0234375
0 0.626953125 0.626953125 0.015625 0.0185546875
0 0.4453125 0.662109375 0.0185546875 0.021484375
0 0.02734375 0.6923828125 0.013671875 0.015625
0 0.0302734375 0.97265625 0.0126953125 0.013671875
0 0.048828125 0.0234375 0.09765625 0.046875
0 0.916015625 0.1484375 0.0390625 0.046875
0 0.939453125 0.259765625 0.0126953125 0.013671875
0 0.916015625 0.169921875 0.015625 0.0185546875
0 0.6796875 0.1748046875 0.013671875 0.017578125
0 0.736328125 0.439453125 0.0185546875 0.021484375
0 0.986328125 0.513671875 0.0107421875 0.0126953125
0 0.779296875 0.578125 0.0205078125 0.0234375
0 0.892578125 0.7001953125 0.03125 0.0361328125
0 0.916015625 0.85546875 0.013671875 0.017578125
0 0.9599609375 0.6923828125 0.0126953125 0.0126953125
0 0.82421875 0.9873046875 0.0205078125 0.0234375
0 0.9345703125 0.4287109375 0.021484375 0.0263671875
0 0.9873046875 0.9873046875 0.013671875 0.017578125
0 0.4384765625 0.0361328125 0.197265625 0.072265625
0 0.61328125 0.3134765625 0.041015625 0.046875
0 0.0888671875 0.2255859375 0.029296875 0.033203125
0 0.134765625 0.271484375 0.0185546875 0.021484375
0 0.064453125 0.28515625 0.0185546875 0.021484375
0 0.0791015625 0.3623046875 0.017578125 0.0185546875
0 0.162109375 0.1611328125 0.015625 0.017578125
0 0.27734375 0.1650390625 0.033203125 0.0390625
0 0.3671875 0.216796875 0.013671875 0.0185546875
0 0.3876953125 0.26953125 0.013671875 0.015625
0 0.1767578125 0.015625 0.025390625 0.03125
0 0.0703125 0.1201171875 0.015625 0.0185546875
0 0.4658203125 0.1884765625 0.0205078125 0.0234375
0 0.248046875 0.2080078125 0.0126953125 0.013671875
0 0.2841796875 0.197265625 0.013671875 0.015625
0 0.205078125 0.51953125 0.025390625 0.0283203125
0 0.1025390625 0.439453125 0.013671875 0.015625
0 0.1328125 0.642578125 0.0205078125 0.0234375
0 0.060546875 0.6865234375 0.009765625 0.0107421875
0 0.091796875 0.697265625 0.0419921875 0.0439453125
0 0.2734375 0.6318359375 0.0185546875 0.021484375
0 0.3330078125 0.744140625 0.0341796875 0.0419921875
0 0.212890625 0.7734375 0.0234375 0.0263671875
0 0.275390625 0.775390625 0.0234375 0.0283203125
0 0.318359375 0.595703125 0.015625 0.0185546875
0 0.361328125 0.6494140625 0.0205078125 0.021484375
0 0.408203125 0.6044921875 0.017578125 0.021484375
0 0.208984375 0.625 0.0126953125 0.013671875
0 0.1875 0.865234375 0.013671875 0.017578125
0 0.2275390625 0.8896484375 0.0078125 0.0107421875
0 0.3564453125 0.919921875 0.037109375 0.0419921875
0 0.4462890625 0.9384765625 0.033203125 0.0390625
0 0.3857421875 0.837890625 0.0185546875 0.0234375
0 0.3798828125 0.8525390625 0.0126953125 0.0126953125
0 0.0439453125 0.869140625 0.017578125 0.0185546875
0 0.0234375 0.8203125 0.025390625 0.029296875
0 0.142578125 0.845703125 0.021484375 0.0234375
0 0.3173828125 0.271484375 0.0078125 0.0078125
0 0.470703125 0.3671875 0.0625 0.0703125
0 0.482421875 0.4921875 0.017578125 0.017578125
0 0.5234375 0.0400390625 0.0341796875 0.0390625
0 0.634765625 0.44140625 0.03125 0.037109375
0 0.5751953125 0.4384765625 0.021484375 0.0263671875
0 0.548828125 0.263671875 0.0126953125 0.0126953125
0 0.52734375 0.5263671875 0.037109375 0.0419921875
0 0.5439453125 0.685546875 0.0126953125 0.015625
0 0.5986328125 0.5302734375 0.033203125 0.037109375
0 0.5615234375 0.5029296875 0.0205078125 0.0234375
0 0.65625 0.9208984375 0.03125 0.033203125
0 0.623046875 0.990234375 0.013671875 0.015625
0 0.7421875 0.712890625 0.0361328125 0.037109375
0 0.7080078125 0.7646484375 0.03125 0.03125
0 0.642578125 0.7353515625 0.0205078125 0.0234375
0 0.6259765625 0.755859375 0.021484375 0.0263671875
0 0.673828125 0.98046875 0.0048828125 0.0078125
0 0.4765625 0.7158203125 0.013671875 0.015625
0 0.7275390625 0.525390625 0.0283203125 0.0341796875
0 0.734375 0.6103515625 0.041015625 0.046875
0 0.56640625 0.763671875 0.013671875 0.017578125
0 0.494140625 0.978515625 0.005859375 0.0078125
0 0.564453125 0.912109375 0.0048828125 0.0078125
0 0.6865234375 0.109375 0.0048828125 0.0078125
0 0.7392578125 0.26171875 0.0341796875 0.0439453125
0 0.193359375 0.1259765625 0.013671875 0.0185546875
0 0.5439453125 0.2978515625 0.0126953125 0.015625
0 0.369140625 0.5966796875 0.005859375 0.0078125
0 0.6591796875 0.384765625 0.0126953125 0.013671875
0 0.8193359375 0.107421875 0.0703125 0.080078125
0 0.857421875 0.177734375 0.03125 0.033203125
0 0.6337890625 0.0205078125 0.0625 0.041015625
0 0.7802734375 0.34375 0.0205078125 0.0263671875
0 0.83984375 0.40234375 0.021484375 0.0263671875
0 0.798828125 0.4423828125 0.021484375 0.0234375
0 0.8779296875 0.5908203125 0.009765625 0.0107421875
0 0.857421875 0.6767578125 0.013671875 0.0126953125
0 0.8134765625 0.79296875 0.0234375 0.029296875
0 0.7919921875 0.814453125 0.0234375 0.0263671875
0 0.931640625 0.884765625 0.013671875 0.015625
0 0.943359375 0.712890625 0.033203125 0.037109375
0 0.904296875 0.8828125 0.0078125 0.009765625
0 0.92578125 0.314453125 0.0263671875 0.029296875
0 0.9677734375 0.14453125 0.044921875 0.048828125
0 0.966796875 0.013671875 0.0205078125 0.0234375
0 0.90234375 0.48828125 0.0205078125 0.021484375
0 0.9892578125 0.927734375 0.013671875 0.017578125
0 0.783203125 0.2890625 0.0107421875 0.0107421875
0 0.3330078125 0.318359375 0.0185546875 0.0185546875