0 0.185546875 0.3623046875 0.03125 0.037109375
0 0.31640625 0.375 0.0185546875 0.021484375
0 0.0517578125 0.068359375 0.015625 0.0185546875
0 0.0302734375 0.107421875 0.037109375 0.0419921875
0 0.1240234375 0.0810546875 0.0390625 0.044921875
0 0.2119140625 0.0986328125 0.015625 0.0185546875
0 0.2314453125 0.095703125 0.017578125 0.0205078125
0 0.21484375 0.044921875 0.017578125 0.0205078125
0 0.2998046875 0.046875 0.0283203125 0.0341796875
0 0.3212890625 0.0849609375 0.0185546875 0.021484375
0 0.296875 0.119140625 0.0234375 0.0263671875
0 0.376953125 0.1552734375 0.009765625 0.0107421875
0 0.4287109375 0.087890625 0.0107421875 0.0107421875
0 0.42578125 0.0087890625 0.021484375 0.017578125
0 0.6005859375 0.01171875 0.0234375 0.0234375
0 0.5986328125 0.0439453125 0.0234375 0.0263671875
0 0.564453125 0.064453125 0.0126953125 0.015625
0 0.7265625 0.044921875 0.017578125 0.0185546875
0 0.76171875 0.111328125 0.0185546875 0.0205078125
0 0.7607421875 0.076171875 0.015625 0.0185546875
0 0.8984375 0.107421875 0.013671875 0.0185546875
0 0.865234375 0.046875 0.013671875 0.015625
0 0.966796875 0.08984375 0.013671875 0.013671875
0 0.8935546875 0.228515625 0.0234375 0.0283203125
0 0.890625 0.29296875 0.0205078125 0.0234375
0 0.93359375 0.326171875 0.03125 0.0361328125
0 0.98828125 0.298828125 0.0234375 0.037109375
0 0.751953125 0.283203125 0.009765625 0.009765625
0 0.787109375 0.2822265625 0.0205078125 0.0263671875
0 0.7666015625 0.2939453125 0.033203125 0.037109375
0 0.76953125 0.3583984375 0.013671875 0.015625
0 0.8603515625 0.435546875 0.0126953125 0.013671875
0 0.8369140625 0.4970703125 0.0185546875 0.021484375
0 0.8427734375 0.5234375 0.029296875 0.0361328125
0 0.947265625 0.4755859375 0.0126953125 0.013671875
0 0.955078125 0.560546875 0.041015625 0.0439453125
0 0.9423828125 0.576171875 0.021484375 0.0234375
0 0.9404296875 0.7216796875 0.013671875 0.015625
0 0.9150390625 0.7978515625 0.021484375 0.0263671875
0 0.87109375 0.833984375 0.0234375 0.0263671875
0 0.857421875 0.7890625 0.013671875 0.017578125
0 0.974609375 0.908203125 0.025390625 0.029296875
0 0.98828125 0.927734375 0.015625 0.0185546875
0 0.9873046875 0.986328125 0.015625 0.0185546875
0 0.85546875 0.9580078125 0.009765625 0.0107421875
0 0.830078125 0.9931640625 0.015625 0.013671875
0 0.826171875 0.873046875 0.03125 0.037109375
0 0.748046875 0.94140625 0.0107421875 0.0126953125
0 0.767578125 0.9267578125 0.0185546875 0.021484375
0 0.75390625 0.8583984375 0.03125 0.037109375
0 0.810546875 0.689453125 0.015625 0.0205078125
0 0.802734375 0.7470703125 0.0107421875 0.0126953125
0 0.6865234375 0.75390625 0.015625 0.0185546875
0 0.6748046875 0.6650390625 0.015625 0.0205078125
0 0.791015625 0.6123046875 0.048828125 0.0576171875
0 0.5830078125 0.5029296875 0.03125 0.0361328125
0 0.6171875 0.6328125 0.0107421875 0.0126953125
0 0.578125 0.642578125 0.009765625 0.0107421875
0 0.541015625 0.734375 0.015625 0.0185546875
0 0.57421875 0.927734375 0.0234375 0.0283203125
0 0.4775390625 0.9248046875 0.0185546875 0.021484375
0 0.525390625 0.9462890625 0.015625 0.0185546875
0 0.4580078125 0.947265625 0.033203125 0.0390625
0 0.3701171875 0.8876953125 0.0107421875 0.0126953125
0 0.4248046875 0.9169921875 0.0361328125 0.0439453125
0 0.1474609375 0.900390625 0.025390625 0.029296875
0 0.208984375 0.9326171875 0.025390625 0.029296875
0 0.23046875 0.927734375 0.015625 0.0185546875
0 0.01953125 0.935546875 0.013671875 0.015625
0 0.0419921875 0.9013671875 0.029296875 0.0341796875
0 0.0771484375 0.84375 0.013671875 0.015625
0 0.1162109375 0.810546875 0.0205078125 0.021484375
0 0.3681640625 0.755859375 0.0234375 0.0263671875
0 0.3232421875 0.755859375 0.013671875 0.017578125
0 0.3232421875 0.78125 0.0107421875 0.0126953125
0 0.2578125 0.8251953125 0.0234375 0.0263671875
0 0.28515625 0.8359375 0.0107421875 0.0126953125
0 0.330078125 0.716796875 0.015625 0.0185546875
0 0.298828125 0.595703125 0.0234375 0.0283203125
0 0.236328125 0.65625 0.0205078125 0.021484375
0 0.052734375 0.7021484375 0.009765625 0.0107421875
0 0.017578125 0.5888671875 0.0185546875 0.021484375
0 0.11328125 0.537109375 0.0263671875 0.03125
0 0.099609375 0.5322265625 0.0185546875 0.021484375
0 0.1943359375 0.5107421875 0.0263671875 0.03125
0 0.1826171875 0.525390625 0.0185546875 0.0205078125
0 0.1435546875 0.462890625 0.0185546875 0.021484375
0 0.009765625 0.4931640625 0.017578125 0.0341796875
0 0.037109375 0.4423828125 0.015625 0.0185546875
0 0.1337890625 0.4130859375 0.0107421875 0.0126953125
0 0.1962890625 0.201171875 0.0234375 0.0283203125
0 0.357421875 0.255859375 0.046875 0.056640625
0 0.3564453125 0.3779296875 0.064453125 0.076171875
0 0.3271484375 0.3974609375 0.0107421875 0.0126953125
0 0.474609375 0.3486328125 0.015625 0.0185546875
0 0.552734375 0.3642578125 0.0283203125 0.03125
0 0.5947265625 0.388671875 0.0234375 0.029296875
0 0.5703125 0.4267578125 0.017578125 0.0205078125
0 0.478515625 0.46484375 0.025390625 0.029296875
0 0.275390625 0.490234375 0.0283203125 0.033203125
0 0.36328125 0.51953125 0.0107421875 0.0126953125
0 0.6123046875 0.9228515625 0.0361328125 0.0419921875
0 0.5703125 0.9814453125 0.013671875 0.013671875
0 0.51953125 0.7490234375 0.0107421875 0.0126953125
0 0.328125 0.591796875 0.0205078125 0.0234375
0 0.439453125 0.5615234375 0.0234375 0.0263671875
0 0.564453125 0.337890625 0.015625 0.017578125
0 0.8837890625 0.1044921875 0.013671875 0.017578125