0 0.033203125 0.1416015625 0.0283203125 0.033203125
0 0.064453125 0.3125 0.0283203125 0.033203125
0 0.16015625 0.3095703125 0.1279296875 0.1513671875
0 0.0078125 0.419921875 0.015625 0.03125
0 0.0751953125 0.48046875 0.013671875 0.015625
0 0.123046875 0.470703125 0.0126953125 0.013671875
0 0.259765625 0.490234375 0.0126953125 0.013671875
0 0.416015625 0.40234375 0.0185546875 0.021484375
0 0.4814453125 0.314453125 0.021484375 0.025390625
0 0.3994140625 0.126953125 0.013671875 0.017578125
0 0.2646484375 0.251953125 0.0107421875 0.0126953125
0 0.03515625 0.232421875 0.021484375 0.0263671875
0 0.4814453125 0.01171875 0.025390625 0.0234375
0 0.400390625 0.53515625 0.0234375 0.0283203125
0 0.578125 0.5595703125 0.0205078125 0.0234375
0 0.560546875 0.654296875 0.0517578125 0.060546875
0 0.416015625 0.70703125 0.021484375 0.0263671875
0 0.2626953125 0.6279296875 0.0205078125 0.0234375
0 0.181640625 0.673828125 0.017578125 0.0205078125
0 0.146484375 0.7236328125 0.029296875 0.0341796875
0 0.318359375 0.650390625 0.013671875 0.017578125
0 0.0234375 0.759765625 0.017578125 0.0205078125
0 0.232421875 0.826171875 0.0205078125 0.0234375
0 0.302734375 0.798828125 0.013671875 0.015625
0 0.57421875 0.865234375 0.009765625 0.0107421875
0 0.564453125 0.7900390625 0.03125 0.0361328125
0 0.521484375 0.734375 0.0048828125 0.0078125
0 0.67578125 0.7568359375 0.029296875 0.0341796875
0 0.6865234375 0.89453125 0.013671875 0.017578125
0 0.302734375 0.9951171875 0.013671875 0.009765625
0 0.291015625 0.2841796875 0.021484375 0.0263671875
0 0.3427734375 0.0126953125 0.0234375 0.025390625
0 0.38671875 0.091796875 0.009765625 0.0107421875
0 0.625 0.0498046875 0.013671875 0.017578125
0 0.7724609375 0.056640625 0.0283203125 0.033203125
0 0.66015625 0.158203125 0.017578125 0.0205078125
0 0.6552734375 0.1865234375 0.0078125 0.009765625
0 0.6826171875 0.298828125 0.0234375 0.0283203125
0 0.6884765625 0.3203125 0.0205078125 0.0234375
0 0.861328125 0.189453125 0.017578125 0.0205078125
0 0.822265625 0.3583984375 0.015625 0.0185546875
0 0.8642578125 0.4296875 0.013671875 0.015625
0 0.8876953125 0.427734375 0.0078125 0.009765625
0 0.9326171875 0.5703125 0.015625 0.0185546875
0 0.888671875 0.4921875 0.009765625 0.0107421875
0 0.763671875 0.677734375 0.0205078125 0.0234375
0 0.806640625 0.7197265625 0.013671875 0.017578125
0 0.8740234375 0.708984375 0.0185546875 0.021484375
0 0.8798828125 0.7373046875 0.013671875 0.017578125
0 0.8203125 0.900390625 0.021484375 0.0263671875
0 0.830078125 0.9130859375 0.0126953125 0.013671875
0 0.8466796875 0.958984375 0.013671875 0.015625
0 0.9287109375 0.970703125 0.0126953125 0.013671875
0 0.71484375 0.8671875 0.013671875 0.017578125
0 0.6328125 0.8525390625 0.0234375 0.0283203125
0 0.9892578125 0.927734375 0.015625 0.0185546875
0 0.974609375 0.8291015625 0.009765625 0.0107421875
0 0.927734375 0.6201171875 0.068359375 0.080078125
0 0.716796875 0.541015625 0.0205078125 0.0234375
0 0.685546875 0.4638671875 0.0078125 0.009765625
0 0.4814453125 0.537109375 0.0439453125 0.0517578125
0 0.5205078125 0.5 0.0048828125 0.0078125
0 0.837890625 0.2275390625 0.015625 0.0185546875
0 0.453125 0.451171875 0.015625 0.0185546875
0 0.2666015625 0.953125 0.017578125 0.0205078125
0 0.025390625 0.8701171875 0.0185546875 0.021484375
0 0.4443359375 0.9619140625 0.009765625 0.0107421875
0 0.5478515625 0.9375 0.0126953125 0.013671875
0 0.048828125 0.1806640625 0.0419921875 0.048828125
0 0.2392578125 0.083984375 0.0703125 0.076171875
0 0.349609375 0.224609375 0.1513671875 0.1669921875
0 0.1943359375 0.2138671875 0.021484375 0.0263671875
0 0.271484375 0.3740234375 0.021484375 0.0263671875
0 0.4599609375 0.4130859375 0.052734375 0.0625
0 0.525390625 0.4443359375 0.033203125 0.0361328125
0 0.537109375 0.162109375 0.072265625 0.0859375
0 0.548828125 0.0400390625 0.0625 0.0703125
0 0.1640625 0.111328125 0.0185546875 0.021484375
0 0.173828125 0.451171875 0.0185546875 0.0234375
0 0.2470703125 0.5537109375 0.078125 0.0908203125
0 0.373046875 0.552734375 0.025390625 0.03125
0 0.3671875 0.705078125 0.033203125 0.037109375
0 0.2275390625 0.73828125 0.0908203125 0.107421875
0 0.123046875 0.71484375 0.025390625 0.029296875
0 0.05078125 0.736328125 0.03125 0.0361328125
0 0.119140625 0.822265625 0.015625 0.017578125
0 0.5458984375 0.6787109375 0.033203125 0.0390625
0 0.169921875 0.568359375 0.021484375 0.0234375
0 0.3544921875 0.82421875 0.0234375 0.029296875
0 0.6005859375 0.9208984375 0.0439453125 0.052734375
0 0.08984375 0.5888671875 0.013671875 0.0126953125
0 0.283203125 0.716796875 0.021484375 0.0263671875
0 0.376953125 0.6103515625 0.0185546875 0.021484375
0 0.513671875 0.6767578125 0.017578125 0.0205078125
0 0.763671875 0.2685546875 0.046875 0.052734375
0 0.6923828125 0.244140625 0.0439453125 0.056640625
0 0.7548828125 0.51171875 0.0390625 0.0439453125
0 0.826171875 0.4638671875 0.013671875 0.0185546875
0 0.880859375 0.3408203125 0.044921875 0.0517578125
0 0.6220703125 0.369140625 0.015625 0.0205078125
0 0.919921875 0.1396484375 0.0205078125 0.0234375
0 0.8251953125 0.146484375 0.017578125 0.0205078125
0 0.7568359375 0.876953125 0.03125 0.0341796875
0 0.728515625 0.89453125 0.0283203125 0.0341796875
0 0.720703125 0.271484375 0.017578125 0.021484375