0 0.033203125 0.1435546875 0.0283203125 0.033203125
0 0.048828125 0.181640625 0.0439453125 0.0498046875
0 0.0361328125 0.232421875 0.0185546875 0.021484375
0 0.1943359375 0.21484375 0.0234375 0.0283203125
0 0.064453125 0.3115234375 0.0283203125 0.0341796875
0 0.158203125 0.310546875 0.138671875 0.154296875
0 0.271484375 0.375 0.0234375 0.029296875
0 0.2646484375 0.2529296875 0.0126953125 0.013671875
0 0.2900390625 0.2841796875 0.0205078125 0.0234375
0 0.3486328125 0.224609375 0.1513671875 0.169921875
0 0.400390625 0.126953125 0.015625 0.017578125
0 0.1640625 0.1123046875 0.0185546875 0.021484375
0 0.2392578125 0.0859375 0.0703125 0.0810546875
0 0.34375 0.0126953125 0.025390625 0.025390625
0 0.482421875 0.01171875 0.025390625 0.0234375
0 0.5478515625 0.041015625 0.060546875 0.072265625
0 0.6259765625 0.05078125 0.015625 0.0185546875
0 0.5361328125 0.162109375 0.076171875 0.0859375
0 0.568359375 0.181640625 0.021484375 0.0263671875
0 0.66015625 0.158203125 0.0205078125 0.021484375
0 0.6923828125 0.244140625 0.046875 0.0546875
0 0.7626953125 0.267578125 0.048828125 0.0576171875
0 0.720703125 0.26953125 0.0205078125 0.025390625
0 0.6875 0.3203125 0.021484375 0.025390625
0 0.681640625 0.2998046875 0.0263671875 0.029296875
0 0.82421875 0.1484375 0.0185546875 0.021484375
0 0.771484375 0.0556640625 0.03125 0.037109375
0 0.919921875 0.1396484375 0.0205078125 0.025390625
0 0.861328125 0.1904296875 0.0185546875 0.021484375
0 0.837890625 0.228515625 0.017578125 0.0205078125
0 0.9521484375 0.236328125 0.095703125 0.1220703125
0 0.8818359375 0.3408203125 0.046875 0.052734375
0 0.822265625 0.357421875 0.017578125 0.0205078125
0 0.86328125 0.427734375 0.013671875 0.017578125
0 0.8251953125 0.4638671875 0.017578125 0.0205078125
0 0.8876953125 0.4921875 0.009765625 0.0107421875
0 0.9736328125 0.5419921875 0.052734375 0.103515625
0 0.978515625 0.5439453125 0.001953125 0.0029296875
0 0.93359375 0.5703125 0.0185546875 0.021484375
0 0.927734375 0.619140625 0.0751953125 0.0810546875
0 0.8740234375 0.708984375 0.021484375 0.025390625
0 0.763671875 0.677734375 0.0234375 0.0263671875
0 0.880859375 0.736328125 0.013671875 0.017578125
0 0.806640625 0.7197265625 0.0126953125 0.015625
0 0.974609375 0.8291015625 0.0078125 0.0107421875
0 0.98828125 0.927734375 0.015625 0.0205078125
0 0.927734375 0.9697265625 0.0126953125 0.013671875
0 0.8466796875 0.958984375 0.013671875 0.017578125
0 0.8212890625 0.8974609375 0.0234375 0.0283203125
0 0.7568359375 0.8779296875 0.03125 0.037109375
0 0.728515625 0.892578125 0.03125 0.0361328125
0 0.6865234375 0.8935546875 0.013671875 0.0185546875
0 0.71484375 0.865234375 0.0185546875 0.021484375
0 0.6328125 0.849609375 0.025390625 0.029296875
0 0.6015625 0.921875 0.046875 0.052734375
0 0.57421875 0.865234375 0.009765625 0.0107421875
0 0.3544921875 0.8232421875 0.025390625 0.029296875
0 0.302734375 0.7978515625 0.015625 0.0185546875
0 0.23046875 0.8251953125 0.0263671875 0.0283203125
0 0.267578125 0.9521484375 0.021484375 0.0234375
0 0.1201171875 0.822265625 0.017578125 0.0185546875
0 0.025390625 0.869140625 0.021484375 0.025390625
0 0.0498046875 0.7373046875 0.03125 0.037109375
0 0.0234375 0.7587890625 0.0205078125 0.0234375
0 0.123046875 0.71484375 0.0263671875 0.033203125
0 0.1474609375 0.720703125 0.033203125 0.0390625
0 0.181640625 0.673828125 0.021484375 0.025390625
0 0.283203125 0.716796875 0.0234375 0.0263671875
0 0.2255859375 0.7392578125 0.0966796875 0.109375
0 0.4150390625 0.7060546875 0.0263671875 0.029296875
0 0.3662109375 0.7041015625 0.033203125 0.0390625
0 0.513671875 0.6767578125 0.0205078125 0.0234375
0 0.5458984375 0.6796875 0.0341796875 0.041015625
0 0.560546875 0.6552734375 0.056640625 0.0625
0 0.5791015625 0.5595703125 0.0205078125 0.0234375
0 0.482421875 0.537109375 0.0439453125 0.0517578125
0 0.376953125 0.611328125 0.0205078125 0.025390625
0 0.373046875 0.5537109375 0.029296875 0.0341796875
0 0.400390625 0.533203125 0.0263671875 0.03125
0 0.5244140625 0.443359375 0.03125 0.037109375
0 0.458984375 0.412109375 0.0576171875 0.0673828125
0 0.416015625 0.4033203125 0.0185546875 0.0234375
0 0.453125 0.451171875 0.0185546875 0.0205078125
0 0.4814453125 0.314453125 0.0234375 0.0283203125
0 0.62109375 0.369140625 0.0185546875 0.021484375
0 0.2626953125 0.626953125 0.0234375 0.0263671875
0 0.248046875 0.5546875 0.078125 0.091796875
0 0.1689453125 0.5673828125 0.021484375 0.0263671875
0 0.08984375 0.587890625 0.015625 0.0185546875
0 0.076171875 0.48046875 0.013671875 0.0185546875
0 0.173828125 0.451171875 0.0205078125 0.025390625
0 0.1240234375 0.470703125 0.0126953125 0.013671875
0 0.259765625 0.490234375 0.013671875 0.0185546875
0 0.0087890625 0.419921875 0.017578125 0.0361328125
0 0.7548828125 0.509765625 0.0390625 0.0439453125
0 0.716796875 0.541015625 0.0234375 0.025390625
0 0.6865234375 0.4638671875 0.0078125 0.0107421875
0 0.5634765625 0.7880859375 0.03125 0.0361328125
0 0.6748046875 0.755859375 0.0283203125 0.033203125