0 0.0986328125 0.2646484375 0.0283203125 0.03125
0 0.060546875 0.275390625 0.0283203125 0.03125
0 0.08984375 0.3134765625 0.0126953125 0.013671875
0 0.04296875 0.3525390625 0.0234375 0.0263671875
0 0.0732421875 0.4287109375 0.013671875 0.017578125
0 0.0224609375 0.4404296875 0.013671875 0.017578125
0 0.060546875 0.4990234375 0.021484375 0.0263671875
0 0.0302734375 0.5625 0.015625 0.017578125
0 0.130859375 0.7470703125 0.025390625 0.029296875
0 0.2119140625 0.78125 0.0107421875 0.0107421875
0 0.080078125 0.8935546875 0.0205078125 0.0234375
0 0.33203125 0.955078125 0.0361328125 0.0419921875
0 0.3310546875 0.7841796875 0.0185546875 0.0205078125
0 0.447265625 0.912109375 0.0234375 0.0263671875
0 0.453125 0.689453125 0.0205078125 0.0234375
0 0.513671875 0.7314453125 0.0205078125 0.021484375
0 0.4677734375 0.611328125 0.0341796875 0.0390625
0 0.380859375 0.5849609375 0.029296875 0.0341796875
0 0.4013671875 0.7001953125 0.0107421875 0.0126953125
0 0.271484375 0.53515625 0.0205078125 0.0234375
0 0.3046875 0.5322265625 0.0185546875 0.021484375
0 0.412109375 0.4736328125 0.046875 0.052734375
0 0.357421875 0.4658203125 0.017578125 0.021484375
0 0.2890625 0.4599609375 0.0185546875 0.021484375
0 0.490234375 0.482421875 0.015625 0.0185546875
0 0.529296875 0.515625 0.0576171875 0.0673828125
0 0.595703125 0.6044921875 0.025390625 0.0283203125
0 0.4912109375 0.658203125 0.0107421875 0.0126953125
0 0.59375 0.3896484375 0.0830078125 0.095703125
0 0.572265625 0.283203125 0.0888671875 0.103515625
0 0.36328125 0.3232421875 0.041015625 0.046875
0 0.25 0.234375 0.0263671875 0.03125
0 0.3095703125 0.19140625 0.03125 0.0361328125
0 0.279296875 0.126953125 0.015625 0.0185546875
0 0.25390625 0.044921875 0.0185546875 0.021484375
0 0.1884765625 0.1328125 0.1611328125 0.1796875
0 0.47265625 0.1376953125 0.013671875 0.017578125
0 0.4267578125 0.1923828125 0.0126953125 0.013671875
0 0.447265625 0.2041015625 0.0185546875 0.021484375
0 0.5703125 0.185546875 0.0419921875 0.048828125
0 0.556640625 0.142578125 0.0263671875 0.029296875
0 0.6025390625 0.533203125 0.009765625 0.0107421875
0 0.576171875 0.8203125 0.0263671875 0.03125
0 0.5556640625 0.853515625 0.0078125 0.0107421875
0 0.609375 0.9873046875 0.021484375 0.0234375
0 0.505859375 0.904296875 0.046875 0.052734375
0 0.6484375 0.806640625 0.015625 0.0185546875
0 0.197265625 0.6748046875 0.0234375 0.0283203125
0 0.75390625 0.9638671875 0.021484375 0.025390625
0 0.8271484375 0.708984375 0.033203125 0.037109375
0 0.763671875 0.6513671875 0.0263671875 0.03125
0 0.677734375 0.5517578125 0.0263671875 0.03125
0 0.822265625 0.2939453125 0.0126953125 0.013671875
0 0.8427734375 0.1640625 0.078125 0.0888671875
0 0.896484375 0.19921875 0.025390625 0.0283203125
0 0.9794921875 0.240234375 0.0234375 0.0263671875
0 0.9892578125 0.197265625 0.021484375 0.0361328125
0 0.955078125 0.1552734375 0.013671875 0.017578125
0 0.5673828125 0.728515625 0.0390625 0.046875
0 0.990234375 0.41015625 0.0185546875 0.033203125
0 0.986328125 0.4619140625 0.0263671875 0.0341796875
0 0.966796875 0.482421875 0.0205078125 0.0234375
0 0.9609375 0.05859375 0.0205078125 0.0234375
0 0.892578125 0.0458984375 0.025390625 0.0283203125
0 0.6845703125 0.095703125 0.0205078125 0.0234375
0 0.2578125 0.009765625 0.025390625 0.0185546875
0 0.3623046875 0.2109375 0.029296875 0.0341796875
0 0.0703125 0.25390625 0.025390625 0.0283203125
0 0.068359375 0.158203125 0.0234375 0.029296875
0 0.0078125 0.400390625 0.0107421875 0.0126953125
0 0.0390625 0.4150390625 0.0107421875 0.0126953125
0 0.0927734375 0.556640625 0.041015625 0.046875
0 0.0654296875 0.7509765625 0.03125 0.0361328125
0 0.1220703125 0.85546875 0.0234375 0.0283203125
0 0.2021484375 0.9892578125 0.021484375 0.021484375
0 0.248046875 0.8076171875 0.025390625 0.029296875
0 0.435546875 0.736328125 0.0234375 0.0283203125
0 0.8212890625 0.8896484375 0.0185546875 0.021484375
0 0.8818359375 0.716796875 0.015625 0.0185546875
0 0.884765625 0.5810546875 0.029296875 0.0361328125
0 0.8330078125 0.587890625 0.017578125 0.0205078125
0 0.8994140625 0.453125 0.0234375 0.0283203125
0 0.689453125 0.3046875 0.0234375 0.0283203125
0 0.6884765625 0.392578125 0.078125 0.087890625
0 0.318359375 0.400390625 0.251953125 0.2373046875
0 0.3369140625 0.521484375 0.0205078125 0.0234375
0 0.27734375 0.6220703125 0.021484375 0.0234375
0 0.314453125 0.6279296875 0.015625 0.0185546875
0 0.4111328125 0.6474609375 0.0205078125 0.0234375
0 0.669921875 0.5986328125 0.0205078125 0.0234375
0 0.6826171875 0.7802734375 0.0107421875 0.0126953125
0 0.705078125 0.7392578125 0.015625 0.017578125
0 0.818359375 0.693359375 0.0205078125 0.021484375
0 0.8544921875 0.755859375 0.03125 0.0361328125
0 0.181640625 0.7744140625 0.0234375 0.0283203125