0 0.203125 0.208984375 0.228515625 0.2451171875
0 0.568359375 0.5166015625 0.1533203125 0.1689453125
0 0.3046875 0.5625 0.109375 0.1279296875
0 0.4140625 0.626953125 0.072265625 0.0810546875
0 0.0888671875 0.6748046875 0.037109375 0.0439453125
0 0.1923828125 0.4130859375 0.076171875 0.0859375
0 0.1025390625 0.4140625 0.021484375 0.0263671875
0 0.1337890625 0.5283203125 0.0185546875 0.021484375
0 0.5078125 0.2236328125 0.205078125 0.216796875
0 0.416015625 0.7734375 0.0185546875 0.021484375
0 0.275390625 0.87890625 0.015625 0.0185546875
0 0.623046875 0.802734375 0.0517578125 0.0625
0 0.533203125 0.958984375 0.017578125 0.021484375
0 0.4990234375 0.6748046875 0.015625 0.017578125
0 0.6962890625 0.5576171875 0.015625 0.017578125
0 0.7333984375 0.9208984375 0.0234375 0.0263671875
0 0.3212890625 0.107421875 0.037109375 0.0390625
0 0.416015625 0.4013671875 0.017578125 0.0185546875
0 0.2734375 0.39453125 0.015625 0.0185546875
0 0.21484375 0.3515625 0.0234375 0.0234375
0 0.22265625 0.572265625 0.0361328125 0.0390625
0 0.71875 0.224609375 0.033203125 0.037109375
0 0.697265625 0.298828125 0.015625 0.0205078125
0 0.7587890625 0.3310546875 0.0205078125 0.021484375
0 0.7744140625 0.091796875 0.013671875 0.017578125
0 0.54296875 0.3916015625 0.0263671875 0.0283203125
0 0.6474609375 0.64453125 0.0205078125 0.021484375
0 0.771484375 0.412109375 0.0419921875 0.0498046875
0 0.7470703125 0.814453125 0.111328125 0.130859375
0 0.2451171875 0.677734375 0.0126953125 0.0126953125
0 0.4501953125 0.6044921875 0.041015625 0.0498046875
0 0.470703125 0.44140625 0.015625 0.015625
0 0.138671875 0.4375 0.0283203125 0.033203125
0 0.0517578125 0.048828125 0.021484375 0.029296875
0 0.0615234375 0.318359375 0.0107421875 0.0126953125
0 0.3271484375 0.650390625 0.03125 0.0390625
0 0.26953125 0.630859375 0.0107421875 0.0126953125
0 0.5673828125 0.923828125 0.0205078125 0.0205078125
0 0.6142578125 0.943359375 0.0126953125 0.015625
0 0.6708984375 0.830078125 0.021484375 0.0283203125
0 0.162109375 0.5302734375 0.009765625 0.0126953125
0 0.0615234375 0.49609375 0.013671875 0.015625
0 0.36328125 0.3056640625 0.0185546875 0.0234375
0 0.4755859375 0.080078125 0.232421875 0.1591796875
0 0.3818359375 0.12109375 0.013671875 0.017578125
0 0.083984375 0.1630859375 0.16796875 0.205078125
0 0.654296875 0.232421875 0.03125 0.0341796875
0 0.603515625 0.271484375 0.03125 0.037109375
0 0.283203125 0.052734375 0.03125 0.037109375
0 0.85546875 0.0263671875 0.017578125 0.0205078125
0 0.8115234375 0.009765625 0.013671875 0.015625
0 0.80078125 0.244140625 0.0185546875 0.0234375
0 0.84375 0.1484375 0.125 0.140625
0 0.8603515625 0.2861328125 0.0205078125 0.0234375
0 0.953125 0.3876953125 0.046875 0.0546875
0 0.990234375 0.3203125 0.0185546875 0.029296875
0 0.90234375 0.2353515625 0.0234375 0.0263671875
0 0.896484375 0.05078125 0.025390625 0.0283203125
0 0.8154296875 0.4462890625 0.0107421875 0.013671875
0 0.947265625 0.4716796875 0.009765625 0.0107421875
0 0.931640625 0.3603515625 0.0126953125 0.013671875
0 0.7099609375 0.419921875 0.0126953125 0.0126953125
0 0.76171875 0.505859375 0.015625 0.0205078125
0 0.833984375 0.5693359375 0.013671875 0.015625
0 0.6455078125 0.595703125 0.0126953125 0.0126953125
0 0.919921875 0.615234375 0.025390625 0.0283203125
0 0.9228515625 0.666015625 0.013671875 0.015625
0 0.853515625 0.7001953125 0.009765625 0.0107421875
0 0.7412109375 0.6318359375 0.017578125 0.0205078125
0 0.5302734375 0.7060546875 0.0078125 0.0107421875
0 0.9482421875 0.771484375 0.0107421875 0.0126953125
0 0.8173828125 0.875 0.029296875 0.033203125
0 0.751953125 0.9111328125 0.0126953125 0.015625
0 0.373046875 0.927734375 0.021484375 0.0263671875
0 0.685546875 0.708984375 0.015625 0.0205078125
0 0.6513671875 0.44140625 0.0126953125 0.013671875
0 0.646484375 0.6806640625 0.0078125 0.0078125
0 0.94921875 0.8271484375 0.0185546875 0.021484375
0 0.990234375 0.9306640625 0.013671875 0.015625
0 0.19921875 0.029296875 0.013671875 0.0126953125
0 0.5390625 0.3291015625 0.0185546875 0.0205078125
0 0.775390625 0.029296875 0.009765625 0.0107421875
0 0.484375 0.888671875 0.0283203125 0.0341796875
0 0.1865234375 0.7685546875 0.0185546875 0.0234375
0 0.2451171875 0.7216796875 0.0185546875 0.021484375
0 0.630859375 0.572265625 0.017578125 0.0205078125