0 0.130859375 0.2060546875 0.021484375 0.025390625
0 0.1591796875 0.0517578125 0.029296875 0.0361328125
0 0.345703125 0.048828125 0.017578125 0.021484375
0 0.1689453125 0.5458984375 0.029296875 0.03125
0 0.119140625 0.501953125 0.0234375 0.0283203125
0 0.18359375 0.689453125 0.025390625 0.0283203125
0 0.1162109375 0.654296875 0.017578125 0.0205078125
0 0.1591796875 0.705078125 0.0107421875 0.0126953125
0 0.162109375 0.923828125 0.021484375 0.025390625
0 0.201171875 0.8955078125 0.041015625 0.046875
0 0.318359375 0.8642578125 0.0234375 0.0283203125
0 0.3720703125 0.5654296875 0.021484375 0.0234375
0 0.3310546875 0.5810546875 0.009765625 0.0107421875
0 0.345703125 0.5166015625 0.013671875 0.0185546875
0 0.3876953125 0.4599609375 0.0107421875 0.0126953125
0 0.384765625 0.3544921875 0.0107421875 0.013671875
0 0.3671875 0.025390625 0.009765625 0.009765625
0 0.474609375 0.0634765625 0.015625 0.0185546875
0 0.580078125 0.302734375 0.009765625 0.009765625
0 0.5478515625 0.44921875 0.0107421875 0.0126953125
0 0.576171875 0.748046875 0.025390625 0.029296875
0 0.6787109375 0.7509765625 0.0234375 0.0283203125
0 0.7236328125 0.0107421875 0.021484375 0.021484375
0 0.73046875 0.1181640625 0.048828125 0.0576171875
0 0.765625 0.126953125 0.03125 0.0390625
0 0.720703125 0.1962890625 0.0185546875 0.021484375
0 0.8037109375 0.169921875 0.0107421875 0.0126953125
0 0.83984375 0.134765625 0.009765625 0.0107421875
0 0.982421875 0.1640625 0.0234375 0.0263671875
0 0.9453125 0.10546875 0.0263671875 0.033203125
0 0.8759765625 0.28125 0.0234375 0.0283203125
0 0.9755859375 0.298828125 0.013671875 0.015625
0 0.5419921875 0.38671875 0.0361328125 0.0419921875
0 0.599609375 0.4638671875 0.025390625 0.029296875
0 0.580078125 0.4423828125 0.033203125 0.0390625
0 0.755859375 0.357421875 0.314453125 0.294921875
0 0.8828125 0.59375 0.015625 0.0205078125
0 0.84375 0.6259765625 0.03125 0.0361328125
0 0.7734375 0.5234375 0.03125 0.037109375
0 0.7998046875 0.7587890625 0.0185546875 0.0205078125
0 0.7470703125 0.7509765625 0.0185546875 0.021484375
0 0.7392578125 0.767578125 0.0185546875 0.0205078125
0 0.8583984375 0.8193359375 0.015625 0.0185546875
0 0.9013671875 0.736328125 0.0234375 0.0263671875
0 0.8701171875 0.7529296875 0.015625 0.015625
0 0.951171875 0.8466796875 0.025390625 0.029296875
0 0.9873046875 0.9296875 0.013671875 0.017578125
0 0.7646484375 0.95703125 0.0185546875 0.021484375
0 0.814453125 0.94140625 0.009765625 0.0107421875
0 0.5810546875 0.98828125 0.013671875 0.017578125
0 0.619140625 0.9248046875 0.087890625 0.1015625
0 0.4130859375 0.9072265625 0.1640625 0.185546875
0 0.23046875 0.7919921875 0.015625 0.0205078125
0 0.0205078125 0.728515625 0.041015625 0.0517578125
0 0.232421875 0.552734375 0.1953125 0.2314453125
0 0.080078125 0.4853515625 0.0126953125 0.013671875
0 0.4248046875 0.4580078125 0.0126953125 0.015625
0 0.380859375 0.4892578125 0.013671875 0.015625
0 0.4755859375 0.4755859375 0.021484375 0.025390625
0 0.4873046875 0.310546875 0.025390625 0.0283203125
0 0.333984375 0.146484375 0.0234375 0.0283203125
0 0.169921875 0.2314453125 0.33984375 0.310546875
0 0.447265625 0.021484375 0.021484375 0.0234375
0 0.404296875 0.357421875 0.013671875 0.015625
0 0.4931640625 0.65234375 0.1875 0.2080078125
0 0.6494140625 0.5703125 0.1826171875 0.212890625
0 0.060546875 0.9462890625 0.1201171875 0.107421875