0 0.216796875 0.7744140625 0.2158203125 0.2265625
0 0.1171875 0.556640625 0.1513671875 0.1669921875
0 0.619140625 0.349609375 0.0283203125 0.033203125
0 0.4599609375 0.443359375 0.0390625 0.0439453125
0 0.3681640625 0.474609375 0.0234375 0.0263671875
0 0.294921875 0.3623046875 0.0361328125 0.0419921875
0 0.275390625 0.3935546875 0.033203125 0.041015625
0 0.52734375 0.1650390625 0.033203125 0.037109375
0 0.033203125 0.068359375 0.0234375 0.0283203125
0 0.06640625 0.177734375 0.025390625 0.029296875
0 0.375 0.3076171875 0.0283203125 0.0361328125
0 0.8740234375 0.2646484375 0.0498046875 0.0576171875
0 0.7470703125 0.2470703125 0.037109375 0.0439453125
0 0.724609375 0.2412109375 0.0185546875 0.021484375
0 0.9296875 0.7392578125 0.046875 0.052734375
0 0.779296875 0.7666015625 0.0205078125 0.0234375
0 0.4794921875 0.734375 0.03125 0.0361328125
0 0.2353515625 0.5859375 0.044921875 0.052734375
0 0.212890625 0.291015625 0.03125 0.0361328125
0 0.201171875 0.208984375 0.021484375 0.0234375
0 0.857421875 0.0263671875 0.0517578125 0.052734375
0 0.1083984375 0.041015625 0.0341796875 0.0390625
0 0.1982421875 0.0185546875 0.0205078125 0.0234375
0 0.23828125 0.01953125 0.033203125 0.03125
0 0.2783203125 0.01171875 0.052734375 0.0234375
0 0.4189453125 0.015625 0.0390625 0.03125
0 0.455078125 0.0654296875 0.017578125 0.0205078125
0 0.3828125 0.1337890625 0.017578125 0.0205078125
0 0.541015625 0.1015625 0.0234375 0.0263671875
0 0.60546875 0.138671875 0.0126953125 0.015625
0 0.6611328125 0.12109375 0.0126953125 0.013671875
0 0.60546875 0.021484375 0.0263671875 0.03125
0 0.8525390625 0.0537109375 0.046875 0.046875
0 0.869140625 0.0830078125 0.0185546875 0.0205078125
0 0.89453125 0.11328125 0.0205078125 0.0234375
0 0.939453125 0.021484375 0.0107421875 0.0126953125
0 0.9814453125 0.16015625 0.0107421875 0.0126953125
0 0.966796875 0.1689453125 0.0078125 0.009765625
0 0.912109375 0.21875 0.0263671875 0.029296875
0 0.92578125 0.314453125 0.013671875 0.015625
0 0.865234375 0.314453125 0.0185546875 0.0205078125
0 0.8310546875 0.3125 0.0185546875 0.0234375
0 0.658203125 0.2431640625 0.013671875 0.0185546875
0 0.7431640625 0.3076171875 0.0283203125 0.03125
0 0.8994140625 0.435546875 0.025390625 0.029296875
0 0.9443359375 0.466796875 0.015625 0.0185546875
0 0.951171875 0.423828125 0.013671875 0.017578125
0 0.8916015625 0.3974609375 0.015625 0.017578125
0 0.9521484375 0.38671875 0.033203125 0.0361328125
0 0.8466796875 0.4775390625 0.0107421875 0.0126953125
0 0.8388671875 0.5615234375 0.0283203125 0.03125
0 0.7314453125 0.5869140625 0.033203125 0.037109375
0 0.6875 0.4775390625 0.21875 0.2138671875
0 0.6787109375 0.439453125 0.033203125 0.0390625
0 0.634765625 0.3955078125 0.0205078125 0.021484375
0 0.5205078125 0.439453125 0.0185546875 0.021484375
0 0.525390625 0.3994140625 0.015625 0.0205078125
0 0.5576171875 0.36328125 0.0078125 0.0107421875
0 0.4716796875 0.322265625 0.009765625 0.0107421875
0 0.4619140625 0.2626953125 0.0185546875 0.021484375
0 0.326171875 0.3408203125 0.0205078125 0.0234375
0 0.2236328125 0.421875 0.0205078125 0.0234375
0 0.1337890625 0.345703125 0.015625 0.0185546875
0 0.140625 0.44921875 0.0185546875 0.021484375
0 0.0546875 0.1435546875 0.0234375 0.0283203125
0 0.267578125 0.2705078125 0.0126953125 0.013671875
0 0.00390625 0.587890625 0.0078125 0.0205078125
0 0.197265625 0.580078125 0.0205078125 0.0234375
0 0.0283203125 0.7255859375 0.0205078125 0.0205078125
0 0.0048828125 0.9638671875 0.009765625 0.015625
0 0.2314453125 0.994140625 0.0107421875 0.0107421875
0 0.4091796875 0.9619140625 0.025390625 0.029296875
0 0.5146484375 0.927734375 0.021484375 0.025390625
0 0.626953125 0.779296875 0.0205078125 0.0234375
0 0.5517578125 0.783203125 0.265625 0.265625
0 0.6474609375 0.9404296875 0.0185546875 0.021484375
0 0.7119140625 0.8828125 0.021484375 0.0263671875
0 0.9892578125 0.884765625 0.015625 0.0185546875
0 0.869140625 0.962890625 0.009765625 0.0107421875
0 0.826171875 0.947265625 0.0107421875 0.013671875
0 0.833984375 0.9560546875 0.0205078125 0.0234375
0 0.7578125 0.7900390625 0.0205078125 0.0234375
0 0.744140625 0.693359375 0.013671875 0.015625
0 0.908203125 0.5849609375 0.013671875 0.017578125
0 0.09375 0.033203125 0.029296875 0.0361328125
0 0.9677734375 0.806640625 0.009765625 0.0126953125
0 0.791015625 0.798828125 0.029296875 0.0361328125
0 0.431640625 0.625 0.021484375 0.0234375
0 0.3505859375 0.6025390625 0.0234375 0.0283203125
0 0.548828125 0.5810546875 0.0107421875 0.0126953125
0 0.5244140625 0.5810546875 0.0341796875 0.0390625
0 0.439453125 0.6640625 0.015625 0.017578125
0 0.41796875 0.771484375 0.0185546875 0.0205078125
0 0.4296875 0.83984375 0.025390625 0.0283203125
0 0.486328125 0.5400390625 0.0185546875 0.0205078125
0 0.6357421875 0.3125 0.0126953125 0.0126953125