0 0.3369140625 0.03515625 0.0205078125 0.025390625
0 0.259765625 0.0537109375 0.0361328125 0.0419921875
0 0.2109375 0.25 0.0234375 0.0283203125
0 0.435546875 0.255859375 0.0263671875 0.03125
0 0.857421875 0.15625 0.0439453125 0.052734375
0 0.80859375 0.25390625 0.021484375 0.0263671875
0 0.73828125 0.26953125 0.03125 0.0361328125
0 0.7998046875 0.3505859375 0.0517578125 0.056640625
0 0.845703125 0.396484375 0.033203125 0.0390625
0 0.6328125 0.35546875 0.0185546875 0.021484375
0 0.736328125 0.158203125 0.015625 0.0205078125
0 0.720703125 0.4033203125 0.025390625 0.03125
0 0.5498046875 0.404296875 0.0341796875 0.0390625
0 0.515625 0.3349609375 0.015625 0.021484375
0 0.15625 0.248046875 0.046875 0.052734375
0 0.029296875 0.2490234375 0.0185546875 0.021484375
0 0.0478515625 0.4150390625 0.0205078125 0.025390625
0 0.072265625 0.4638671875 0.017578125 0.0205078125
0 0.150390625 0.5029296875 0.033203125 0.0390625
0 0.2197265625 0.525390625 0.0234375 0.0283203125
0 0.201171875 0.501953125 0.0107421875 0.013671875
0 0.33203125 0.5615234375 0.0263671875 0.03125
0 0.119140625 0.4833984375 0.0234375 0.0283203125
0 0.40625 0.4951171875 0.013671875 0.0185546875
0 0.529296875 0.4638671875 0.013671875 0.0185546875
0 0.466796875 0.46484375 0.015625 0.0185546875
0 0.5126953125 0.54296875 0.013671875 0.015625
0 0.3681640625 0.4482421875 0.0283203125 0.0341796875
0 0.642578125 0.4287109375 0.0205078125 0.0234375
0 0.5888671875 0.3203125 0.0263671875 0.03125
0 0.775390625 0.5341796875 0.0234375 0.0283203125
0 0.826171875 0.6826171875 0.0234375 0.0283203125
0 0.568359375 0.23046875 0.021484375 0.025390625
0 0.5146484375 0.2890625 0.0234375 0.0283203125
0 0.6376953125 0.1171875 0.0126953125 0.015625
0 0.6904296875 0.232421875 0.0390625 0.0439453125
0 0.759765625 0.7587890625 0.033203125 0.0390625
0 0.7900390625 0.73828125 0.0185546875 0.0205078125
0 0.814453125 0.8603515625 0.072265625 0.0830078125
0 0.962890625 0.962890625 0.0498046875 0.0576171875
0 0.646484375 0.85546875 0.0205078125 0.025390625
0 0.6455078125 0.90234375 0.025390625 0.029296875
0 0.5869140625 0.908203125 0.0390625 0.048828125
0 0.525390625 0.900390625 0.0234375 0.0283203125
0 0.451171875 0.88671875 0.0234375 0.0283203125
0 0.4892578125 0.734375 0.0185546875 0.0234375
0 0.7119140625 0.765625 0.0283203125 0.0361328125
0 0.5693359375 0.837890625 0.015625 0.0185546875
0 0.873046875 0.978515625 0.013671875 0.017578125
0 0.908203125 0.970703125 0.021484375 0.025390625
0 0.79296875 0.783203125 0.013671875 0.013671875
0 0.625 0.591796875 0.0234375 0.0263671875
0 0.5947265625 0.49609375 0.015625 0.0185546875
0 0.369140625 0.626953125 0.0263671875 0.03125
0 0.357421875 0.765625 0.029296875 0.0361328125
0 0.4111328125 0.7744140625 0.017578125 0.0185546875
0 0.5849609375 0.6181640625 0.0107421875 0.0126953125
0 0.5771484375 0.630859375 0.013671875 0.017578125
0 0.615234375 0.5712890625 0.0107421875 0.0126953125
0 0.361328125 0.712890625 0.0126953125 0.013671875
0 0.3076171875 0.728515625 0.021484375 0.0263671875
0 0.38671875 0.88671875 0.0107421875 0.0126953125
0 0.2841796875 0.888671875 0.015625 0.0185546875
0 0.146484375 0.9853515625 0.015625 0.0205078125
0 0.080078125 0.9091796875 0.033203125 0.037109375
0 0.0693359375 0.763671875 0.0205078125 0.021484375
0 0.033203125 0.7568359375 0.017578125 0.0185546875
0 0.166015625 0.65234375 0.017578125 0.021484375
0 0.115234375 0.677734375 0.0205078125 0.021484375
0 0.2783203125 0.64453125 0.0107421875 0.013671875
0 0.1943359375 0.732421875 0.0107421875 0.013671875
0 0.287109375 0.8017578125 0.0185546875 0.021484375
0 0.380859375 0.32421875 0.1279296875 0.146484375
0 0.9541015625 0.28125 0.0888671875 0.1015625
0 0.2041015625 0.2939453125 0.0205078125 0.0234375
0 0.12890625 0.099609375 0.1953125 0.1982421875
0 0.2412109375 0.0888671875 0.0234375 0.0283203125
0 0.490234375 0.1162109375 0.138671875 0.1513671875
0 0.595703125 0.142578125 0.0361328125 0.041015625
0 0.447265625 0.208984375 0.017578125 0.021484375
0 0.1142578125 0.2939453125 0.009765625 0.0107421875
0 0.1484375 0.212890625 0.0205078125 0.0234375
0 0.189453125 0.2265625 0.013671875 0.015625
0 0.318359375 0.294921875 0.015625 0.017578125
0 0.482421875 0.4912109375 0.0126953125 0.013671875
0 0.623046875 0.4462890625 0.0419921875 0.048828125
0 0.6650390625 0.31640625 0.0205078125 0.0234375
0 0.86328125 0.298828125 0.0126953125 0.013671875
0 0.9462890625 0.529296875 0.044921875 0.0498046875
0 0.779296875 0.9716796875 0.0126953125 0.015625
0 0.6259765625 0.990234375 0.0185546875 0.0185546875
0 0.6455078125 0.9921875 0.0234375 0.015625
0 0.1630859375 0.9931640625 0.013671875 0.013671875
0 0.0576171875 0.94140625 0.0126953125 0.013671875
0 0.0673828125 0.873046875 0.0126953125 0.015625
0 0.1064453125 0.6669921875 0.015625 0.0185546875
0 0.2978515625 0.7890625 0.0234375 0.0283203125
0 0.328125 0.7587890625 0.0205078125 0.0234375
0 0.0419921875 0.533203125 0.0205078125 0.0234375
0 0.0146484375 0.193359375 0.029296875 0.048828125
0 0.6630859375 0.21875 0.0283203125 0.0341796875
0 0.7802734375 0.048828125 0.1201171875 0.0966796875
0 0.7529296875 0.533203125 0.015625 0.0205078125