0 0.32421875 0.1953125 0.0205078125 0.0234375
0 0.4189453125 0.158203125 0.03125 0.0361328125
0 0.46484375 0.26953125 0.021484375 0.0263671875
0 0.6181640625 0.1708984375 0.0361328125 0.0419921875
0 0.689453125 0.2333984375 0.0263671875 0.03125
0 0.2138671875 0.537109375 0.017578125 0.0205078125
0 0.123046875 0.263671875 0.015625 0.0185546875
0 0.2734375 0.2890625 0.0263671875 0.03125
0 0.337890625 0.251953125 0.015625 0.0185546875
0 0.373046875 0.240234375 0.0205078125 0.0234375
0 0.384765625 0.326171875 0.017578125 0.0205078125
0 0.1533203125 0.431640625 0.013671875 0.017578125
0 0.353515625 0.45703125 0.0517578125 0.0595703125
0 0.0185546875 0.3720703125 0.0205078125 0.0234375
0 0.099609375 0.36328125 0.0205078125 0.0234375
0 0.134765625 0.0322265625 0.0185546875 0.021484375
0 0.087890625 0.060546875 0.0185546875 0.021484375
0 0.03125 0.146484375 0.0185546875 0.021484375
0 0.1162109375 0.021484375 0.0234375 0.0283203125
0 0.1416015625 0.830078125 0.0126953125 0.013671875
0 0.302734375 0.740234375 0.025390625 0.03125
0 0.248046875 0.755859375 0.009765625 0.0107421875
0 0.3564453125 0.6259765625 0.0126953125 0.0126953125
0 0.408203125 0.6181640625 0.0185546875 0.021484375
0 0.134765625 0.572265625 0.0126953125 0.0126953125
0 0.052734375 0.615234375 0.013671875 0.017578125
0 0.2216796875 0.9609375 0.0185546875 0.021484375
0 0.322265625 0.4716796875 0.017578125 0.0205078125
0 0.259765625 0.1044921875 0.0185546875 0.021484375
0 0.583984375 0.087890625 0.009765625 0.0107421875
0 0.775390625 0.0166015625 0.0205078125 0.0234375
0 0.888671875 0.044921875 0.015625 0.0185546875
0 0.8671875 0.2333984375 0.013671875 0.017578125
0 0.7861328125 0.255859375 0.0126953125 0.013671875
0 0.64453125 0.279296875 0.0126953125 0.013671875
0 0.76171875 0.392578125 0.013671875 0.017578125
0 0.876953125 0.39453125 0.0205078125 0.0234375
0 0.8017578125 0.1064453125 0.0107421875 0.0126953125
0 0.666015625 0.6123046875 0.0341796875 0.041015625
0 0.7705078125 0.5654296875 0.017578125 0.0205078125
0 0.7685546875 0.484375 0.0390625 0.046875
0 0.826171875 0.4697265625 0.009765625 0.0107421875
0 0.6923828125 0.4375 0.0126953125 0.015625
0 0.6396484375 0.498046875 0.0107421875 0.0126953125
0 0.5703125 0.533203125 0.0126953125 0.0126953125
0 0.748046875 0.7685546875 0.0126953125 0.015625
0 0.8271484375 0.7998046875 0.029296875 0.0341796875
0 0.8076171875 0.873046875 0.017578125 0.0205078125
0 0.677734375 0.8740234375 0.0126953125 0.013671875
0 0.462890625 0.537109375 0.009765625 0.0107421875
0 0.3740234375 0.1103515625 0.021484375 0.0263671875
0 0.861328125 0.1865234375 0.025390625 0.029296875
0 0.9873046875 0.1708984375 0.025390625 0.033203125
0 0.9912109375 0.275390625 0.0126953125 0.013671875
0 0.9931640625 0.3642578125 0.013671875 0.013671875
0 0.771484375 0.37890625 0.0185546875 0.021484375
0 0.9296875 0.556640625 0.015625 0.0185546875
0 0.513671875 0.9169921875 0.009765625 0.0107421875
0 0.537109375 0.2373046875 0.0126953125 0.015625
0 0.966796875 0.3935546875 0.0126953125 0.013671875
0 0.89453125 0.2041015625 0.0283203125 0.033203125
0 0.4052734375 0.380859375 0.013671875 0.015625
0 0.26171875 0.658203125 0.005859375 0.0078125
0 0.5400390625 0.3740234375 0.0078125 0.0078125
0 0.595703125 0.3896484375 0.0078125 0.0078125
0 0.244140625 0.126953125 0.041015625 0.046875
0 0.4189453125 0.037109375 0.0283203125 0.033203125
0 0.19140625 0.078125 0.052734375 0.0595703125
0 0.0751953125 0.36328125 0.0390625 0.046875
0 0.2099609375 0.361328125 0.0234375 0.025390625
0 0.544921875 0.205078125 0.041015625 0.048828125
0 0.5712890625 0.171875 0.0234375 0.0283203125
0 0.2529296875 0.15234375 0.03125 0.0361328125
0 0.013671875 0.013671875 0.02734375 0.02734375
0 0.298828125 0.103515625 0.013671875 0.017578125
0 0.341796875 0.015625 0.0185546875 0.0205078125
0 0.126953125 0.11328125 0.041015625 0.0439453125
0 0.4248046875 0.416015625 0.0625 0.0703125
0 0.529296875 0.3330078125 0.033203125 0.041015625
0 0.17578125 0.5078125 0.021484375 0.0263671875
0 0.06640625 0.69140625 0.021484375 0.0263671875
0 0.115234375 0.6572265625 0.025390625 0.0283203125
0 0.20703125 0.671875 0.0205078125 0.0263671875
0 0.251953125 0.6953125 0.0185546875 0.021484375
0 0.2255859375 0.759765625 0.017578125 0.0185546875
0 0.2646484375 0.794921875 0.0234375 0.0263671875
0 0.1025390625 0.802734375 0.013671875 0.015625
0 0.060546875 0.7451171875 0.013671875 0.0126953125
0 0.4970703125 0.576171875 0.021484375 0.0283203125
0 0.486328125 0.5947265625 0.017578125 0.0205078125
0 0.541015625 0.638671875 0.0185546875 0.0234375
0 0.5703125 0.82421875 0.029296875 0.033203125
0 0.4609375 0.740234375 0.017578125 0.0185546875
0 0.4560546875 0.783203125 0.017578125 0.0205078125
0 0.4462890625 0.892578125 0.013671875 0.015625
0 0.5654296875 0.7685546875 0.0126953125 0.015625
0 0.28515625 0.7763671875 0.013671875 0.015625
0 0.19140625 0.978515625 0.013671875 0.015625
0 0.6630859375 0.126953125 0.0439453125 0.048828125
0 0.810546875 0.208984375 0.033203125 0.0390625
0 0.828125 0.087890625 0.0185546875 0.0205078125
0 0.943359375 0.0849609375 0.033203125 0.037109375
0 0.822265625 0.2607421875 0.021484375 0.021484375
0 0.8095703125 0.2978515625 0.0263671875 0.0283203125
0 0.6845703125 0.3974609375 0.0283203125 0.033203125
0 0.626953125 0.44140625 0.015625 0.017578125
0 0.8310546875 0.673828125 0.0390625 0.0439453125
0 0.919921875 0.638671875 0.048828125 0.056640625
0 0.8193359375 0.630859375 0.2314453125 0.2451171875
0 0.8310546875 0.9091796875 0.025390625 0.0234375
0 0.7275390625 0.9326171875 0.0234375 0.0263671875
0 0.732421875 0.814453125 0.013671875 0.015625