0 0.572265625 0.2568359375 0.1435546875 0.1826171875
0 0.814453125 0.49609375 0.1220703125 0.1484375
0 0.013671875 0.01953125 0.02734375 0.0390625
0 0.2470703125 0.2412109375 0.119140625 0.1748046875
0 0.5849609375 0.431640625 0.1591796875 0.1953125
0 0.404296875 0.318359375 0.205078125 0.2451171875
0 0.455078125 0.51171875 0.1435546875 0.1796875
0 0.451171875 0.4609375 0.0654296875 0.078125
0 0.134765625 0.126953125 0.1748046875 0.25
0 0.0205078125 0.173828125 0.041015625 0.1982421875
0 0.068359375 0.2939453125 0.1357421875 0.2060546875
0 0.185546875 0.3720703125 0.140625 0.1904296875
0 0.1337890625 0.306640625 0.0732421875 0.1123046875
0 0.07421875 0.478515625 0.1279296875 0.1796875
0 0.142578125 0.7060546875 0.134765625 0.1796875
0 0.18359375 0.560546875 0.130859375 0.1875
0 0.318359375 0.470703125 0.1845703125 0.21875
0 0.0283203125 0.7431640625 0.056640625 0.265625
0 0.076171875 0.91015625 0.140625 0.1796875
0 0.240234375 0.87890625 0.1826171875 0.2421875
0 0.2138671875 0.9296875 0.0751953125 0.125
0 0.345703125 0.6513671875 0.2080078125 0.2529296875
0 0.462890625 0.6904296875 0.1689453125 0.2109375
0 0.416015625 0.6669921875 0.0751953125 0.1357421875
0 0.41796875 0.666015625 0.0654296875 0.140625
0 0.33984375 0.580078125 0.103515625 0.0908203125
0 0.57421875 0.6474609375 0.2265625 0.28125
0 0.5029296875 0.6591796875 0.083984375 0.140625
0 0.486328125 0.8369140625 0.1982421875 0.25
0 0.470703125 0.7548828125 0.087890625 0.078125
0 0.484375 0.8525390625 0.1064453125 0.125
0 0.416015625 0.96875 0.134765625 0.0625
0 0.6953125 0.552734375 0.1376953125 0.1826171875
0 0.6650390625 0.8369140625 0.1689453125 0.2216796875
0 0.787109375 0.681640625 0.1689453125 0.203125
0 0.9306640625 0.7099609375 0.119140625 0.1513671875
0 0.87109375 0.8212890625 0.125 0.1484375
0 0.9765625 0.8798828125 0.046875 0.1201171875
0 0.9521484375 0.9580078125 0.091796875 0.083984375
0 0.9794921875 0.6005859375 0.041015625 0.15625
0 0.6259765625 0.9580078125 0.181640625 0.083984375
0 0.8134765625 0.916015625 0.189453125 0.1669921875
0 0.048828125 0.556640625 0.09375 0.1513671875