0 0.1435546875 0.017578125 0.052734375 0.0341796875
0 0.111328125 0.0966796875 0.009765625 0.0107421875
0 0.1650390625 0.1005859375 0.029296875 0.0341796875
0 0.1650390625 0.1240234375 0.013671875 0.017578125
0 0.080078125 0.177734375 0.013671875 0.017578125
0 0.044921875 0.2197265625 0.0263671875 0.03125
0 0.1865234375 0.2216796875 0.0390625 0.046875
0 0.216796875 0.263671875 0.044921875 0.052734375
0 0.306640625 0.240234375 0.017578125 0.021484375
0 0.1357421875 0.30859375 0.0546875 0.0654296875
0 0.2109375 0.3837890625 0.046875 0.0546875
0 0.279296875 0.3798828125 0.048828125 0.0576171875
0 0.0380859375 0.2978515625 0.0283203125 0.03125
0 0.0244140625 0.3447265625 0.0205078125 0.0234375
0 0.056640625 0.4482421875 0.037109375 0.0419921875
0 0.130859375 0.419921875 0.0234375 0.0263671875
0 0.103515625 0.4833984375 0.0234375 0.0263671875
0 0.15234375 0.466796875 0.03125 0.037109375
0 0.0888671875 0.533203125 0.0185546875 0.021484375
0 0.1806640625 0.595703125 0.0126953125 0.013671875
0 0.146484375 0.611328125 0.0185546875 0.021484375
0 0.130859375 0.62109375 0.021484375 0.025390625
0 0.12109375 0.646484375 0.0234375 0.0283203125
0 0.236328125 0.6298828125 0.0205078125 0.0234375
0 0.3076171875 0.681640625 0.0205078125 0.0234375
0 0.2216796875 0.7060546875 0.0732421875 0.0859375
0 0.05078125 0.71484375 0.0126953125 0.013671875
0 0.0458984375 0.7802734375 0.0283203125 0.033203125
0 0.099609375 0.779296875 0.0439453125 0.0498046875
0 0.064453125 0.884765625 0.015625 0.0185546875
0 0.009765625 0.9248046875 0.005859375 0.0078125
0 0.02734375 0.951171875 0.0126953125 0.013671875
0 0.0390625 0.9404296875 0.0078125 0.009765625
0 0.052734375 0.849609375 0.009765625 0.009765625
0 0.2138671875 0.8076171875 0.021484375 0.0263671875
0 0.2568359375 0.763671875 0.0078125 0.0107421875
0 0.29296875 0.77734375 0.0126953125 0.013671875
0 0.2841796875 0.927734375 0.0185546875 0.0205078125
0 0.259765625 0.8779296875 0.029296875 0.0361328125
0 0.33203125 0.8837890625 0.0283203125 0.033203125
0 0.3388671875 0.97265625 0.013671875 0.017578125
0 0.2998046875 0.994140625 0.0078125 0.009765625
0 0.3876953125 0.9853515625 0.025390625 0.029296875
0 0.4638671875 0.9814453125 0.033203125 0.037109375
0 0.5 0.9755859375 0.0185546875 0.021484375
0 0.5654296875 0.904296875 0.0185546875 0.021484375
0 0.6494140625 0.8408203125 0.015625 0.0185546875
0 0.7470703125 0.857421875 0.0283203125 0.033203125
0 0.98828125 0.927734375 0.013671875 0.0185546875
0 0.791015625 0.9482421875 0.1640625 0.103515625
0 0.880859375 0.7197265625 0.0205078125 0.0234375
0 0.7587890625 0.763671875 0.3935546875 0.3408203125
0 0.568359375 0.7041015625 0.0185546875 0.021484375
0 0.857421875 0.5439453125 0.013671875 0.017578125
0 0.923828125 0.599609375 0.033203125 0.037109375
0 0.986328125 0.6357421875 0.0234375 0.0283203125
0 0.373046875 0.814453125 0.0185546875 0.021484375
0 0.4033203125 0.78515625 0.0205078125 0.0234375
0 0.337890625 0.6923828125 0.0078125 0.009765625
0 0.244140625 0.560546875 0.0205078125 0.0234375
0 0.3095703125 0.4736328125 0.013671875 0.017578125
0 0.427734375 0.546875 0.013671875 0.013671875
0 0.4638671875 0.47265625 0.015625 0.0185546875
0 0.5322265625 0.447265625 0.0390625 0.044921875
0 0.505859375 0.501953125 0.0126953125 0.0126953125
0 0.498046875 0.509765625 0.0234375 0.0263671875
0 0.51171875 0.521484375 0.0185546875 0.0234375
0 0.5478515625 0.58203125 0.013671875 0.017578125
0 0.61328125 0.5703125 0.0263671875 0.03125
0 0.5830078125 0.365234375 0.0283203125 0.033203125
0 0.5869140625 0.408203125 0.015625 0.0185546875
0 0.607421875 0.3935546875 0.015625 0.0185546875
0 0.6455078125 0.333984375 0.015625 0.017578125
0 0.451171875 0.2138671875 0.0107421875 0.013671875
0 0.486328125 0.232421875 0.0234375 0.029296875
0 0.525390625 0.263671875 0.0419921875 0.0517578125
0 0.498046875 0.275390625 0.0234375 0.0283203125
0 0.7392578125 0.3779296875 0.0234375 0.0283203125
0 0.8251953125 0.42578125 0.029296875 0.0341796875
0 0.7646484375 0.494140625 0.0234375 0.0283203125
0 0.7890625 0.5263671875 0.0126953125 0.013671875
0 0.970703125 0.28515625 0.013671875 0.013671875
0 0.9013671875 0.2685546875 0.013671875 0.015625
0 0.8798828125 0.1943359375 0.0107421875 0.0126953125
0 0.931640625 0.1513671875 0.0185546875 0.021484375
0 0.8857421875 0.033203125 0.0126953125 0.013671875
0 0.841796875 0.025390625 0.0107421875 0.0126953125
0 0.890625 0.0751953125 0.0185546875 0.021484375
0 0.798828125 0.095703125 0.013671875 0.017578125
0 0.677734375 0.119140625 0.009765625 0.009765625
0 0.572265625 0.1015625 0.025390625 0.029296875
0 0.517578125 0.126953125 0.0205078125 0.0234375
0 0.45703125 0.095703125 0.0263671875 0.029296875
0 0.5185546875 0.01953125 0.0498046875 0.0390625
0 0.533203125 0.53125 0.212890625 0.21875
0 0.34765625 0.0703125 0.134765625 0.140625
0 0.2705078125 0.078125 0.15625 0.15625