0 0.0576171875 0.037109375 0.0205078125 0.0234375
0 0.01171875 0.236328125 0.0234375 0.0283203125
0 0.083984375 0.234375 0.0234375 0.0263671875
0 0.080078125 0.2587890625 0.009765625 0.0126953125
0 0.0419921875 0.181640625 0.0107421875 0.0126953125
0 0.046875 0.205078125 0.021484375 0.025390625
0 0.07421875 0.21484375 0.021484375 0.0263671875
0 0.1376953125 0.1494140625 0.021484375 0.0263671875
0 0.220703125 0.0986328125 0.015625 0.0185546875
0 0.2060546875 0.091796875 0.0185546875 0.021484375
0 0.201171875 0.123046875 0.0205078125 0.0234375
0 0.275390625 0.1259765625 0.021484375 0.0234375
0 0.3115234375 0.150390625 0.0439453125 0.0498046875
0 0.4482421875 0.0458984375 0.013671875 0.017578125
0 0.4208984375 0.041015625 0.0234375 0.025390625
0 0.4111328125 0.193359375 0.009765625 0.0107421875
0 0.3876953125 0.240234375 0.015625 0.0185546875
0 0.3525390625 0.1953125 0.0126953125 0.015625
0 0.3896484375 0.1953125 0.03125 0.037109375
0 0.3740234375 0.193359375 0.0185546875 0.0234375
0 0.244140625 0.248046875 0.0263671875 0.03125
0 0.2890625 0.2412109375 0.1640625 0.185546875
0 0.3369140625 0.3056640625 0.0517578125 0.0595703125
0 0.1220703125 0.4443359375 0.017578125 0.0185546875
0 0.28515625 0.373046875 0.021484375 0.025390625
0 0.03515625 0.58984375 0.009765625 0.0126953125
0 0.021484375 0.728515625 0.0283203125 0.033203125
0 0.142578125 0.76953125 0.013671875 0.017578125
0 0.1259765625 0.8203125 0.2294921875 0.2548828125
0 0.353515625 0.87890625 0.0546875 0.0673828125
0 0.3271484375 0.8212890625 0.0185546875 0.021484375
0 0.396484375 0.8740234375 0.03125 0.0390625
0 0.44921875 0.9033203125 0.0283203125 0.033203125
0 0.470703125 0.9169921875 0.029296875 0.0341796875
0 0.4921875 0.94140625 0.021484375 0.025390625
0 0.4462890625 0.970703125 0.0419921875 0.048828125
0 0.548828125 0.849609375 0.017578125 0.0205078125
0 0.546875 0.8193359375 0.0205078125 0.0234375
0 0.5576171875 0.7822265625 0.033203125 0.0390625
0 0.5361328125 0.7568359375 0.0419921875 0.048828125
0 0.404296875 0.716796875 0.1845703125 0.205078125
0 0.4931640625 0.6455078125 0.021484375 0.0263671875
0 0.6767578125 0.919921875 0.0185546875 0.021484375
0 0.708984375 0.814453125 0.013671875 0.017578125
0 0.798828125 0.8271484375 0.021484375 0.0263671875
0 0.845703125 0.7890625 0.0234375 0.0283203125
0 0.77734375 0.724609375 0.041015625 0.046875
0 0.833984375 0.931640625 0.068359375 0.080078125
0 0.98828125 0.927734375 0.013671875 0.017578125
0 0.9189453125 0.716796875 0.0107421875 0.0126953125
0 0.9697265625 0.751953125 0.029296875 0.0341796875
0 0.9580078125 0.6298828125 0.009765625 0.0107421875
0 0.8837890625 0.595703125 0.115234375 0.130859375
0 0.6259765625 0.607421875 0.046875 0.056640625
0 0.681640625 0.65234375 0.0107421875 0.0126953125
0 0.7255859375 0.677734375 0.0185546875 0.0205078125
0 0.716796875 0.6884765625 0.0107421875 0.0126953125
0 0.873046875 0.44140625 0.0283203125 0.03125
0 0.978515625 0.427734375 0.025390625 0.03125
0 0.8994140625 0.1689453125 0.0126953125 0.013671875
0 0.861328125 0.201171875 0.0263671875 0.03125
0 0.818359375 0.0166015625 0.025390625 0.029296875
0 0.8681640625 0.08984375 0.025390625 0.029296875
0 0.93359375 0.087890625 0.021484375 0.025390625
0 0.7001953125 0.03125 0.0185546875 0.021484375
0 0.7021484375 0.419921875 0.1435546875 0.1611328125
0 0.70703125 0.3330078125 0.025390625 0.0263671875
0 0.677734375 0.337890625 0.017578125 0.0185546875
0 0.748046875 0.2919921875 0.03125 0.0341796875
0 0.6201171875 0.2939453125 0.0283203125 0.033203125
0 0.6123046875 0.326171875 0.0205078125 0.0234375
0 0.609375 0.23046875 0.017578125 0.0185546875
0 0.537109375 0.228515625 0.0126953125 0.017578125
0 0.466796875 0.322265625 0.0107421875 0.0126953125
0 0.5478515625 0.4189453125 0.0263671875 0.033203125
0 0.5283203125 0.408203125 0.0205078125 0.025390625
0 0.435546875 0.4921875 0.0205078125 0.0234375
0 0.365234375 0.5322265625 0.015625 0.0185546875
0 0.392578125 0.4638671875 0.0361328125 0.0419921875
0 0.533203125 0.48828125 0.060546875 0.0703125
0 0.30859375 0.052734375 0.013671875 0.017578125