0 0.306640625 0.0458984375 0.1015625 0.091796875
0 0.5361328125 0.033203125 0.1123046875 0.0654296875
0 0.412109375 0.0244140625 0.0361328125 0.0419921875
0 0.361328125 0.291015625 0.03125 0.037109375
0 0.560546875 0.3720703125 0.0283203125 0.03125
0 0.595703125 0.3740234375 0.021484375 0.0263671875
0 0.6552734375 0.3681640625 0.0126953125 0.013671875
0 0.6591796875 0.3359375 0.0078125 0.0107421875
0 0.435546875 0.3974609375 0.0263671875 0.03125
0 0.267578125 0.494140625 0.0185546875 0.021484375
0 0.154296875 0.443359375 0.013671875 0.017578125
0 0.236328125 0.279296875 0.015625 0.0185546875
0 0.2412109375 0.13671875 0.125 0.146484375
0 0.193359375 0.572265625 0.029296875 0.0341796875
0 0.197265625 0.509765625 0.0234375 0.0283203125
0 0.2412109375 0.7138671875 0.013671875 0.015625
0 0.33984375 0.6806640625 0.0205078125 0.0234375
0 0.458984375 0.580078125 0.0205078125 0.0234375
0 0.45703125 0.6025390625 0.013671875 0.017578125
0 0.162109375 0.6513671875 0.013671875 0.017578125
0 0.189453125 0.75390625 0.015625 0.0185546875
0 0.2763671875 0.869140625 0.0205078125 0.0234375
0 0.193359375 0.93359375 0.0361328125 0.0419921875
0 0.033203125 0.873046875 0.0126953125 0.015625
0 0.189453125 0.8037109375 0.013671875 0.015625
0 0.099609375 0.0185546875 0.0185546875 0.021484375
0 0.1435546875 0.0439453125 0.005859375 0.0078125
0 0.310546875 0.423828125 0.0078125 0.0107421875
0 0.357421875 0.38671875 0.013671875 0.017578125
0 0.2685546875 0.8017578125 0.0107421875 0.0126953125
0 0.4541015625 0.79296875 0.013671875 0.017578125
0 0.630859375 0.052734375 0.0283203125 0.033203125
0 0.814453125 0.0615234375 0.0390625 0.046875
0 0.9521484375 0.068359375 0.0283203125 0.033203125
0 0.908203125 0.060546875 0.03125 0.0361328125
0 0.810546875 0.2021484375 0.0185546875 0.021484375
0 0.669921875 0.15625 0.0107421875 0.0126953125
0 0.96484375 0.21875 0.033203125 0.037109375
0 0.9296875 0.3740234375 0.0185546875 0.021484375
0 0.796875 0.36328125 0.0205078125 0.0234375
0 0.9326171875 0.353515625 0.013671875 0.017578125
0 0.95703125 0.4736328125 0.03125 0.0361328125
0 0.8837890625 0.6240234375 0.0126953125 0.0126953125
0 0.8740234375 0.7109375 0.017578125 0.0205078125
0 0.9873046875 0.9287109375 0.0126953125 0.013671875
0 0.810546875 0.947265625 0.009765625 0.0107421875
0 0.603515625 0.4677734375 0.021484375 0.0263671875
0 0.5771484375 0.0498046875 0.015625 0.0185546875
0 0.7939453125 0.2802734375 0.025390625 0.029296875
0 0.7880859375 0.3876953125 0.013671875 0.017578125
0 0.6904296875 0.5537109375 0.0185546875 0.021484375
0 0.798828125 0.6953125 0.013671875 0.015625
0 0.365234375 0.142578125 0.017578125 0.0205078125
0 0.939453125 0.1513671875 0.033203125 0.0390625
0 0.96875 0.0771484375 0.021484375 0.0263671875
0 0.8173828125 0.708984375 0.009765625 0.0107421875
0 0.8818359375 0.9765625 0.009765625 0.0107421875
0 0.5869140625 0.400390625 0.0126953125 0.013671875
0 0.591796875 0.4814453125 0.0107421875 0.0126953125
0 0.6591796875 0.787109375 0.0205078125 0.0234375
0 0.3095703125 0.3876953125 0.0078125 0.0078125
0 0.7626953125 0.48828125 0.017578125 0.0205078125
0 0.849609375 0.513671875 0.0126953125 0.0126953125
0 0.765625 0.66015625 0.0078125 0.009765625
0 0.2177734375 0.857421875 0.005859375 0.0078125
0 0.9873046875 0.9873046875 0.013671875 0.017578125
0 0.455078125 0.142578125 0.0234375 0.029296875
0 0.212890625 0.169921875 0.025390625 0.029296875
0 0.119140625 0.322265625 0.0185546875 0.0234375
0 0.318359375 0.337890625 0.029296875 0.033203125
0 0.060546875 0.142578125 0.0126953125 0.015625
0 0.3671875 0.158203125 0.0126953125 0.013671875
0 0.091796875 0.4013671875 0.0439453125 0.052734375
0 0.14453125 0.4052734375 0.025390625 0.029296875
0 0.2099609375 0.4677734375 0.0234375 0.0283203125
0 0.2236328125 0.458984375 0.0234375 0.0234375
0 0.259765625 0.404296875 0.013671875 0.0185546875
0 0.388671875 0.6005859375 0.107421875 0.1201171875
0 0.2236328125 0.6103515625 0.044921875 0.0517578125
0 0.099609375 0.615234375 0.0263671875 0.0283203125
0 0.078125 0.685546875 0.037109375 0.0439453125
0 0.0283203125 0.673828125 0.033203125 0.033203125
0 0.029296875 0.7373046875 0.0390625 0.0439453125
0 0.2548828125 0.7841796875 0.0283203125 0.0283203125
0 0.353515625 0.833984375 0.029296875 0.033203125
0 0.416015625 0.7978515625 0.0283203125 0.03125
0 0.427734375 0.775390625 0.021484375 0.0283203125
0 0.4306640625 0.828125 0.0234375 0.029296875
0 0.1845703125 0.857421875 0.005859375 0.009765625
0 0.216796875 0.755859375 0.015625 0.0205078125
0 0.080078125 0.9541015625 0.0126953125 0.015625
0 0.267578125 0.984375 0.009765625 0.0107421875
0 0.1630859375 0.142578125 0.0126953125 0.015625
0 0.1513671875 0.9169921875 0.0185546875 0.0234375
0 0.4248046875 0.9248046875 0.009765625 0.0107421875
0 0.603515625 0.9033203125 0.037109375 0.0419921875
0 0.654296875 0.9853515625 0.0263671875 0.029296875
0 0.7099609375 0.94140625 0.0263671875 0.03125
0 0.837890625 0.962890625 0.025390625 0.029296875
0 0.501953125 0.794921875 0.021484375 0.0234375
0 0.5654296875 0.7373046875 0.046875 0.0546875
0 0.6416015625 0.794921875 0.0185546875 0.021484375
0 0.634765625 0.8330078125 0.0126953125 0.015625
0 0.8740234375 0.8271484375 0.021484375 0.021484375
0 0.7158203125 0.654296875 0.021484375 0.0263671875
0 0.740234375 0.556640625 0.015625 0.017578125
0 0.908203125 0.4755859375 0.0205078125 0.021484375
0 0.7158203125 0.498046875 0.0390625 0.0439453125
0 0.7822265625 0.46875 0.0185546875 0.0185546875
0 0.8349609375 0.3974609375 0.021484375 0.0234375
0 0.66796875 0.408203125 0.0185546875 0.0205078125
0 0.6162109375 0.404296875 0.013671875 0.017578125
0 0.6494140625 0.4296875 0.015625 0.015625
0 0.537109375 0.6875 0.033203125 0.0361328125
0 0.5693359375 0.1875 0.0908203125 0.1064453125
0 0.63671875 0.078125 0.013671875 0.015625
0 0.814453125 0.251953125 0.0263671875 0.029296875
0 0.6728515625 0.2666015625 0.0283203125 0.03125
0 0.369140625 0.400390625 0.017578125 0.0185546875
0 0.447265625 0.3837890625 0.0126953125 0.013671875
0 0.6484375 0.4873046875 0.0234375 0.0283203125