0 0.58203125 0.2646484375 0.1533203125 0.193359375
0 0.814453125 0.517578125 0.1279296875 0.15625
0 0.033203125 0.00390625 0.0283203125 0.0078125
0 0.2578125 0.2236328125 0.125 0.1826171875
0 0.58984375 0.4375 0.1689453125 0.2060546875
0 0.412109375 0.3134765625 0.2138671875 0.2607421875
0 0.4560546875 0.509765625 0.150390625 0.1875
0 0.453125 0.4609375 0.068359375 0.0830078125
0 0.150390625 0.1162109375 0.1845703125 0.232421875
0 0.0341796875 0.1435546875 0.0498046875 0.203125
0 0.0791015625 0.2666015625 0.146484375 0.2138671875
0 0.1923828125 0.3525390625 0.150390625 0.1982421875
0 0.14453125 0.2841796875 0.078125 0.1171875
0 0.076171875 0.451171875 0.134765625 0.1875
0 0.134765625 0.685546875 0.140625 0.1875
0 0.181640625 0.541015625 0.140625 0.1953125
0 0.3212890625 0.4609375 0.189453125 0.2294921875
0 0.0263671875 0.7099609375 0.052734375 0.2685546875
0 0.06640625 0.87890625 0.1328125 0.185546875
0 0.2265625 0.861328125 0.1923828125 0.2529296875
0 0.1953125 0.912109375 0.0810546875 0.1279296875
0 0.341796875 0.642578125 0.216796875 0.265625
0 0.4560546875 0.689453125 0.1748046875 0.21875
0 0.41015625 0.662109375 0.0810546875 0.140625
0 0.412109375 0.662109375 0.0703125 0.1484375
0 0.337890625 0.5703125 0.1064453125 0.0986328125
0 0.5693359375 0.654296875 0.2392578125 0.296875
0 0.498046875 0.6591796875 0.0908203125 0.1435546875
0 0.4716796875 0.8369140625 0.2109375 0.265625
0 0.4609375 0.7529296875 0.0908203125 0.0830078125
0 0.470703125 0.8525390625 0.109375 0.1328125
0 0.3955078125 0.9619140625 0.138671875 0.076171875
0 0.6953125 0.56640625 0.1435546875 0.1904296875
0 0.650390625 0.8486328125 0.1767578125 0.234375
0 0.78125 0.7021484375 0.177734375 0.2138671875
0 0.9228515625 0.7373046875 0.125 0.1591796875
0 0.857421875 0.8447265625 0.1298828125 0.15625
0 0.9609375 0.91015625 0.052734375 0.125
0 0.93359375 0.97265625 0.0966796875 0.0546875
0 0.9765625 0.6318359375 0.046875 0.1591796875
0 0.60546875 0.9580078125 0.18359375 0.083984375
0 0.796875 0.923828125 0.1953125 0.1513671875
0 0.048828125 0.525390625 0.0966796875 0.15625