0 0.201171875 0.1025390625 0.017578125 0.0205078125
0 0.166015625 0.0234375 0.009765625 0.0107421875
0 0.0791015625 0.015625 0.0126953125 0.013671875
0 0.251953125 0.19921875 0.013671875 0.015625
0 0.166015625 0.2294921875 0.013671875 0.015625
0 0.23046875 0.224609375 0.0107421875 0.0126953125
0 0.283203125 0.234375 0.013671875 0.015625
0 0.19140625 0.2841796875 0.009765625 0.0107421875
0 0.349609375 0.1689453125 0.015625 0.0185546875
0 0.3623046875 0.146484375 0.013671875 0.017578125
0 0.2470703125 0.2333984375 0.005859375 0.0078125
0 0.298828125 0.6943359375 0.013671875 0.017578125
0 0.099609375 0.765625 0.017578125 0.0205078125
0 0.138671875 0.7294921875 0.005859375 0.0078125
0 0.181640625 0.8505859375 0.009765625 0.0126953125
0 0.435546875 0.94140625 0.015625 0.0185546875
0 0.2529296875 0.62109375 0.0185546875 0.021484375
0 0.4736328125 0.611328125 0.0078125 0.009765625
0 0.3515625 0.62890625 0.0205078125 0.0234375
0 0.4697265625 0.5625 0.025390625 0.029296875
0 0.4375 0.5458984375 0.0205078125 0.0234375
0 0.552734375 0.529296875 0.03125 0.0361328125
0 0.517578125 0.779296875 0.0126953125 0.0126953125
0 0.5380859375 0.8232421875 0.0078125 0.009765625
0 0.099609375 0.05859375 0.0185546875 0.021484375
0 0.033203125 0.1328125 0.005859375 0.0078125
0 0.3134765625 0.240234375 0.0126953125 0.013671875
0 0.78125 0.087890625 0.0263671875 0.03125
0 0.7763671875 0.123046875 0.0048828125 0.0078125
0 0.779296875 0.19921875 0.0390625 0.046875
0 0.7275390625 0.080078125 0.0205078125 0.0234375
0 0.6875 0.080078125 0.017578125 0.0205078125
0 0.537109375 0.14453125 0.0185546875 0.021484375
0 0.517578125 0.3359375 0.0078125 0.009765625
0 0.685546875 0.400390625 0.0126953125 0.015625
0 0.615234375 0.490234375 0.0185546875 0.021484375
0 0.771484375 0.5595703125 0.0234375 0.0283203125
0 0.68359375 0.255859375 0.0185546875 0.021484375
0 0.6435546875 0.986328125 0.0048828125 0.0078125
0 0.5322265625 0.978515625 0.0126953125 0.015625
0 0.5478515625 0.1220703125 0.03125 0.0361328125
0 0.8525390625 0.0166015625 0.0126953125 0.013671875
0 0.90234375 0.0478515625 0.056640625 0.0673828125
0 0.8564453125 0.25390625 0.0263671875 0.03125
0 0.931640625 0.306640625 0.025390625 0.029296875
0 0.794921875 0.2958984375 0.015625 0.0185546875
0 0.8994140625 0.3125 0.013671875 0.015625
0 0.953125 0.3447265625 0.0126953125 0.013671875
0 0.822265625 0.404296875 0.0078125 0.009765625
0 0.9248046875 0.4306640625 0.0078125 0.009765625
0 0.953125 0.8896484375 0.017578125 0.0205078125
0 0.9873046875 0.9287109375 0.013671875 0.017578125
0 0.9873046875 0.986328125 0.013671875 0.017578125
0 0.8173828125 0.896484375 0.017578125 0.0205078125
0 0.826171875 0.8203125 0.015625 0.0185546875
0 0.958984375 0.763671875 0.009765625 0.0107421875
0 0.9267578125 0.685546875 0.0283203125 0.033203125
0 0.9326171875 0.6298828125 0.0263671875 0.03125
0 0.064453125 0.4248046875 0.0234375 0.0283203125
0 0.9892578125 0.490234375 0.021484375 0.0234375
0 0.947265625 0.4794921875 0.0126953125 0.013671875
0 0.9560546875 0.29296875 0.0205078125 0.0234375
0 0.724609375 0.5400390625 0.021484375 0.0263671875
0 0.794921875 0.4755859375 0.0341796875 0.041015625
0 0.7470703125 0.1513671875 0.0234375 0.0283203125
0 0.8857421875 0.017578125 0.0185546875 0.021484375
0 0.7294921875 0.9296875 0.015625 0.0185546875
0 0.380859375 0.5302734375 0.0517578125 0.0595703125
0 0.376953125 0.357421875 0.013671875 0.017578125
0 0.513671875 0.091796875 0.0185546875 0.021484375
0 0.513671875 0.1494140625 0.017578125 0.0205078125
0 0.994140625 0.236328125 0.0107421875 0.0234375
0 0.8818359375 0.7666015625 0.0078125 0.0078125
0 0.453125 0.9873046875 0.0107421875 0.0126953125
0 0.8515625 0.8759765625 0.0048828125 0.005859375
0 0.6796875 0.638671875 0.015625 0.0185546875
0 0.8251953125 0.6103515625 0.0361328125 0.0419921875
0 0.705078125 0.521484375 0.0439453125 0.0517578125
0 0.24609375 0.2724609375 0.013671875 0.017578125
0 0.232421875 0.896484375 0.017578125 0.0205078125
0 0.666015625 0.6865234375 0.033203125 0.0390625
0 0.8603515625 0.2763671875 0.025390625 0.029296875
0 0.966796875 0.61328125 0.0078125 0.009765625
0 0.029296875 0.8583984375 0.0576171875 0.119140625
0 0.2578125 0.7685546875 0.0390625 0.046875
0 0.5849609375 0.322265625 0.021484375 0.025390625
0 0.3212890625 0.958984375 0.015625 0.0185546875
0 0.763671875 0.9296875 0.017578125 0.0205078125
0 0.947265625 0.2109375 0.033203125 0.037109375
0 0.0380859375 0.0205078125 0.0185546875 0.021484375
0 0.123046875 0.1044921875 0.013671875 0.015625
0 0.248046875 0.15234375 0.021484375 0.0234375
0 0.294921875 0.1796875 0.0185546875 0.0234375
0 0.427734375 0.275390625 0.033203125 0.0390625
0 0.029296875 0.220703125 0.0576171875 0.0703125
0 0.10546875 0.24609375 0.025390625 0.029296875
0 0.1298828125 0.333984375 0.0126953125 0.013671875
0 0.38671875 0.009765625 0.0234375 0.0185546875
0 0.486328125 0.310546875 0.03125 0.033203125
0 0.021484375 0.4072265625 0.0234375 0.0283203125
0 0.2197265625 0.4150390625 0.0126953125 0.013671875
0 0.291015625 0.4755859375 0.0185546875 0.021484375
0 0.181640625 0.439453125 0.021484375 0.0234375
0 0.0517578125 0.4375 0.0283203125 0.03125
0 0.373046875 0.5087890625 0.0234375 0.03125
0 0.1884765625 0.6953125 0.017578125 0.0205078125
0 0.1328125 0.6865234375 0.0205078125 0.021484375
0 0.0517578125 0.7470703125 0.0234375 0.0283203125
0 0.0537109375 0.6884765625 0.0126953125 0.0126953125
0 0.017578125 0.744140625 0.0205078125 0.021484375
0 0.33203125 0.7275390625 0.029296875 0.0361328125
0 0.373046875 0.755859375 0.017578125 0.021484375
0 0.3896484375 0.728515625 0.013671875 0.015625
0 0.072265625 0.8388671875 0.017578125 0.0205078125
0 0.3076171875 0.837890625 0.017578125 0.0205078125
0 0.326171875 0.89453125 0.0234375 0.033203125
0 0.404296875 0.9091796875 0.0283203125 0.029296875
0 0.4033203125 0.9541015625 0.0283203125 0.03125
0 0.2470703125 0.9501953125 0.015625 0.017578125
0 0.115234375 0.8984375 0.021484375 0.0234375
0 0.0458984375 0.974609375 0.017578125 0.0185546875
0 0.3154296875 0.591796875 0.013671875 0.017578125
0 0.4912109375 0.5107421875 0.025390625 0.029296875
0 0.509765625 0.912109375 0.021484375 0.0283203125
0 0.55859375 0.751953125 0.0283203125 0.033203125
0 0.626953125 0.943359375 0.0126953125 0.015625
0 0.494140625 0.966796875 0.0185546875 0.0234375
0 0.513671875 0.404296875 0.013671875 0.013671875
0 0.5927734375 0.4169921875 0.0263671875 0.029296875
0 0.541015625 0.0439453125 0.0361328125 0.0439453125
0 0.615234375 0.23828125 0.0263671875 0.029296875
0 0.576171875 0.1259765625 0.0283203125 0.0341796875
0 0.5546875 0.205078125 0.0234375 0.0263671875
0 0.658203125 0.5126953125 0.013671875 0.0185546875
0 0.43359375 0.4638671875 0.013671875 0.013671875
0 0.578125 0.58984375 0.021484375 0.0234375
0 0.7333984375 0.8955078125 0.0126953125 0.013671875
0 0.671875 0.986328125 0.0126953125 0.0126953125
0 0.69140625 0.73828125 0.013671875 0.015625
0 0.7490234375 0.8427734375 0.0078125 0.0107421875