0 0.4501953125 0.087890625 0.0234375 0.0283203125
0 0.208984375 0.1455078125 0.0205078125 0.0234375
0 0.0126953125 0.271484375 0.025390625 0.0419921875
0 0.2646484375 0.2978515625 0.015625 0.0185546875
0 0.2802734375 0.197265625 0.0185546875 0.021484375
0 0.2177734375 0.259765625 0.013671875 0.015625
0 0.4248046875 0.375 0.033203125 0.0390625
0 0.5107421875 0.3486328125 0.0107421875 0.0126953125
0 0.6552734375 0.3056640625 0.013671875 0.017578125
0 0.619140625 0.2822265625 0.0283203125 0.03125
0 0.66796875 0.1181640625 0.0234375 0.0283203125
0 0.4736328125 0.1328125 0.009765625 0.0107421875
0 0.0595703125 0.1494140625 0.0126953125 0.013671875
0 0.0458984375 0.0234375 0.017578125 0.0205078125
0 0.3603515625 0.115234375 0.017578125 0.0205078125
0 0.142578125 0.744140625 0.0185546875 0.021484375
0 0.70703125 0.9208984375 0.017578125 0.0205078125
0 0.80859375 0.888671875 0.009765625 0.0107421875
0 0.5791015625 0.791015625 0.013671875 0.017578125
0 0.4091796875 0.7900390625 0.0107421875 0.0126953125
0 0.396484375 0.6845703125 0.138671875 0.162109375
0 0.251953125 0.03125 0.013671875 0.017578125
0 0.689453125 0.013671875 0.046875 0.02734375
0 0.8388671875 0.013671875 0.0185546875 0.021484375
0 0.603515625 0.0068359375 0.009765625 0.0107421875
0 0.734375 0.419921875 0.015625 0.0185546875
0 0.806640625 0.5166015625 0.134765625 0.158203125
0 0.669921875 0.6904296875 0.0126953125 0.015625
0 0.6865234375 0.466796875 0.013671875 0.017578125
0 0.6455078125 0.767578125 0.1748046875 0.2060546875
0 0.6494140625 0.5 0.017578125 0.0205078125
0 0.802734375 0.1787109375 0.009765625 0.009765625
0 0.771484375 0.0966796875 0.0126953125 0.013671875
0 0.39453125 0.4306640625 0.0185546875 0.021484375
0 0.2685546875 0.548828125 0.0107421875 0.0126953125
0 0.154296875 0.4931640625 0.017578125 0.0205078125
0 0.6328125 0.9140625 0.015625 0.0185546875
0 0.884765625 0.423828125 0.017578125 0.0205078125
0 0.990234375 0.9287109375 0.017578125 0.0205078125
0 0.9873046875 0.986328125 0.017578125 0.0205078125
0 0.884765625 0.255859375 0.0126953125 0.013671875
0 0.474609375 0.2626953125 0.021484375 0.0263671875
0 0.2392578125 0.681640625 0.017578125 0.0205078125
0 0.9921875 0.2060546875 0.015625 0.029296875
0 0.06640625 0.1748046875 0.015625 0.0185546875
0 0.0546875 0.830078125 0.0263671875 0.03125
0 0.6396484375 0.166015625 0.0078125 0.009765625
0 0.90625 0.509765625 0.0078125 0.009765625
0 0.337890625 0.10546875 0.029296875 0.037109375
0 0.3623046875 0.1474609375 0.013671875 0.013671875
0 0.267578125 0.142578125 0.029296875 0.03125
0 0.16796875 0.138671875 0.0283203125 0.03125
0 0.2060546875 0.0400390625 0.021484375 0.0234375
0 0.080078125 0.2666015625 0.0283203125 0.0341796875
0 0.2177734375 0.181640625 0.0390625 0.0439453125
0 0.0771484375 0.2119140625 0.009765625 0.0107421875
0 0.40625 0.302734375 0.0283203125 0.029296875
0 0.4716796875 0.1943359375 0.0205078125 0.0234375
0 0.1181640625 0.1416015625 0.029296875 0.0341796875
0 0.109375 0.431640625 0.0283203125 0.033203125
0 0.037109375 0.5703125 0.0185546875 0.021484375
0 0.298828125 0.5966796875 0.0205078125 0.0234375
0 0.3095703125 0.5576171875 0.017578125 0.0205078125
0 0.3037109375 0.666015625 0.0263671875 0.033203125
0 0.0673828125 0.8583984375 0.0390625 0.046875
0 0.3623046875 0.931640625 0.0205078125 0.021484375
0 0.48046875 0.923828125 0.048828125 0.0546875
0 0.501953125 0.8798828125 0.0283203125 0.033203125
0 0.3369140625 0.951171875 0.013671875 0.015625
0 0.1884765625 0.7353515625 0.013671875 0.015625
0 0.2236328125 0.830078125 0.009765625 0.0126953125
0 0.3759765625 0.2529296875 0.013671875 0.013671875
0 0.3125 0.427734375 0.009765625 0.0107421875
0 0.0302734375 0.822265625 0.0263671875 0.029296875
0 0.4677734375 0.2861328125 0.0126953125 0.0126953125
0 0.572265625 0.2890625 0.03125 0.0361328125
0 0.7431640625 0.2734375 0.013671875 0.0185546875
0 0.654296875 0.26171875 0.033203125 0.0390625
0 0.6328125 0.478515625 0.0361328125 0.0419921875
0 0.5712890625 0.4482421875 0.0205078125 0.0205078125
0 0.697265625 0.1396484375 0.015625 0.017578125
0 0.6630859375 0.0390625 0.0234375 0.0283203125
0 0.546875 0.1845703125 0.021484375 0.0283203125
0 0.798828125 0.0703125 0.021484375 0.0263671875
0 0.779296875 0.08203125 0.013671875 0.015625
0 0.7841796875 0.0439453125 0.0185546875 0.021484375
0 0.876953125 0.1845703125 0.0185546875 0.0205078125
0 0.814453125 0.1552734375 0.013671875 0.017578125
0 0.943359375 0.318359375 0.015625 0.017578125
0 0.728515625 0.626953125 0.021484375 0.0263671875
0 0.8427734375 0.6357421875 0.005859375 0.0078125
0 0.716796875 0.6767578125 0.0107421875 0.0107421875
0 0.583984375 0.6689453125 0.0205078125 0.0263671875
0 0.7880859375 0.828125 0.0126953125 0.015625
0 0.849609375 0.8447265625 0.015625 0.0185546875
0 0.865234375 0.8203125 0.0078125 0.009765625
0 0.85546875 0.9150390625 0.0263671875 0.03125
0 0.767578125 0.9833984375 0.025390625 0.0263671875
0 0.537109375 0.966796875 0.0107421875 0.0126953125
0 0.556640625 0.7529296875 0.0205078125 0.021484375
0 0.4287109375 0.708984375 0.0205078125 0.0234375
0 0.525390625 0.615234375 0.1875 0.2001953125
0 0.1416015625 0.841796875 0.013671875 0.015625
0 0.1025390625 0.2216796875 0.0234375 0.0283203125
0 0.556640625 0.873046875 0.0283203125 0.03125
0 0.173828125 0.427734375 0.265625 0.2734375