0 0.009765625 0.0263671875 0.01953125 0.029296875
0 0.048828125 0.0107421875 0.048828125 0.021484375
0 0.158203125 0.0693359375 0.0078125 0.009765625
0 0.21875 0.0888671875 0.03125 0.0361328125
0 0.232421875 0.0478515625 0.017578125 0.0185546875
0 0.2998046875 0.0322265625 0.0107421875 0.0126953125
0 0.283203125 0.056640625 0.0234375 0.0283203125
0 0.01171875 0.115234375 0.009765625 0.009765625
0 0.099609375 0.1669921875 0.009765625 0.009765625
0 0.1435546875 0.171875 0.0126953125 0.0126953125
0 0.1669921875 0.1494140625 0.037109375 0.0419921875
0 0.275390625 0.173828125 0.0419921875 0.048828125
0 0.2587890625 0.205078125 0.021484375 0.025390625
0 0.3173828125 0.2001953125 0.0205078125 0.021484375
0 0.353515625 0.19921875 0.015625 0.0185546875
0 0.34375 0.154296875 0.0361328125 0.041015625
0 0.4189453125 0.087890625 0.021484375 0.0263671875
0 0.4345703125 0.0986328125 0.021484375 0.025390625
0 0.388671875 0.130859375 0.0126953125 0.013671875
0 0.4384765625 0.1455078125 0.013671875 0.015625
0 0.4189453125 0.162109375 0.017578125 0.0205078125
0 0.4072265625 0.1875 0.005859375 0.0078125
0 0.392578125 0.23828125 0.0078125 0.009765625
0 0.16015625 0.2626953125 0.154296875 0.169921875
0 0.0341796875 0.265625 0.013671875 0.015625
0 0.099609375 0.349609375 0.0205078125 0.0234375
0 0.015625 0.4169921875 0.0078125 0.009765625
0 0.037109375 0.4384765625 0.0078125 0.009765625
0 0.017578125 0.724609375 0.0126953125 0.0126953125
0 0.064453125 0.654296875 0.0966796875 0.1123046875
0 0.19140625 0.6875 0.009765625 0.0107421875
0 0.2275390625 0.7177734375 0.0078125 0.009765625
0 0.2119140625 0.5927734375 0.0283203125 0.03125
0 0.21484375 0.611328125 0.015625 0.017578125
0 0.2060546875 0.5283203125 0.021484375 0.0263671875
0 0.2578125 0.5712890625 0.017578125 0.0185546875
0 0.33984375 0.3701171875 0.2451171875 0.2548828125
0 0.5361328125 0.5107421875 0.0205078125 0.021484375
0 0.4931640625 0.541015625 0.0283203125 0.03125
0 0.4697265625 0.5537109375 0.021484375 0.0234375
0 0.5 0.625 0.0205078125 0.0234375
0 0.5439453125 0.63671875 0.033203125 0.037109375
0 0.5791015625 0.6181640625 0.0283203125 0.033203125
0 0.4990234375 0.619140625 0.2392578125 0.2626953125
0 0.408203125 0.7412109375 0.0205078125 0.0234375
0 0.470703125 0.7138671875 0.013671875 0.013671875
0 0.4736328125 0.7890625 0.021484375 0.0234375
0 0.396484375 0.783203125 0.013671875 0.015625
0 0.583984375 0.734375 0.0126953125 0.013671875
0 0.685546875 0.4990234375 0.0888671875 0.1015625
0 0.71484375 0.6240234375 0.146484375 0.1611328125
0 0.962890625 0.4716796875 0.025390625 0.029296875
0 0.86328125 0.513671875 0.1904296875 0.2470703125
0 0.962890625 0.3486328125 0.0205078125 0.0234375
0 0.8671875 0.3134765625 0.0107421875 0.0126953125
0 0.818359375 0.341796875 0.048828125 0.0546875
0 0.8203125 0.2646484375 0.083984375 0.0966796875
0 0.9169921875 0.1328125 0.0283203125 0.03125
0 0.986328125 0.1416015625 0.0234375 0.0283203125
0 0.96875 0.177734375 0.013671875 0.017578125
0 0.9423828125 0.005859375 0.009765625 0.01171875
0 0.958984375 0.078125 0.017578125 0.0205078125
0 0.8662109375 0.1552734375 0.1435546875 0.162109375
0 0.8134765625 0.103515625 0.1640625 0.177734375
0 0.7275390625 0.0654296875 0.015625 0.0185546875
0 0.6142578125 0.041015625 0.0234375 0.029296875
0 0.6025390625 0.130859375 0.03125 0.0341796875
0 0.720703125 0.1982421875 0.0048828125 0.0078125
0 0.685546875 0.2099609375 0.015625 0.0185546875
0 0.650390625 0.2646484375 0.0263671875 0.029296875
0 0.603515625 0.2138671875 0.015625 0.0205078125
0 0.5830078125 0.2412109375 0.0234375 0.0283203125
0 0.544921875 0.259765625 0.0205078125 0.0234375
0 0.5634765625 0.365234375 0.013671875 0.015625
0 0.5107421875 0.0517578125 0.0126953125 0.015625
0 0.1787109375 0.814453125 0.0419921875 0.0498046875
0 0.201171875 0.900390625 0.017578125 0.0205078125
0 0.2353515625 0.892578125 0.0126953125 0.013671875
0 0.35546875 0.916015625 0.203125 0.1669921875
0 0.541015625 0.8916015625 0.0185546875 0.021484375
0 0.7333984375 0.93359375 0.033203125 0.0390625
0 0.875 0.958984375 0.0234375 0.0283203125
0 0.857421875 0.791015625 0.009765625 0.0107421875
0 0.9287109375 0.8798828125 0.0234375 0.0283203125