0 0.3681640625 0.056640625 0.0234375 0.0283203125
0 0.4365234375 0.041015625 0.0234375 0.0283203125
0 0.490234375 0.083984375 0.0263671875 0.029296875
0 0.51953125 0.044921875 0.0107421875 0.0126953125
0 0.220703125 0.169921875 0.009765625 0.009765625
0 0.119140625 0.1416015625 0.015625 0.0185546875
0 0.0087890625 0.134765625 0.017578125 0.046875
0 0.421875 0.171875 0.013671875 0.015625
0 0.5361328125 0.1884765625 0.0078125 0.009765625
0 0.33203125 0.2802734375 0.0185546875 0.021484375
0 0.2607421875 0.302734375 0.0234375 0.0283203125
0 0.2041015625 0.365234375 0.0234375 0.0283203125
0 0.1259765625 0.28125 0.009765625 0.0107421875
0 0.1884765625 0.20703125 0.009765625 0.0126953125
0 0.1904296875 0.1494140625 0.072265625 0.083984375
0 0.0419921875 0.2890625 0.0126953125 0.013671875
0 0.1044921875 0.39453125 0.0078125 0.009765625
0 0.1943359375 0.466796875 0.015625 0.0185546875
0 0.3857421875 0.53125 0.0283203125 0.033203125
0 0.4189453125 0.611328125 0.021484375 0.0263671875
0 0.251953125 0.798828125 0.025390625 0.03125
0 0.31640625 0.818359375 0.013671875 0.017578125
0 0.3876953125 0.8994140625 0.0078125 0.009765625
0 0.537109375 0.830078125 0.0107421875 0.0126953125
0 0.056640625 0.873046875 0.013671875 0.017578125
0 0.265625 0.947265625 0.0078125 0.009765625
0 0.4697265625 0.935546875 0.009765625 0.0107421875
0 0.4482421875 0.7275390625 0.1455078125 0.171875
0 0.568359375 0.724609375 0.0078125 0.009765625
0 0.619140625 0.7392578125 0.0126953125 0.015625
0 0.5791015625 0.328125 0.0078125 0.009765625
0 0.5966796875 0.357421875 0.0078125 0.0078125
0 0.8701171875 0.005859375 0.017578125 0.01171875
0 0.828125 0.01171875 0.009765625 0.0107421875
0 0.91796875 0.1875 0.015625 0.0185546875
0 0.8203125 0.3271484375 0.0283203125 0.03125
0 0.966796875 0.369140625 0.0107421875 0.0126953125
0 0.7822265625 0.2333984375 0.0126953125 0.013671875
0 0.798828125 0.3935546875 0.0126953125 0.015625
0 0.916015625 0.380859375 0.009765625 0.009765625
0 0.7392578125 0.5751953125 0.015625 0.0185546875
0 0.630859375 0.5263671875 0.0283203125 0.03125
0 0.6328125 0.4091796875 0.015625 0.0185546875
0 0.666015625 0.400390625 0.0048828125 0.0078125
0 0.4921875 0.4990234375 0.017578125 0.0205078125
0 0.724609375 0.771484375 0.0126953125 0.015625
0 0.7158203125 0.8623046875 0.0078125 0.0107421875
0 0.505859375 0.646484375 0.009765625 0.0107421875
0 0.107421875 0.5625 0.0078125 0.009765625
0 0.3828125 0.6162109375 0.015625 0.0185546875
0 0.6962890625 0.775390625 0.0283203125 0.033203125
0 0.5869140625 0.5576171875 0.017578125 0.0205078125
0 0.0048828125 0.0927734375 0.009765625 0.0205078125
0 0.970703125 0.18359375 0.013671875 0.017578125
0 0.87890625 0.447265625 0.0283203125 0.033203125
0 0.380859375 0.8984375 0.013671875 0.015625
0 0.546875 0.361328125 0.0205078125 0.0234375
0 0.32421875 0.404296875 0.015625 0.0185546875
0 0.6142578125 0.58984375 0.0439453125 0.0517578125
0 0.3271484375 0.1396484375 0.0654296875 0.076171875
0 0.6396484375 0.083984375 0.021484375 0.0263671875
0 0.591796875 0.0849609375 0.0341796875 0.041015625
0 0.1943359375 0.302734375 0.0185546875 0.021484375
0 0.1552734375 0.11328125 0.0341796875 0.041015625
0 0.2197265625 0.0634765625 0.021484375 0.0263671875
0 0.0849609375 0.09765625 0.025390625 0.029296875
0 0.0517578125 0.185546875 0.0517578125 0.0595703125
0 0.333984375 0.10546875 0.015625 0.0185546875
0 0.251953125 0.033203125 0.009765625 0.0126953125
0 0.458984375 0.1982421875 0.046875 0.0576171875
0 0.1103515625 0.3359375 0.0234375 0.029296875
0 0.162109375 0.357421875 0.0234375 0.03125
0 0.1806640625 0.36328125 0.021484375 0.0283203125
0 0.2099609375 0.4072265625 0.0361328125 0.0419921875
0 0.1328125 0.380859375 0.015625 0.0205078125
0 0.162109375 0.5068359375 0.046875 0.056640625
0 0.24609375 0.4970703125 0.0263671875 0.033203125
0 0.216796875 0.48046875 0.021484375 0.0234375
0 0.154296875 0.572265625 0.025390625 0.0283203125
0 0.0283203125 0.5791015625 0.025390625 0.0283203125
0 0.150390625 0.6103515625 0.013671875 0.017578125
0 0.3603515625 0.599609375 0.037109375 0.0439453125
0 0.384765625 0.419921875 0.015625 0.0185546875
0 0.421875 0.517578125 0.013671875 0.015625
0 0.1455078125 0.056640625 0.021484375 0.021484375
0 0.037109375 0.009765625 0.015625 0.017578125
0 0.091796875 0.1982421875 0.037109375 0.0439453125
0 0.0556640625 0.263671875 0.015625 0.0185546875
0 0.5654296875 0.142578125 0.037109375 0.046875
0 0.6103515625 0.2470703125 0.0234375 0.029296875
0 0.626953125 0.29296875 0.015625 0.0185546875
0 0.751953125 0.15625 0.0185546875 0.021484375
0 0.71875 0.146484375 0.017578125 0.0185546875
0 0.599609375 0.130859375 0.015625 0.0185546875
0 0.470703125 0.314453125 0.056640625 0.064453125
0 0.53125 0.2880859375 0.013671875 0.017578125
0 0.5908203125 0.2890625 0.015625 0.017578125
0 0.2392578125 0.2509765625 0.0234375 0.029296875
0 0.3154296875 0.0693359375 0.0126953125 0.0126953125
0 0.7744140625 0.361328125 0.015625 0.017578125
0 0.5634765625 0.478515625 0.013671875 0.015625
0 0.529296875 0.513671875 0.013671875 0.017578125
0 0.51171875 0.677734375 0.025390625 0.0283203125
0 0.66796875 0.66015625 0.0283203125 0.03125
0 0.3359375 0.7685546875 0.041015625 0.046875
0 0.3427734375 0.728515625 0.03125 0.037109375
0 0.2177734375 0.826171875 0.013671875 0.015625
0 0.408203125 0.85546875 0.0185546875 0.021484375
0 0.330078125 0.833984375 0.009765625 0.0126953125
0 0.3017578125 0.771484375 0.013671875 0.015625
0 0.3408203125 0.681640625 0.0185546875 0.0263671875
0 0.25 0.666015625 0.0283203125 0.0283203125
0 0.611328125 0.888671875 0.025390625 0.029296875
0 0.626953125 0.896484375 0.0126953125 0.0126953125
0 0.392578125 0.96484375 0.0283203125 0.03125
0 0.2392578125 0.95703125 0.009765625 0.0107421875
0 0.0263671875 0.791015625 0.0107421875 0.0126953125
0 0.1552734375 0.728515625 0.0185546875 0.0185546875
0 0.7998046875 0.029296875 0.0234375 0.0263671875
0 0.8759765625 0.083984375 0.052734375 0.0576171875
0 0.912109375 0.091796875 0.017578125 0.0205078125
0 0.8984375 0.21484375 0.033203125 0.037109375
0 0.8466796875 0.197265625 0.0205078125 0.0234375
0 0.85546875 0.3251953125 0.0185546875 0.0205078125
0 0.8740234375 0.373046875 0.015625 0.0205078125
0 0.962890625 0.427734375 0.025390625 0.029296875
0 0.8837890625 0.416015625 0.0234375 0.0263671875
0 0.830078125 0.490234375 0.017578125 0.0185546875
0 0.8798828125 0.5166015625 0.017578125 0.0185546875
0 0.939453125 0.4755859375 0.021484375 0.0234375
0 0.9755859375 0.4794921875 0.0263671875 0.0263671875
0 0.9072265625 0.427734375 0.009765625 0.0107421875
0 0.9443359375 0.56640625 0.0185546875 0.0205078125
0 0.83203125 0.5986328125 0.013671875 0.0126953125
0 0.873046875 0.931640625 0.013671875 0.013671875