0 0.2177734375 0.234375 0.013671875 0.015625
0 0.140625 0.275390625 0.0078125 0.0078125
0 0.2431640625 0.3515625 0.0107421875 0.0126953125
0 0.1162109375 0.357421875 0.013671875 0.015625
0 0.04296875 0.576171875 0.013671875 0.017578125
0 0.2861328125 0.572265625 0.0986328125 0.115234375
0 0.431640625 0.5029296875 0.140625 0.1669921875
0 0.482421875 0.5498046875 0.021484375 0.0263671875
0 0.392578125 0.62109375 0.0078125 0.009765625
0 0.1162109375 0.705078125 0.0126953125 0.0126953125
0 0.0126953125 0.2646484375 0.0126953125 0.013671875
0 0.3427734375 0.1787109375 0.0185546875 0.021484375
0 0.263671875 0.82421875 0.0126953125 0.013671875
0 0.0810546875 0.833984375 0.0283203125 0.033203125
0 0.0595703125 0.8515625 0.017578125 0.0205078125
0 0.330078125 0.7919921875 0.013671875 0.015625
0 0.24609375 0.8623046875 0.015625 0.0185546875
0 0.6943359375 0.962890625 0.0126953125 0.013671875
0 0.677734375 0.982421875 0.0107421875 0.0126953125
0 0.6669921875 0.8076171875 0.015625 0.0185546875
0 0.681640625 0.775390625 0.048828125 0.056640625
0 0.724609375 0.671875 0.0126953125 0.013671875
0 0.3125 0.966796875 0.0078125 0.009765625
0 0.271484375 0.9111328125 0.03125 0.0361328125
0 0.1279296875 0.498046875 0.005859375 0.009765625
0 0.2021484375 0.5234375 0.017578125 0.0205078125
0 0.5849609375 0.49609375 0.0107421875 0.0126953125
0 0.1337890625 0.9892578125 0.025390625 0.021484375
0 0.0205078125 0.9501953125 0.013671875 0.017578125
0 0.634765625 0.705078125 0.017578125 0.0205078125
0 0.701171875 0.052734375 0.15625 0.10546875
0 0.611328125 0.0751953125 0.1640625 0.150390625
0 0.3935546875 0.05859375 0.224609375 0.1171875
0 0.232421875 0.2548828125 0.017578125 0.0205078125
0 0.40625 0.990234375 0.015625 0.0185546875
0 0.416015625 0.8515625 0.013671875 0.015625
0 0.7509765625 0.486328125 0.03125 0.0361328125
0 0.8076171875 0.654296875 0.0205078125 0.0234375
0 0.638671875 0.7509765625 0.0439453125 0.0517578125
0 0.9873046875 0.9296875 0.013671875 0.015625
0 0.9873046875 0.9873046875 0.015625 0.0185546875
0 0.986328125 0.861328125 0.0185546875 0.021484375
0 0.173828125 0.5830078125 0.0185546875 0.021484375
0 0.576171875 0.5673828125 0.0107421875 0.0126953125
0 0.640625 0.392578125 0.009765625 0.009765625
0 0.666015625 0.3291015625 0.017578125 0.0205078125
0 0.5712890625 0.3876953125 0.0107421875 0.0126953125
0 0.7021484375 0.3408203125 0.0126953125 0.015625
0 0.7900390625 0.287109375 0.0234375 0.0283203125
0 0.890625 0.880859375 0.009765625 0.0107421875
0 0.513671875 0.513671875 0.025390625 0.029296875
0 0.94921875 0.1044921875 0.021484375 0.0263671875
0 0.8720703125 0.05078125 0.021484375 0.0263671875
0 0.736328125 0.8232421875 0.017578125 0.0205078125
0 0.8046875 0.1484375 0.015625 0.0185546875
0 0.984375 0.1357421875 0.0126953125 0.013671875
0 0.798828125 0.501953125 0.029296875 0.0341796875
0 0.72265625 0.7158203125 0.0126953125 0.0126953125
0 0.599609375 0.61328125 0.1279296875 0.1513671875
0 0.5439453125 0.490234375 0.0126953125 0.015625
0 0.126953125 0.748046875 0.009765625 0.0107421875
0 0.615234375 0.4296875 0.0126953125 0.013671875
0 0.1318359375 0.3232421875 0.029296875 0.037109375
0 0.576171875 0.2919921875 0.125 0.1513671875
0 0.6962890625 0.2626953125 0.037109375 0.0439453125
0 0.3974609375 0.298828125 0.017578125 0.0205078125
0 0.2763671875 0.4755859375 0.015625 0.0185546875
0 0.087890625 0.5654296875 0.017578125 0.021484375
0 0.3408203125 0.46875 0.015625 0.0185546875
0 0.3564453125 0.431640625 0.021484375 0.0263671875
0 0.0703125 0.146484375 0.140625 0.2001953125
0 0.244140625 0.09375 0.25 0.1875
0 0.1103515625 0.6474609375 0.037109375 0.0419921875
0 0.0771484375 0.642578125 0.025390625 0.0283203125
0 0.0732421875 0.7607421875 0.021484375 0.0283203125
0 0.126953125 0.9462890625 0.025390625 0.029296875
0 0.1005859375 0.892578125 0.013671875 0.013671875
0 0.2880859375 0.830078125 0.0185546875 0.021484375
0 0.4609375 0.7353515625 0.1591796875 0.1845703125
0 0.220703125 0.6513671875 0.0234375 0.0263671875
0 0.6962890625 0.5673828125 0.1298828125 0.1513671875
0 0.59765625 0.8583984375 0.015625 0.017578125
0 0.3857421875 0.9833984375 0.013671875 0.015625
0 0.2109375 0.9736328125 0.0078125 0.0107421875
0 0.4619140625 0.5927734375 0.015625 0.0185546875
0 0.6181640625 0.5029296875 0.03125 0.0361328125
0 0.86328125 0.181640625 0.03125 0.033203125
0 0.7275390625 0.3115234375 0.017578125 0.0185546875
0 0.673828125 0.365234375 0.013671875 0.015625
0 0.6806640625 0.4091796875 0.015625 0.0185546875
0 0.658203125 0.427734375 0.0126953125 0.015625
0 0.59765625 0.404296875 0.025390625 0.029296875
0 0.7666015625 0.66015625 0.0126953125 0.013671875
0 0.8935546875 0.76953125 0.171875 0.189453125
0 0.763671875 0.771484375 0.0234375 0.0283203125
0 0.818359375 0.9111328125 0.0283203125 0.033203125
0 0.712890625 0.9736328125 0.013671875 0.0185546875
0 0.7841796875 0.912109375 0.0126953125 0.015625
0 0.6123046875 0.705078125 0.015625 0.0185546875
0 0.9013671875 0.068359375 0.0234375 0.0283203125
0 0.888671875 0.029296875 0.015625 0.017578125
0 0.974609375 0.201171875 0.013671875 0.017578125
0 0.892578125 0.359375 0.2109375 0.287109375
0 0.814453125 0.166015625 0.21875 0.244140625