0 0.203125 0.333984375 0.205078125 0.240234375
0 0.638671875 0.3876953125 0.0859375 0.0986328125
0 0.888671875 0.5712890625 0.1669921875 0.1875
0 0.8935546875 0.21875 0.0390625 0.048828125
0 0.2529296875 0.181640625 0.021484375 0.021484375
0 0.0693359375 0.482421875 0.033203125 0.037109375
0 0.5546875 0.2646484375 0.0185546875 0.0205078125
0 0.599609375 0.3037109375 0.021484375 0.0263671875
0 0.751953125 0.330078125 0.025390625 0.029296875
0 0.7568359375 0.271484375 0.03125 0.033203125
0 0.3095703125 0.1923828125 0.013671875 0.015625
0 0.7109375 0.1220703125 0.0185546875 0.0205078125
0 0.2177734375 0.7099609375 0.0185546875 0.021484375
0 0.19921875 0.814453125 0.0185546875 0.0234375
0 0.12109375 0.818359375 0.0205078125 0.021484375
0 0.455078125 0.7353515625 0.025390625 0.0263671875
0 0.8251953125 0.6953125 0.025390625 0.029296875
0 0.8037109375 0.6806640625 0.0234375 0.0283203125
0 0.658203125 0.595703125 0.033203125 0.037109375
0 0.7900390625 0.765625 0.0126953125 0.0126953125
0 0.76953125 0.94140625 0.013671875 0.0185546875
0 0.490234375 0.580078125 0.013671875 0.0126953125
0 0.947265625 0.33203125 0.03125 0.0361328125
0 0.80078125 0.322265625 0.015625 0.0185546875
0 0.71484375 0.0126953125 0.015625 0.017578125
0 0.5830078125 0.1240234375 0.0283203125 0.03125
0 0.654296875 0.2275390625 0.021484375 0.0263671875
0 0.689453125 0.3271484375 0.0205078125 0.0234375
0 0.724609375 0.173828125 0.0107421875 0.0126953125
0 0.4189453125 0.0458984375 0.0107421875 0.0126953125
0 0.501953125 0.0703125 0.0126953125 0.013671875
0 0.267578125 0.0234375 0.013671875 0.015625
0 0.201171875 0.1083984375 0.0126953125 0.0126953125
0 0.103515625 0.0703125 0.20703125 0.140625
0 0.16015625 0.771484375 0.013671875 0.017578125
0 0.13671875 0.6220703125 0.0107421875 0.0126953125
0 0.583984375 0.8896484375 0.021484375 0.0263671875
0 0.5751953125 0.490234375 0.0126953125 0.015625
0 0.95703125 0.26171875 0.033203125 0.0390625
0 0.9775390625 0.2705078125 0.0263671875 0.029296875
0 0.796875 0.1787109375 0.013671875 0.015625
0 0.8095703125 0.1650390625 0.0107421875 0.0126953125
0 0.7626953125 0.060546875 0.021484375 0.025390625
0 0.982421875 0.126953125 0.03125 0.033203125
0 0.845703125 0.494140625 0.216796875 0.2236328125
0 0.8583984375 0.1611328125 0.009765625 0.0126953125
0 0.880859375 0.09765625 0.0107421875 0.0126953125
0 0.76171875 0.8525390625 0.0078125 0.0107421875
0 0.8564453125 0.830078125 0.0185546875 0.021484375
0 0.224609375 0.9609375 0.015625 0.021484375
0 0.232421875 0.53515625 0.013671875 0.0185546875
0 0.525390625 0.509765625 0.0107421875 0.0126953125
0 0.3759765625 0.158203125 0.0078125 0.009765625
0 0.091796875 0.4599609375 0.0126953125 0.0126953125
0 0.54296875 0.8017578125 0.025390625 0.033203125
0 0.638671875 0.9189453125 0.140625 0.154296875
0 0.705078125 0.306640625 0.0107421875 0.013671875
0 0.7734375 0.3740234375 0.017578125 0.0205078125
0 0.7509765625 0.361328125 0.015625 0.0185546875
0 0.876953125 0.25390625 0.021484375 0.0283203125
0 0.953125 0.142578125 0.048828125 0.0576171875
0 0.564453125 0.369140625 0.009765625 0.009765625
0 0.330078125 0.4384765625 0.03125 0.037109375
0 0.08203125 0.0361328125 0.013671875 0.015625
0 0.318359375 0.6552734375 0.013671875 0.017578125
0 0.990234375 0.9287109375 0.013671875 0.017578125
0 0.3779296875 0.873046875 0.2939453125 0.2529296875
0 0.392578125 0.34765625 0.1982421875 0.208984375
0 0.638671875 0.7314453125 0.267578125 0.2705078125