0 0.287109375 0.076171875 0.021484375 0.0263671875
0 0.333984375 0.0771484375 0.021484375 0.0263671875
0 0.556640625 0.10546875 0.0107421875 0.0126953125
0 0.623046875 0.0234375 0.0185546875 0.021484375
0 0.556640625 0.447265625 0.015625 0.0185546875
0 0.470703125 0.4189453125 0.0234375 0.0283203125
0 0.0185546875 0.3525390625 0.0205078125 0.0234375
0 0.0830078125 0.73828125 0.1611328125 0.189453125
0 0.759765625 0.841796875 0.0283203125 0.033203125
0 0.2744140625 0.515625 0.0185546875 0.021484375
0 0.4208984375 0.494140625 0.029296875 0.0341796875
0 0.2509765625 0.357421875 0.015625 0.0185546875
0 0.3857421875 0.521484375 0.005859375 0.0078125
0 0.025390625 0.4794921875 0.0498046875 0.15625
0 0.6533203125 0.3291015625 0.021484375 0.0263671875
0 0.7802734375 0.181640625 0.033203125 0.0390625
0 0.5234375 0.146484375 0.0205078125 0.0234375
0 0.615234375 0.2119140625 0.0126953125 0.013671875
0 0.5927734375 0.197265625 0.0048828125 0.0078125
0 0.751953125 0.763671875 0.0263671875 0.03125
0 0.943359375 0.580078125 0.021484375 0.0263671875
0 0.818359375 0.5576171875 0.009765625 0.0107421875
0 0.892578125 0.6240234375 0.009765625 0.0107421875
0 0.7763671875 0.1015625 0.0126953125 0.015625
0 0.8564453125 0.76171875 0.0126953125 0.013671875
0 0.3681640625 0.947265625 0.013671875 0.017578125
0 0.6494140625 0.404296875 0.0126953125 0.013671875
0 0.935546875 0.7529296875 0.009765625 0.0107421875
0 0.0283203125 0.1494140625 0.033203125 0.0390625
0 0.107421875 0.205078125 0.1484375 0.1767578125
0 0.283203125 0.0166015625 0.021484375 0.0263671875
0 0.1826171875 0.341796875 0.130859375 0.1513671875
0 0.095703125 0.3330078125 0.013671875 0.013671875
0 0.072265625 0.4189453125 0.0185546875 0.0234375
0 0.2275390625 0.5126953125 0.0185546875 0.021484375
0 0.2197265625 0.578125 0.033203125 0.037109375
0 0.306640625 0.5859375 0.033203125 0.0419921875
0 0.28125 0.607421875 0.0205078125 0.0263671875
0 0.0439453125 0.6767578125 0.0185546875 0.021484375
0 0.2939453125 0.84765625 0.033203125 0.037109375
0 0.251953125 0.80078125 0.013671875 0.017578125
0 0.3466796875 0.115234375 0.017578125 0.0185546875
0 0.3330078125 0.099609375 0.0107421875 0.0126953125
0 0.009765625 0.599609375 0.01953125 0.0390625
0 0.4609375 0.658203125 0.013671875 0.0185546875
0 0.20703125 0.9248046875 0.015625 0.0185546875
0 0.3212890625 0.8681640625 0.015625 0.017578125
0 0.3828125 0.919921875 0.013671875 0.015625
0 0.39453125 0.955078125 0.0126953125 0.0126953125
0 0.1171875 0.892578125 0.009765625 0.0107421875
0 0.3837890625 0.6796875 0.03125 0.037109375
0 0.3916015625 0.478515625 0.013671875 0.017578125
0 0.4814453125 0.107421875 0.015625 0.0205078125
0 0.4794921875 0.1650390625 0.0205078125 0.021484375
0 0.224609375 0.1943359375 0.005859375 0.005859375
0 0.76171875 0.095703125 0.013671875 0.015625
0 0.583984375 0.1923828125 0.0078125 0.009765625
0 0.6484375 0.263671875 0.013671875 0.017578125
0 0.58203125 0.2890625 0.103515625 0.1171875
0 0.751953125 0.283203125 0.1298828125 0.146484375
0 0.38671875 0.2685546875 0.271484375 0.265625
0 0.42578125 0.076171875 0.013671875 0.017578125
0 0.8857421875 0.142578125 0.1796875 0.193359375
0 0.9619140625 0.205078125 0.013671875 0.017578125
0 0.9443359375 0.294921875 0.015625 0.0185546875
0 0.826171875 0.220703125 0.0234375 0.029296875
0 0.6474609375 0.294921875 0.0263671875 0.03125
0 0.80859375 0.37890625 0.0185546875 0.0234375
0 0.740234375 0.3720703125 0.0185546875 0.021484375
0 0.560546875 0.4130859375 0.021484375 0.0283203125
0 0.779296875 0.501953125 0.013671875 0.017578125
0 0.662109375 0.0595703125 0.025390625 0.0283203125
0 0.8271484375 0.6318359375 0.029296875 0.0341796875
0 0.919921875 0.697265625 0.013671875 0.015625
0 0.978515625 0.595703125 0.009765625 0.0126953125
0 0.552734375 0.7607421875 0.0625 0.0703125
0 0.708984375 0.7958984375 0.103515625 0.1201171875
0 0.837890625 0.74609375 0.0205078125 0.0234375
0 0.67578125 0.720703125 0.029296875 0.033203125
0 0.859375 0.9541015625 0.0107421875 0.0126953125
0 0.5751953125 0.96484375 0.0126953125 0.015625
0 0.48828125 0.9248046875 0.0107421875 0.0126953125
0 0.46484375 0.8525390625 0.126953125 0.1357421875
0 0.896484375 0.912109375 0.0234375 0.0283203125
0 0.8046875 0.8896484375 0.0078125 0.0078125
0 0.6181640625 0.3740234375 0.0126953125 0.015625
0 0.4345703125 0.6484375 0.212890625 0.259765625
0 0.19921875 0.5400390625 0.0107421875 0.0107421875
0 0.3544921875 0.958984375 0.0078125 0.0126953125
0 0.158203125 0.091796875 0.0341796875 0.041015625
0 0.8994140625 0.533203125 0.013671875 0.017578125
0 0.3642578125 0.8916015625 0.029296875 0.0361328125
0 0.705078125 0.5283203125 0.0419921875 0.0439453125
0 0.744140625 0.0419921875 0.1796875 0.083984375
0 0.669921875 0.478515625 0.1982421875 0.2080078125