0 0.498046875 0.2021484375 0.1328125 0.15625
0 0.19140625 0.0732421875 0.013671875 0.017578125
0 0.080078125 0.158203125 0.029296875 0.0361328125
0 0.1435546875 0.140625 0.009765625 0.0126953125
0 0.0625 0.2080078125 0.0126953125 0.013671875
0 0.017578125 0.19921875 0.009765625 0.0126953125
0 0.3876953125 0.38671875 0.03125 0.037109375
0 0.244140625 0.3427734375 0.017578125 0.0205078125
0 0.2705078125 0.2666015625 0.0107421875 0.0126953125
0 0.3935546875 0.3046875 0.0205078125 0.0234375
0 0.458984375 0.28125 0.021484375 0.0263671875
0 0.4853515625 0.390625 0.009765625 0.0107421875
0 0.412109375 0.4560546875 0.025390625 0.029296875
0 0.1044921875 0.466796875 0.0263671875 0.03125
0 0.09765625 0.513671875 0.0126953125 0.0126953125
0 0.201171875 0.4404296875 0.044921875 0.052734375
0 0.1923828125 0.353515625 0.1845703125 0.216796875
0 0.0126953125 0.34765625 0.009765625 0.0107421875
0 0.060546875 0.16015625 0.021484375 0.0263671875
0 0.4365234375 0.517578125 0.033203125 0.037109375
0 0.400390625 0.6943359375 0.015625 0.0185546875
0 0.056640625 0.705078125 0.009765625 0.0107421875
0 0.17578125 0.49609375 0.013671875 0.017578125
0 0.3388671875 0.861328125 0.0185546875 0.021484375
0 0.400390625 0.880859375 0.0283203125 0.033203125
0 0.224609375 0.8203125 0.0107421875 0.0126953125
0 0.1279296875 0.8583984375 0.013671875 0.017578125
0 0.3642578125 0.931640625 0.015625 0.0185546875
0 0.326171875 0.66015625 0.021484375 0.0263671875
0 0.376953125 0.587890625 0.013671875 0.015625
0 0.044921875 0.88671875 0.0390625 0.046875
0 0.0302734375 0.7607421875 0.013671875 0.015625
0 0.3564453125 0.4306640625 0.0078125 0.009765625
0 0.552734375 0.58984375 0.037109375 0.0439453125
0 0.62890625 0.599609375 0.0126953125 0.0126953125
0 0.677734375 0.6025390625 0.009765625 0.0107421875
0 0.630859375 0.7353515625 0.013671875 0.017578125
0 0.708984375 0.8486328125 0.0283203125 0.033203125
0 0.7314453125 0.8984375 0.0126953125 0.015625
0 0.2119140625 0.8916015625 0.013671875 0.017578125
0 0.4501953125 0.9267578125 0.0205078125 0.0234375
0 0.083984375 0.697265625 0.015625 0.0185546875
0 0.111328125 0.2197265625 0.0185546875 0.021484375
0 0.6337890625 0.365234375 0.017578125 0.0205078125
0 0.6474609375 0.412109375 0.0107421875 0.0126953125
0 0.689453125 0.4326171875 0.0126953125 0.013671875
0 0.5498046875 0.466796875 0.03125 0.0361328125
0 0.37890625 0.0234375 0.029296875 0.0341796875
0 0.603515625 0.185546875 0.0283203125 0.033203125
0 0.701171875 0.255859375 0.015625 0.0185546875
0 0.677734375 0.0556640625 0.0234375 0.0283203125
0 0.5576171875 0.0478515625 0.1748046875 0.095703125
0 0.474609375 0.0576171875 0.126953125 0.115234375
0 0.60546875 0.6689453125 0.021484375 0.0263671875
0 0.9873046875 0.927734375 0.013671875 0.017578125
0 0.9658203125 0.970703125 0.0341796875 0.041015625
0 0.951171875 0.9892578125 0.0078125 0.009765625
0 0.8681640625 0.6298828125 0.0341796875 0.041015625
0 0.83203125 0.6474609375 0.015625 0.0185546875
0 0.73828125 0.5703125 0.009765625 0.0107421875
0 0.787109375 0.5283203125 0.03125 0.0361328125
0 0.59375 0.861328125 0.0048828125 0.005859375
0 0.921875 0.306640625 0.017578125 0.0205078125
0 0.873046875 0.275390625 0.0107421875 0.0126953125
0 0.9404296875 0.2099609375 0.0107421875 0.0126953125
0 0.873046875 0.16796875 0.013671875 0.015625
0 0.896484375 0.1787109375 0.03125 0.0361328125
0 0.9755859375 0.4609375 0.0107421875 0.0126953125
0 0.8212890625 0.369140625 0.0078125 0.0078125
0 0.8076171875 0.638671875 0.0234375 0.0283203125
0 0.701171875 0.595703125 0.015625 0.0185546875
0 0.7197265625 0.109375 0.0234375 0.0283203125
0 0.962890625 0.205078125 0.017578125 0.0205078125
0 0.5595703125 0.927734375 0.013671875 0.017578125
0 0.6572265625 0.236328125 0.0234375 0.0283203125
0 0.94921875 0.59765625 0.0185546875 0.021484375
0 0.4931640625 0.697265625 0.017578125 0.0205078125
0 0.236328125 0.1298828125 0.072265625 0.087890625
0 0.388671875 0.2080078125 0.162109375 0.173828125
0 0.046875 0.361328125 0.033203125 0.037109375
0 0.076171875 0.462890625 0.0234375 0.029296875
0 0.0234375 0.150390625 0.0283203125 0.033203125
0 0.23828125 0.044921875 0.0185546875 0.021484375
0 0.373046875 0.080078125 0.046875 0.0517578125
0 0.515625 0.4326171875 0.0703125 0.078125
0 0.4658203125 0.482421875 0.046875 0.0517578125
0 0.275390625 0.4873046875 0.0341796875 0.041015625
0 0.119140625 0.5224609375 0.015625 0.0185546875
0 0.052734375 0.5263671875 0.0185546875 0.021484375
0 0.0107421875 0.6083984375 0.0185546875 0.021484375
0 0.2197265625 0.712890625 0.03125 0.0361328125
0 0.0205078125 0.6484375 0.025390625 0.0283203125
0 0.2724609375 0.62109375 0.037109375 0.0439453125
0 0.2197265625 0.58984375 0.107421875 0.125
0 0.138671875 0.94140625 0.025390625 0.029296875
0 0.2802734375 0.89453125 0.0185546875 0.0205078125
0 0.326171875 0.974609375 0.021484375 0.0263671875
0 0.2490234375 0.955078125 0.0185546875 0.0205078125
0 0.169921875 0.861328125 0.017578125 0.0205078125
0 0.0478515625 0.8251953125 0.009765625 0.0126953125
0 0.076171875 0.794921875 0.009765625 0.0126953125
0 0.2060546875 0.7451171875 0.013671875 0.015625
0 0.4248046875 0.646484375 0.0185546875 0.0205078125
0 0.5341796875 0.6650390625 0.0185546875 0.0234375
0 0.5654296875 0.716796875 0.0185546875 0.021484375
0 0.2314453125 0.755859375 0.009765625 0.0107421875
0 0.076171875 0.607421875 0.0126953125 0.017578125
0 0.201171875 0.3798828125 0.0185546875 0.0234375
0 0.310546875 0.3828125 0.03125 0.037109375
0 0.072265625 0.0732421875 0.0126953125 0.015625
0 0.7509765625 0.162109375 0.03125 0.037109375
0 0.78125 0.1259765625 0.0205078125 0.021484375
0 0.724609375 0.23828125 0.025390625 0.029296875
0 0.626953125 0.318359375 0.015625 0.0185546875
0 0.697265625 0.330078125 0.033203125 0.0390625
0 0.736328125 0.310546875 0.0126953125 0.015625
0 0.736328125 0.2783203125 0.0126953125 0.015625
0 0.677734375 0.4150390625 0.017578125 0.0205078125
0 0.6337890625 0.50390625 0.015625 0.0185546875
0 0.7138671875 0.630859375 0.0546875 0.0625
0 0.751953125 0.65625 0.0283203125 0.03125
0 0.7978515625 0.7744140625 0.0498046875 0.056640625
0 0.7890625 0.962890625 0.025390625 0.0263671875
0 0.7255859375 0.978515625 0.0107421875 0.0107421875
0 0.625 0.85546875 0.013671875 0.015625
0 0.669921875 0.7978515625 0.0126953125 0.015625
0 0.810546875 0.80859375 0.013671875 0.013671875
0 0.3779296875 0.556640625 0.013671875 0.017578125
0 0.8076171875 0.525390625 0.013671875 0.017578125
0 0.677734375 0.873046875 0.0126953125 0.013671875
0 0.5751953125 0.193359375 0.0234375 0.0234375
0 0.9775390625 0.263671875 0.0263671875 0.029296875
0 0.849609375 0.3125 0.021484375 0.0234375
0 0.724609375 0.53125 0.0185546875 0.0263671875
0 0.908203125 0.6025390625 0.013671875 0.0185546875
0 0.90625 0.654296875 0.0126953125 0.0126953125
0 0.958984375 0.7744140625 0.029296875 0.0341796875
0 0.888671875 0.958984375 0.0126953125 0.0126953125
0 0.8896484375 0.9814453125 0.009765625 0.0126953125
0 0.892578125 0.2041015625 0.015625 0.0185546875
0 0.865234375 0.09765625 0.0234375 0.0283203125
0 0.73828125 0.3779296875 0.0107421875 0.0107421875