0 0.2275390625 0.1572265625 0.033203125 0.037109375
0 0.2333984375 0.30078125 0.033203125 0.037109375
0 0.234375 0.2470703125 0.0185546875 0.021484375
0 0.154296875 0.248046875 0.0078125 0.009765625
0 0.146484375 0.40234375 0.017578125 0.0205078125
0 0.013671875 0.5927734375 0.0263671875 0.0341796875
0 0.1142578125 0.615234375 0.0234375 0.0283203125
0 0.4091796875 0.619140625 0.0205078125 0.0234375
0 0.5673828125 0.556640625 0.0078125 0.0107421875
0 0.2021484375 0.64453125 0.029296875 0.0341796875
0 0.283203125 0.990234375 0.0234375 0.0185546875
0 0.23828125 0.931640625 0.013671875 0.017578125
0 0.3984375 0.7666015625 0.1953125 0.2294921875
0 0.546875 0.123046875 0.037109375 0.0439453125
0 0.5634765625 0.189453125 0.015625 0.0185546875
0 0.646484375 0.234375 0.0283203125 0.0341796875
0 0.72265625 0.255859375 0.0732421875 0.087890625
0 0.62890625 0.376953125 0.025390625 0.029296875
0 0.71484375 0.412109375 0.013671875 0.015625
0 0.744140625 0.576171875 0.1171875 0.1376953125
0 0.650390625 0.556640625 0.0341796875 0.041015625
0 0.6640625 0.6083984375 0.009765625 0.0107421875
0 0.6689453125 0.7021484375 0.130859375 0.154296875
0 0.2197265625 0.39453125 0.021484375 0.0263671875
0 0.7607421875 0.03515625 0.033203125 0.0390625
0 0.740234375 0.041015625 0.017578125 0.0205078125
0 0.857421875 0.10546875 0.0205078125 0.0234375
0 0.9833984375 0.087890625 0.017578125 0.0205078125
0 0.9580078125 0.3916015625 0.0205078125 0.0234375
0 0.7919921875 0.310546875 0.0126953125 0.015625
0 0.8525390625 0.501953125 0.009765625 0.0107421875
0 0.9326171875 0.591796875 0.029296875 0.0341796875
0 0.9892578125 0.9296875 0.013671875 0.017578125
0 0.90625 0.9013671875 0.015625 0.0185546875
0 0.849609375 0.951171875 0.0439453125 0.0517578125
0 0.806640625 0.939453125 0.0107421875 0.0126953125
0 0.712890625 0.9765625 0.0107421875 0.0126953125
0 0.5966796875 0.83203125 0.0234375 0.0283203125
0 0.5654296875 0.7802734375 0.015625 0.0185546875
0 0.48828125 0.8896484375 0.013671875 0.015625
0 0.443359375 0.978515625 0.009765625 0.0107421875
0 0.724609375 0.814453125 0.025390625 0.0283203125
0 0.853515625 0.681640625 0.1455078125 0.171875
0 0.6708984375 0.388671875 0.015625 0.0185546875
0 0.984375 0.4375 0.03125 0.037109375
0 0.587890625 0.04296875 0.177734375 0.0859375
0 0.2578125 0.083984375 0.03125 0.0361328125
0 0.1767578125 0.1162109375 0.0234375 0.0283203125
0 0.04296875 0.7978515625 0.021484375 0.0263671875
0 0.0302734375 0.880859375 0.025390625 0.029296875
0 0.525390625 0.587890625 0.0126953125 0.0126953125
0 0.5888671875 0.125 0.0419921875 0.0498046875
0 0.427734375 0.037109375 0.0263671875 0.029296875
0 0.455078125 0.1572265625 0.033203125 0.0361328125
0 0.330078125 0.0966796875 0.0234375 0.0234375
0 0.3134765625 0.0576171875 0.0185546875 0.021484375
0 0.1630859375 0.1640625 0.033203125 0.0390625
0 0.2412109375 0.1787109375 0.015625 0.0185546875
0 0.05078125 0.107421875 0.025390625 0.0283203125
0 0.015625 0.138671875 0.025390625 0.025390625
0 0.09375 0.017578125 0.03125 0.033203125
0 0.3154296875 0.568359375 0.03125 0.0361328125
0 0.375 0.5947265625 0.0283203125 0.03125
0 0.513671875 0.6259765625 0.052734375 0.060546875
0 0.1728515625 0.611328125 0.0341796875 0.0390625
0 0.0908203125 0.6005859375 0.0205078125 0.0234375
0 0.1923828125 0.455078125 0.015625 0.0185546875
0 0.083984375 0.423828125 0.025390625 0.0283203125
0 0.14453125 0.470703125 0.0107421875 0.013671875
0 0.009765625 0.7548828125 0.01953125 0.025390625
0 0.1171875 0.857421875 0.0205078125 0.0263671875
0 0.2607421875 0.8671875 0.041015625 0.048828125
0 0.369140625 0.84765625 0.0830078125 0.095703125
0 0.4521484375 0.7041015625 0.0517578125 0.060546875
0 0.5546875 0.8525390625 0.0888671875 0.1064453125
0 0.1083984375 0.12109375 0.013671875 0.015625
0 0.6142578125 0.349609375 0.03125 0.041015625
0 0.591796875 0.404296875 0.0439453125 0.0546875
0 0.626953125 0.4560546875 0.037109375 0.041015625
0 0.736328125 0.30859375 0.025390625 0.029296875
0 0.732421875 0.1923828125 0.025390625 0.029296875
0 0.771484375 0.150390625 0.025390625 0.0283203125
0 0.728515625 0.474609375 0.013671875 0.015625
0 0.234375 0.544921875 0.0361328125 0.0390625
0 0.140625 0.982421875 0.0185546875 0.0205078125
0 0.0703125 0.763671875 0.0283203125 0.03125
0 0.4228515625 0.9873046875 0.013671875 0.017578125
0 0.57421875 0.951171875 0.0185546875 0.021484375
0 0.603515625 0.6806640625 0.0185546875 0.0234375
0 0.732421875 0.7392578125 0.0234375 0.0283203125
0 0.7333984375 0.849609375 0.0205078125 0.021484375
0 0.7578125 0.6767578125 0.017578125 0.0205078125
0 0.267578125 0.9072265625 0.021484375 0.0263671875
0 0.8427734375 0.146484375 0.029296875 0.03125
0 0.9580078125 0.4521484375 0.017578125 0.0205078125
0 0.9140625 0.2861328125 0.03125 0.0390625
0 0.888671875 0.642578125 0.0888671875 0.1064453125
0 0.947265625 0.79296875 0.0107421875 0.0126953125
0 0.7685546875 0.8349609375 0.0439453125 0.0546875
0 0.90234375 0.884765625 0.0107421875 0.0126953125
0 0.8076171875 0.2724609375 0.0283203125 0.037109375
0 0.3798828125 0.3359375 0.3173828125 0.3173828125