0 0.2568359375 0.09765625 0.2998046875 0.1953125
0 0.62109375 0.0810546875 0.1923828125 0.162109375
0 0.943359375 0.07421875 0.015625 0.0185546875
0 0.9609375 0.08984375 0.0234375 0.0263671875
0 0.85546875 0.189453125 0.0078125 0.009765625
0 0.8818359375 0.21484375 0.0205078125 0.025390625
0 0.900390625 0.2021484375 0.015625 0.0205078125
0 0.833984375 0.224609375 0.0283203125 0.029296875
0 0.841796875 0.24609375 0.03125 0.033203125
0 0.82421875 0.189453125 0.009765625 0.0107421875
0 0.9599609375 0.31640625 0.080078125 0.126953125
0 0.69140625 0.142578125 0.015625 0.017578125
0 0.470703125 0.240234375 0.0205078125 0.0234375
0 0.5703125 0.2958984375 0.013671875 0.017578125
0 0.671875 0.306640625 0.0341796875 0.0390625
0 0.6328125 0.4169921875 0.1435546875 0.1689453125
0 0.65625 0.3681640625 0.013671875 0.015625
0 0.603515625 0.3974609375 0.015625 0.0185546875
0 0.7080078125 0.619140625 0.013671875 0.017578125
0 0.720703125 0.546875 0.021484375 0.0263671875
0 0.740234375 0.564453125 0.017578125 0.0205078125
0 0.8076171875 0.5458984375 0.0185546875 0.021484375
0 0.8203125 0.5791015625 0.017578125 0.0205078125
0 0.7900390625 0.576171875 0.015625 0.0205078125
0 0.9375 0.7001953125 0.125 0.271484375
0 0.95703125 0.861328125 0.013671875 0.017578125
0 0.919921875 0.927734375 0.1123046875 0.1279296875
0 0.658203125 0.9189453125 0.2294921875 0.162109375
0 0.505859375 0.962890625 0.0234375 0.0263671875
0 0.474609375 0.9716796875 0.0234375 0.0283203125
0 0.06640625 0.935546875 0.015625 0.0205078125
0 0.158203125 0.89453125 0.0234375 0.0263671875
0 0.119140625 0.8046875 0.0419921875 0.046875
0 0.162109375 0.830078125 0.015625 0.0185546875
0 0.236328125 0.7763671875 0.017578125 0.0205078125
0 0.25390625 0.7265625 0.0234375 0.0283203125
0 0.3994140625 0.7470703125 0.017578125 0.0205078125
0 0.3857421875 0.52734375 0.03125 0.0361328125
0 0.3740234375 0.56640625 0.2294921875 0.240234375
0 0.458984375 0.3818359375 0.0283203125 0.03125
0 0.388671875 0.392578125 0.017578125 0.0205078125
0 0.3896484375 0.4267578125 0.013671875 0.017578125
0 0.0966796875 0.38671875 0.0234375 0.0283203125
0 0.205078125 0.3798828125 0.0126953125 0.013671875
0 0.0576171875 0.357421875 0.025390625 0.0283203125
0 0.1689453125 0.3505859375 0.029296875 0.033203125
0 0.1767578125 0.294921875 0.025390625 0.0283203125
0 0.3046875 0.205078125 0.017578125 0.0205078125
0 0.376953125 0.216796875 0.013671875 0.017578125
0 0.6552734375 0.7734375 0.017578125 0.0205078125
0 0.6015625 0.7900390625 0.0185546875 0.0205078125
0 0.201171875 0.46484375 0.0390625 0.046875