0 0.283203125 0.056640625 0.0234375 0.029296875
0 0.388671875 0.130859375 0.013671875 0.015625
0 0.509765625 0.0517578125 0.0126953125 0.015625
0 0.583984375 0.2412109375 0.021484375 0.0263671875
0 0.353515625 0.1982421875 0.015625 0.0185546875
0 0.392578125 0.2373046875 0.0078125 0.0107421875
0 0.2578125 0.2041015625 0.0234375 0.0283203125
0 0.16796875 0.150390625 0.037109375 0.0439453125
0 0.06640625 0.025390625 0.0283203125 0.033203125
0 0.048828125 0.01171875 0.0498046875 0.0234375
0 0.01171875 0.115234375 0.0126953125 0.013671875
0 0.232421875 0.0478515625 0.0205078125 0.0234375
0 0.21875 0.08984375 0.033203125 0.037109375
0 0.0361328125 0.4384765625 0.0107421875 0.0126953125
0 0.015625 0.41796875 0.0078125 0.009765625
0 0.4140625 0.744140625 0.078125 0.0908203125
0 0.146484375 0.84375 0.017578125 0.0205078125
0 0.2275390625 0.71875 0.009765625 0.0107421875
0 0.05078125 0.755859375 0.0185546875 0.021484375
0 0.314453125 0.669921875 0.0078125 0.009765625
0 0.4345703125 0.0986328125 0.0234375 0.0283203125
0 0.3134765625 0.1611328125 0.0078125 0.009765625
0 0.4541015625 0.1787109375 0.0283203125 0.033203125
0 0.5576171875 0.4248046875 0.013671875 0.017578125
0 0.537109375 0.5107421875 0.0185546875 0.021484375
0 0.205078125 0.5283203125 0.0185546875 0.021484375
0 0.818359375 0.857421875 0.0205078125 0.0234375
0 0.4931640625 0.9091796875 0.048828125 0.056640625
0 0.98828125 0.927734375 0.013671875 0.017578125
0 0.9462890625 0.8505859375 0.009765625 0.0107421875
0 0.9619140625 0.779296875 0.009765625 0.0107421875
0 0.771484375 0.4599609375 0.0234375 0.0283203125
0 0.7724609375 0.3701171875 0.0263671875 0.03125
0 0.7275390625 0.06640625 0.0205078125 0.0234375
0 0.9423828125 0.005859375 0.013671875 0.01171875
0 0.9619140625 0.349609375 0.0205078125 0.0234375
0 0.650390625 0.7685546875 0.0107421875 0.0126953125
0 0.7119140625 0.013671875 0.0439453125 0.0263671875
0 0.97265625 0.5263671875 0.0263671875 0.03125
0 0.205078125 0.8232421875 0.013671875 0.015625
0 0.009765625 0.755859375 0.0078125 0.009765625
0 0.5673828125 0.291015625 0.0234375 0.0283203125
0 0.056640625 0.3994140625 0.068359375 0.080078125
0 0.3427734375 0.154296875 0.0341796875 0.0419921875
0 0.4189453125 0.1640625 0.015625 0.017578125
0 0.31640625 0.2001953125 0.021484375 0.025390625
0 0.142578125 0.171875 0.0126953125 0.0107421875
0 0.099609375 0.16796875 0.0126953125 0.013671875
0 0.0341796875 0.2646484375 0.013671875 0.017578125
0 0.099609375 0.349609375 0.021484375 0.025390625
0 0.41796875 0.087890625 0.021484375 0.0263671875
0 0.40625 0.1865234375 0.0078125 0.009765625
0 0.2998046875 0.0322265625 0.0107421875 0.013671875
0 0.158203125 0.0693359375 0.0078125 0.009765625
0 0.009765625 0.02734375 0.0185546875 0.029296875
0 0.158203125 0.263671875 0.1484375 0.1748046875
0 0.341796875 0.369140625 0.236328125 0.248046875
0 0.2109375 0.595703125 0.025390625 0.0283203125
0 0.06640625 0.654296875 0.0986328125 0.1064453125
0 0.017578125 0.7255859375 0.013671875 0.0126953125
0 0.19140625 0.6884765625 0.009765625 0.0107421875
0 0.1806640625 0.814453125 0.0390625 0.0498046875
0 0.201171875 0.9013671875 0.015625 0.0185546875
0 0.0400390625 0.9931640625 0.017578125 0.013671875
0 0.234375 0.892578125 0.0126953125 0.015625
0 0.541015625 0.890625 0.0185546875 0.021484375
0 0.5439453125 0.6357421875 0.03125 0.037109375
0 0.580078125 0.619140625 0.0283203125 0.03125
0 0.4931640625 0.541015625 0.0263671875 0.03125
0 0.470703125 0.71484375 0.013671875 0.015625
0 0.583984375 0.7353515625 0.0126953125 0.0107421875
0 0.5625 0.365234375 0.015625 0.017578125
0 0.544921875 0.2607421875 0.021484375 0.021484375
0 0.4384765625 0.1455078125 0.013671875 0.013671875
0 0.2744140625 0.1728515625 0.0439453125 0.048828125
0 0.8671875 0.1552734375 0.142578125 0.15625
0 0.6494140625 0.263671875 0.0234375 0.033203125
0 0.60546875 0.21484375 0.015625 0.0205078125
0 0.685546875 0.2099609375 0.015625 0.017578125
0 0.8203125 0.265625 0.0859375 0.095703125
0 0.818359375 0.3427734375 0.048828125 0.056640625
0 0.8662109375 0.3134765625 0.009765625 0.0107421875
0 0.61328125 0.0400390625 0.025390625 0.029296875
0 0.6865234375 0.5009765625 0.0888671875 0.103515625
0 0.7177734375 0.626953125 0.1455078125 0.1611328125
0 0.962890625 0.47265625 0.0263671875 0.033203125
0 0.986328125 0.1416015625 0.0234375 0.029296875
0 0.958984375 0.0771484375 0.015625 0.017578125
0 0.96875 0.177734375 0.013671875 0.017578125
0 0.720703125 0.197265625 0.0048828125 0.0078125
0 0.830078125 0.572265625 0.0078125 0.009765625
0 0.8740234375 0.9609375 0.0263671875 0.0283203125
0 0.7333984375 0.935546875 0.033203125 0.037109375
0 0.9287109375 0.8828125 0.021484375 0.0263671875
0 0.8564453125 0.79296875 0.0078125 0.009765625
0 0.5 0.6259765625 0.0205078125 0.0263671875
0 0.4716796875 0.791015625 0.0205078125 0.0234375
0 0.6025390625 0.1328125 0.0234375 0.029296875
0 0.8173828125 0.1064453125 0.169921875 0.1796875
0 0.46875 0.552734375 0.0185546875 0.021484375
0 0.2587890625 0.5732421875 0.013671875 0.0185546875
0 0.86328125 0.5166015625 0.1904296875 0.2470703125
0 0.1689453125 0.2060546875 0.2578125 0.2578125
0 0.498046875 0.62109375 0.228515625 0.2548828125