0 0.205078125 0.33203125 0.212890625 0.236328125
0 0.068359375 0.482421875 0.0341796875 0.0419921875
0 0.6396484375 0.38671875 0.087890625 0.103515625
0 0.89453125 0.2197265625 0.044921875 0.0517578125
0 0.9560546875 0.26171875 0.0361328125 0.0439453125
0 0.94921875 0.330078125 0.0341796875 0.0390625
0 0.7509765625 0.3291015625 0.025390625 0.03125
0 0.66015625 0.595703125 0.0341796875 0.041015625
0 0.455078125 0.734375 0.0283203125 0.033203125
0 0.8046875 0.681640625 0.0263671875 0.03125
0 0.8251953125 0.6962890625 0.0283203125 0.03125
0 0.583984375 0.123046875 0.03125 0.0390625
0 0.71484375 0.0146484375 0.021484375 0.0205078125
0 0.7119140625 0.123046875 0.0205078125 0.025390625
0 0.7978515625 0.1787109375 0.013671875 0.0205078125
0 0.2548828125 0.181640625 0.0234375 0.0263671875
0 0.12109375 0.818359375 0.0234375 0.0283203125
0 0.201171875 0.814453125 0.021484375 0.0283203125
0 0.21875 0.7109375 0.021484375 0.0283203125
0 0.5556640625 0.2646484375 0.0205078125 0.0234375
0 0.5986328125 0.302734375 0.0205078125 0.0234375
0 0.654296875 0.2275390625 0.025390625 0.03125
0 0.7568359375 0.271484375 0.03125 0.033203125
0 0.6904296875 0.3271484375 0.0234375 0.0263671875
0 0.8017578125 0.322265625 0.017578125 0.0234375
0 0.775390625 0.373046875 0.0185546875 0.021484375
0 0.8896484375 0.5712890625 0.171875 0.1875
0 0.84375 0.494140625 0.212890625 0.2294921875
0 0.490234375 0.578125 0.013671875 0.0185546875
0 0.76171875 0.060546875 0.0263671875 0.0283203125
0 0.798828125 0.142578125 0.0234375 0.029296875
0 0.8583984375 0.16015625 0.013671875 0.017578125
0 0.091796875 0.4609375 0.013671875 0.017578125
0 0.232421875 0.53515625 0.017578125 0.0185546875
0 0.3310546875 0.4375 0.0361328125 0.0390625
0 0.388671875 0.3466796875 0.2109375 0.216796875
0 0.310546875 0.193359375 0.015625 0.0185546875
0 0.201171875 0.107421875 0.013671875 0.017578125
0 0.083984375 0.037109375 0.013671875 0.015625
0 0.107421875 0.0712890625 0.21484375 0.142578125
0 0.26953125 0.0244140625 0.013671875 0.013671875
0 0.419921875 0.0458984375 0.0126953125 0.013671875
0 0.5029296875 0.072265625 0.013671875 0.017578125
0 0.724609375 0.173828125 0.0126953125 0.013671875
0 0.8095703125 0.1640625 0.013671875 0.015625
0 0.880859375 0.09765625 0.0126953125 0.013671875
0 0.9384765625 0.0615234375 0.123046875 0.123046875
0 0.978515625 0.271484375 0.025390625 0.03125
0 0.9541015625 0.1455078125 0.052734375 0.0595703125
0 0.8759765625 0.2548828125 0.0263671875 0.029296875
0 0.705078125 0.306640625 0.013671875 0.017578125
0 0.7509765625 0.3603515625 0.0205078125 0.021484375
0 0.9375 0.7216796875 0.125 0.1591796875
0 0.8564453125 0.8291015625 0.021484375 0.025390625
0 0.76953125 0.9404296875 0.013671875 0.0185546875
0 0.76171875 0.8505859375 0.0107421875 0.0107421875
0 0.7900390625 0.7646484375 0.013671875 0.015625
0 0.638671875 0.7333984375 0.279296875 0.2861328125
0 0.6376953125 0.9267578125 0.1455078125 0.1455078125
0 0.2255859375 0.9609375 0.0185546875 0.0234375
0 0.3779296875 0.8720703125 0.2998046875 0.255859375
0 0.099609375 0.9111328125 0.19921875 0.177734375
0 0.158203125 0.7705078125 0.015625 0.0185546875
0 0.3193359375 0.654296875 0.015625 0.0185546875
0 0.13671875 0.62109375 0.0126953125 0.013671875
0 0.5751953125 0.4892578125 0.0126953125 0.015625
0 0.5244140625 0.5107421875 0.0126953125 0.0126953125
0 0.564453125 0.3681640625 0.009765625 0.0107421875