0 0.060546875 0.1474609375 0.107421875 0.126953125
0 0.224609375 0.1123046875 0.0205078125 0.0234375
0 0.189453125 0.189453125 0.0283203125 0.033203125
0 0.650390625 0.1767578125 0.0185546875 0.021484375
0 0.447265625 0.19921875 0.0107421875 0.0126953125
0 0.373046875 0.337890625 0.0517578125 0.0595703125
0 0.037109375 0.28125 0.0185546875 0.021484375
0 0.02734375 0.802734375 0.013671875 0.017578125
0 0.1171875 0.763671875 0.025390625 0.0283203125
0 0.162109375 0.740234375 0.025390625 0.03125
0 0.236328125 0.7646484375 0.033203125 0.037109375
0 0.220703125 0.8828125 0.0107421875 0.0126953125
0 0.173828125 0.82421875 0.0078125 0.009765625
0 0.345703125 0.9130859375 0.025390625 0.03125
0 0.353515625 0.763671875 0.0205078125 0.0234375
0 0.2373046875 0.7998046875 0.013671875 0.015625
0 0.1435546875 0.6083984375 0.015625 0.0185546875
0 0.294921875 0.5810546875 0.041015625 0.046875
0 0.6083984375 0.603515625 0.013671875 0.017578125
0 0.33203125 0.6640625 0.021484375 0.0263671875
0 0.740234375 0.8837890625 0.017578125 0.0205078125
0 0.623046875 0.931640625 0.0048828125 0.0078125
0 0.556640625 0.931640625 0.0078125 0.009765625
0 0.4287109375 0.857421875 0.0126953125 0.013671875
0 0.2744140625 0.88671875 0.0546875 0.0654296875
0 0.384765625 0.390625 0.0205078125 0.0234375
0 0.2314453125 0.48828125 0.013671875 0.017578125
0 0.22265625 0.455078125 0.013671875 0.015625
0 0.166015625 0.45703125 0.0185546875 0.021484375
0 0.208984375 0.462890625 0.005859375 0.0078125
0 0.296875 0.451171875 0.0234375 0.0283203125
0 0.384765625 0.490234375 0.013671875 0.017578125
0 0.7392578125 0.1103515625 0.015625 0.0185546875
0 0.837890625 0.0908203125 0.0107421875 0.0126953125
0 0.865234375 0.30859375 0.021484375 0.0263671875
0 0.7822265625 0.2412109375 0.0439453125 0.0517578125
0 0.7587890625 0.2109375 0.013671875 0.017578125
0 0.7509765625 0.1240234375 0.017578125 0.0205078125
0 0.705078125 0.09765625 0.0361328125 0.0419921875
0 0.873046875 0.376953125 0.03125 0.0361328125
0 0.9150390625 0.462890625 0.0185546875 0.021484375
0 0.666015625 0.4609375 0.017578125 0.0205078125
0 0.8427734375 0.650390625 0.0126953125 0.0126953125
0 0.880859375 0.6787109375 0.0126953125 0.0126953125
0 0.70703125 0.748046875 0.013671875 0.015625
0 0.720703125 0.78125 0.0048828125 0.005859375
0 0.83984375 0.9716796875 0.005859375 0.0078125
0 0.66796875 0.7744140625 0.013671875 0.015625
0 0.734375 0.45703125 0.015625 0.0185546875
0 0.4375 0.1064453125 0.0185546875 0.021484375
0 0.4140625 0.0244140625 0.013671875 0.017578125
0 0.982421875 0.3271484375 0.009765625 0.0107421875
0 0.759765625 0.4970703125 0.013671875 0.017578125
0 0.9873046875 0.9296875 0.013671875 0.017578125
0 0.9873046875 0.98828125 0.0126953125 0.013671875
0 0.9365234375 0.927734375 0.013671875 0.017578125
0 0.5146484375 0.623046875 0.0283203125 0.033203125
0 0.4052734375 0.89453125 0.0263671875 0.03125
0 0.724609375 0.0322265625 0.025390625 0.029296875
0 0.341796875 0.046875 0.013671875 0.015625
0 0.31640625 0.783203125 0.013671875 0.017578125
0 0.509765625 0.130859375 0.0263671875 0.03125
0 0.7900390625 0.494140625 0.0185546875 0.021484375
0 0.73828125 0.2626953125 0.0205078125 0.0234375
0 0.3388671875 0.4814453125 0.0126953125 0.013671875
0 0.099609375 0.3974609375 0.1982421875 0.2548828125
0 0.4248046875 0.146484375 0.0546875 0.0654296875
0 0.1572265625 0.283203125 0.146484375 0.171875
0 0.26171875 0.080078125 0.0234375 0.0283203125
0 0.2490234375 0.380859375 0.021484375 0.025390625
0 0.2041015625 0.4033203125 0.021484375 0.0234375
0 0.4521484375 0.361328125 0.0263671875 0.029296875
0 0.556640625 0.3759765625 0.037109375 0.0439453125
0 0.408203125 0.4365234375 0.0205078125 0.0263671875
0 0.490234375 0.458984375 0.025390625 0.029296875
0 0.4267578125 0.4140625 0.015625 0.0205078125
0 0.275390625 0.2119140625 0.0341796875 0.041015625
0 0.2177734375 0.0380859375 0.0234375 0.025390625
0 0.095703125 0.0654296875 0.19140625 0.130859375
0 0.0126953125 0.669921875 0.025390625 0.0283203125
0 0.0126953125 0.7294921875 0.0185546875 0.021484375
0 0.0947265625 0.8203125 0.013671875 0.015625
0 0.2099609375 0.8115234375 0.017578125 0.0205078125
0 0.357421875 0.8056640625 0.046875 0.052734375
0 0.2509765625 0.8349609375 0.0439453125 0.048828125
0 0.396484375 0.6328125 0.044921875 0.056640625
0 0.318359375 0.7119140625 0.037109375 0.0439453125
0 0.42578125 0.681640625 0.0263671875 0.03125
0 0.328125 0.630859375 0.021484375 0.0283203125
0 0.240234375 0.666015625 0.015625 0.0185546875
0 0.154296875 0.544921875 0.0126953125 0.0126953125
0 0.05078125 0.5537109375 0.013671875 0.0126953125
0 0.107421875 0.87109375 0.046875 0.0546875
0 0.0517578125 0.814453125 0.013671875 0.013671875
0 0.228515625 0.923828125 0.0341796875 0.041015625
0 0.1953125 0.982421875 0.015625 0.017578125
0 0.125 0.955078125 0.0107421875 0.0126953125
0 0.18359375 0.8203125 0.013671875 0.015625
0 0.421875 0.505859375 0.015625 0.0185546875
0 0.5654296875 0.8193359375 0.1044921875 0.1220703125
0 0.5966796875 0.873046875 0.037109375 0.0439453125
0 0.4453125 0.857421875 0.013671875 0.015625
0 0.447265625 0.931640625 0.0185546875 0.021484375
0 0.4140625 0.9072265625 0.0283203125 0.033203125
0 0.009765625 0.283203125 0.0185546875 0.025390625
0 0.615234375 0.26171875 0.025390625 0.0283203125
0 0.748046875 0.2353515625 0.033203125 0.0341796875
0 0.7685546875 0.3134765625 0.0234375 0.0263671875
0 0.849609375 0.201171875 0.021484375 0.0283203125
0 0.642578125 0.244140625 0.0126953125 0.017578125
0 0.431640625 0.2705078125 0.0234375 0.0283203125
0 0.646484375 0.060546875 0.126953125 0.1201171875
0 0.365234375 0.033203125 0.017578125 0.0205078125
0 0.671875 0.4208984375 0.0263671875 0.03125
0 0.556640625 0.6044921875 0.015625 0.0205078125
0 0.71484375 0.591796875 0.017578125 0.0205078125
0 0.724609375 0.7470703125 0.025390625 0.03125
0 0.859375 0.6806640625 0.0263671875 0.03125
0 0.9296875 0.7998046875 0.025390625 0.0283203125
0 0.6767578125 0.814453125 0.0126953125 0.013671875
0 0.7275390625 0.9560546875 0.0107421875 0.015625
0 0.822265625 0.029296875 0.015625 0.0205078125
0 0.939453125 0.02734375 0.046875 0.048828125
0 0.93359375 0.0634765625 0.1279296875 0.126953125
0 0.958984375 0.154296875 0.021484375 0.021484375
0 0.912109375 0.357421875 0.013671875 0.017578125
0 0.7802734375 0.365234375 0.013671875 0.017578125
0 0.9697265625 0.388671875 0.0185546875 0.0205078125
0 0.962890625 0.560546875 0.056640625 0.0673828125
0 0.9580078125 0.927734375 0.0126953125 0.015625
0 0.4931640625 0.841796875 0.0283203125 0.033203125
0 0.490234375 0.7841796875 0.013671875 0.015625