0 0.1630859375 0.1806640625 0.0185546875 0.021484375
0 0.0869140625 0.220703125 0.013671875 0.017578125
0 0.125 0.232421875 0.0107421875 0.0126953125
0 0.0185546875 0.1962890625 0.025390625 0.029296875
0 0.083984375 0.041015625 0.013671875 0.017578125
0 0.060546875 0.0234375 0.056640625 0.046875
0 0.4541015625 0.228515625 0.013671875 0.015625
0 0.154296875 0.4169921875 0.017578125 0.0205078125
0 0.2236328125 0.486328125 0.0126953125 0.013671875
0 0.1630859375 0.5205078125 0.0126953125 0.0126953125
0 0.162109375 0.6396484375 0.015625 0.0185546875
0 0.1416015625 0.763671875 0.021484375 0.0263671875
0 0.0712890625 0.70703125 0.0126953125 0.013671875
0 0.166015625 0.919921875 0.009765625 0.0107421875
0 0.1259765625 0.9248046875 0.0283203125 0.033203125
0 0.009765625 0.5244140625 0.0185546875 0.0439453125
0 0.2890625 0.341796875 0.0361328125 0.0419921875
0 0.3251953125 0.240234375 0.0234375 0.0283203125
0 0.427734375 0.2919921875 0.015625 0.0185546875
0 0.619140625 0.369140625 0.0419921875 0.048828125
0 0.419921875 0.513671875 0.0205078125 0.0234375
0 0.439453125 0.5517578125 0.0205078125 0.0234375
0 0.6328125 0.1328125 0.0185546875 0.021484375
0 0.68359375 0.1474609375 0.015625 0.0185546875
0 0.71484375 0.154296875 0.017578125 0.0205078125
0 0.755859375 0.09765625 0.0205078125 0.0234375
0 0.228515625 0.044921875 0.0263671875 0.03125
0 0.0888671875 0.4248046875 0.0361328125 0.0419921875
0 0.0732421875 0.443359375 0.021484375 0.0263671875
0 0.099609375 0.3994140625 0.017578125 0.0205078125
0 0.3359375 0.337890625 0.0185546875 0.021484375
0 0.236328125 0.3193359375 0.0234375 0.0283203125
0 0.173828125 0.236328125 0.0078125 0.009765625
0 0.2490234375 0.2099609375 0.0078125 0.009765625
0 0.50390625 0.0087890625 0.0234375 0.017578125
0 0.583984375 0.771484375 0.017578125 0.0205078125
0 0.70703125 0.7490234375 0.013671875 0.017578125
0 0.693359375 0.73046875 0.021484375 0.0263671875
0 0.388671875 0.9833984375 0.017578125 0.0205078125
0 0.078125 0.869140625 0.009765625 0.0107421875
0 0.791015625 0.3349609375 0.025390625 0.029296875
0 0.7685546875 0.357421875 0.0078125 0.009765625
0 0.8818359375 0.2666015625 0.033203125 0.037109375
0 0.8369140625 0.2255859375 0.025390625 0.029296875
0 0.841796875 0.162109375 0.015625 0.0185546875
0 0.9560546875 0.0927734375 0.037109375 0.0439453125
0 0.8759765625 0.1171875 0.0390625 0.046875
0 0.8603515625 0.513671875 0.0078125 0.009765625
0 0.955078125 0.521484375 0.0107421875 0.0126953125
0 0.9814453125 0.509765625 0.0078125 0.009765625
0 0.67578125 0.591796875 0.015625 0.0185546875
0 0.98828125 0.927734375 0.015625 0.0185546875
0 0.5673828125 0.4716796875 0.0048828125 0.0078125
0 0.982421875 0.2470703125 0.0126953125 0.013671875
0 0.740234375 0.32421875 0.0078125 0.009765625
0 0.634765625 0.3408203125 0.0283203125 0.03125
0 0.73828125 0.4501953125 0.0078125 0.009765625
0 0.7978515625 0.0107421875 0.013671875 0.015625
0 0.794921875 0.2802734375 0.015625 0.0185546875
0 0.056640625 0.5654296875 0.1123046875 0.1845703125
0 0.583984375 0.642578125 0.1484375 0.1748046875
0 0.9111328125 0.611328125 0.0107421875 0.0126953125
0 0.634765625 0.1787109375 0.126953125 0.146484375
0 0.810546875 0.8525390625 0.015625 0.0185546875
0 0.1708984375 0.9609375 0.025390625 0.029296875
0 0.5283203125 0.388671875 0.0234375 0.029296875
0 0.552734375 0.384765625 0.0107421875 0.0126953125
0 0.201171875 0.505859375 0.0361328125 0.0419921875
0 0.3349609375 0.060546875 0.033203125 0.041015625
0 0.48828125 0.0458984375 0.0390625 0.0439453125
0 0.509765625 0.1298828125 0.046875 0.052734375
0 0.1259765625 0.130859375 0.025390625 0.0234375
0 0.14453125 0.1845703125 0.015625 0.0185546875
0 0.01171875 0.2392578125 0.017578125 0.0205078125
0 0.1083984375 0.294921875 0.017578125 0.0205078125
0 0.41796875 0.3447265625 0.017578125 0.021484375
0 0.228515625 0.30859375 0.005859375 0.0078125
0 0.0283203125 0.3330078125 0.005859375 0.0078125
0 0.044921875 0.365234375 0.0234375 0.0283203125
0 0.048828125 0.447265625 0.029296875 0.033203125
0 0.017578125 0.4755859375 0.0341796875 0.046875
0 0.076171875 0.521484375 0.017578125 0.0205078125
0 0.34765625 0.4384765625 0.013671875 0.017578125
0 0.474609375 0.408203125 0.017578125 0.0205078125
0 0.2978515625 0.212890625 0.021484375 0.0283203125
0 0.1943359375 0.572265625 0.013671875 0.015625
0 0.25 0.654296875 0.015625 0.0185546875
0 0.3662109375 0.603515625 0.029296875 0.033203125
0 0.3212890625 0.541015625 0.0078125 0.009765625
0 0.173828125 0.720703125 0.025390625 0.0283203125
0 0.08203125 0.689453125 0.013671875 0.0185546875
0 0.201171875 0.826171875 0.0185546875 0.021484375
0 0.126953125 0.8720703125 0.0234375 0.029296875
0 0.080078125 0.8486328125 0.0126953125 0.013671875
0 0.2314453125 0.9638671875 0.021484375 0.0263671875
0 0.3818359375 0.9140625 0.015625 0.0185546875
0 0.4384765625 0.9033203125 0.0234375 0.0283203125
0 0.2216796875 0.763671875 0.017578125 0.0185546875
0 0.822265625 0.021484375 0.0234375 0.0263671875
0 0.8642578125 0.0380859375 0.0263671875 0.029296875
0 0.7529296875 0.0400390625 0.017578125 0.0185546875
0 0.673828125 0.0361328125 0.015625 0.0205078125
0 0.619140625 0.0185546875 0.015625 0.0185546875
0 0.689453125 0.076171875 0.0126953125 0.0126953125
0 0.7236328125 0.2041015625 0.0234375 0.029296875
0 0.802734375 0.1708984375 0.0234375 0.025390625
0 0.8935546875 0.400390625 0.013671875 0.017578125
0 0.580078125 0.3115234375 0.013671875 0.017578125
0 0.642578125 0.4765625 0.013671875 0.017578125
0 0.806640625 0.4169921875 0.0283203125 0.029296875
0 0.9052734375 0.5419921875 0.013671875 0.015625
0 0.7353515625 0.638671875 0.0078125 0.009765625
0 0.3583984375 0.765625 0.0078125 0.0107421875
0 0.7890625 0.9755859375 0.013671875 0.015625
0 0.8232421875 0.9287109375 0.013671875 0.015625
0 0.3125 0.962890625 0.0263671875 0.029296875
0 0.3408203125 0.8408203125 0.021484375 0.0263671875
0 0.6123046875 0.2734375 0.0126953125 0.015625
0 0.9326171875 0.080078125 0.025390625 0.033203125
0 0.9765625 0.2060546875 0.021484375 0.0263671875
0 0.9072265625 0.3203125 0.03125 0.0341796875
0 0.9384765625 0.357421875 0.048828125 0.052734375
0 0.990234375 0.404296875 0.0185546875 0.021484375
0 0.8017578125 0.2607421875 0.015625 0.017578125
0 0.6669921875 0.7333984375 0.015625 0.0205078125
0 0.4169921875 0.8056640625 0.0185546875 0.021484375
0 0.369140625 0.8232421875 0.015625 0.017578125
0 0.3037109375 0.181640625 0.234375 0.244140625
0 0.583984375 0.037109375 0.0107421875 0.0126953125
0 0.345703125 0.6845703125 0.2685546875 0.287109375
0 0.427734375 0.9189453125 0.203125 0.158203125