0 0.603515625 0.337890625 0.203125 0.2392578125
0 0.6044921875 0.1787109375 0.0205078125 0.0234375
0 0.2099609375 0.228515625 0.015625 0.0185546875
0 0.0673828125 0.1201171875 0.0234375 0.0283203125
0 0.07421875 0.154296875 0.0126953125 0.013671875
0 0.193359375 0.060546875 0.0185546875 0.021484375
0 0.0078125 0.04296875 0.015625 0.021484375
0 0.046875 0.3876953125 0.0205078125 0.0234375
0 0.126953125 0.263671875 0.013671875 0.015625
0 0.244140625 0.16796875 0.0107421875 0.0126953125
0 0.376953125 0.3076171875 0.0234375 0.029296875
0 0.259765625 0.4375 0.0234375 0.0283203125
0 0.095703125 0.390625 0.009765625 0.0107421875
0 0.23828125 0.4736328125 0.013671875 0.017578125
0 0.2412109375 0.6240234375 0.212890625 0.25
0 0.068359375 0.5673828125 0.0234375 0.0283203125
0 0.10546875 0.662109375 0.021484375 0.0263671875
0 0.521484375 0.65234375 0.013671875 0.017578125
0 0.2080078125 0.8037109375 0.0185546875 0.021484375
0 0.58984375 0.7314453125 0.009765625 0.0107421875
0 0.58984375 0.6875 0.0107421875 0.0126953125
0 0.630859375 0.720703125 0.0185546875 0.021484375
0 0.208984375 0.97265625 0.0234375 0.0283203125
0 0.0810546875 0.931640625 0.013671875 0.015625
0 0.732421875 0.8984375 0.015625 0.0185546875
0 0.7451171875 0.6279296875 0.017578125 0.0205078125
0 0.583984375 0.5634765625 0.021484375 0.0263671875
0 0.4912109375 0.3916015625 0.0361328125 0.0419921875
0 0.49609375 0.271484375 0.015625 0.0185546875
0 0.5947265625 0.0703125 0.0078125 0.0107421875
0 0.75390625 0.166015625 0.0078125 0.009765625
0 0.9677734375 0.1396484375 0.013671875 0.015625
0 0.751953125 0.052734375 0.0107421875 0.0126953125
0 0.80078125 0.3525390625 0.0419921875 0.0498046875
0 0.7919921875 0.4208984375 0.03125 0.037109375
0 0.8564453125 0.490234375 0.029296875 0.0341796875
0 0.724609375 0.48828125 0.0126953125 0.013671875
0 0.8115234375 0.173828125 0.0126953125 0.013671875
0 0.958984375 0.6875 0.029296875 0.0341796875
0 0.970703125 0.765625 0.021484375 0.0263671875
0 0.4248046875 0.65625 0.021484375 0.0263671875
0 0.3916015625 0.1259765625 0.013671875 0.015625
0 0.2607421875 0.220703125 0.013671875 0.015625
0 0.1171875 0.3818359375 0.009765625 0.0107421875
0 0.5615234375 0.015625 0.0078125 0.009765625
0 0.619140625 0.0478515625 0.0078125 0.009765625
0 0.3916015625 0.9091796875 0.0234375 0.0283203125
0 0.6259765625 0.6162109375 0.0078125 0.0107421875
0 0.9873046875 0.9306640625 0.017578125 0.0205078125
0 0.7060546875 0.6796875 0.0185546875 0.021484375
0 0.6923828125 0.51953125 0.033203125 0.0390625
0 0.845703125 0.1123046875 0.021484375 0.0263671875
0 0.017578125 0.759765625 0.0078125 0.009765625
0 0.9873046875 0.986328125 0.013671875 0.015625
0 0.9013671875 0.18359375 0.0185546875 0.021484375
0 0.888671875 0.5576171875 0.013671875 0.015625
0 0.044921875 0.05859375 0.025390625 0.029296875
0 0.146484375 0.1083984375 0.041015625 0.046875
0 0.453125 0.1494140625 0.0283203125 0.029296875
0 0.486328125 0.16015625 0.0234375 0.0283203125
0 0.5302734375 0.072265625 0.0263671875 0.033203125
0 0.33984375 0.119140625 0.0185546875 0.0205078125
0 0.287109375 0.2265625 0.0185546875 0.0205078125
0 0.384765625 0.2587890625 0.021484375 0.0263671875
0 0.009765625 0.1884765625 0.01953125 0.021484375
0 0.05859375 0.263671875 0.009765625 0.0078125
0 0.2060546875 0.0234375 0.0185546875 0.021484375
0 0.361328125 0.072265625 0.013671875 0.015625
0 0.33984375 0.37890625 0.0390625 0.046875
0 0.1494140625 0.447265625 0.021484375 0.0263671875
0 0.490234375 0.3115234375 0.025390625 0.0283203125
0 0.4521484375 0.3349609375 0.0185546875 0.0205078125
0 0.16015625 0.740234375 0.0283203125 0.03125
0 0.197265625 0.8505859375 0.0078125 0.0107421875
0 0.15234375 0.9375 0.0185546875 0.0234375
0 0.1767578125 0.9716796875 0.037109375 0.048828125
0 0.353515625 0.9375 0.0673828125 0.0732421875
0 0.505859375 0.8759765625 0.0126953125 0.015625
0 0.5244140625 0.6953125 0.0234375 0.03125
0 0.5859375 0.6220703125 0.046875 0.0546875
0 0.8232421875 0.1494140625 0.0361328125 0.0390625
0 0.8134765625 0.1162109375 0.0234375 0.0263671875
0 0.8779296875 0.072265625 0.017578125 0.021484375
0 0.6943359375 0.158203125 0.015625 0.017578125
0 0.7626953125 0.25390625 0.0107421875 0.0107421875
0 0.9140625 0.24609375 0.03125 0.03125
0 0.9580078125 0.255859375 0.021484375 0.0283203125
0 0.66796875 0.0283203125 0.033203125 0.0390625
0 0.7177734375 0.4130859375 0.021484375 0.0234375
0 0.6513671875 0.5087890625 0.021484375 0.0234375
0 0.546875 0.587890625 0.029296875 0.0341796875
0 0.875 0.517578125 0.013671875 0.0185546875
0 0.97265625 0.541015625 0.013671875 0.015625
0 0.7431640625 0.693359375 0.0341796875 0.041015625
0 0.6904296875 0.724609375 0.0263671875 0.0283203125
0 0.822265625 0.666015625 0.015625 0.0185546875
0 0.8173828125 0.599609375 0.017578125 0.0205078125
0 0.9267578125 0.845703125 0.021484375 0.0234375
0 0.6669921875 0.900390625 0.021484375 0.0283203125
0 0.638671875 0.794921875 0.0126953125 0.0126953125
0 0.306640625 0.8212890625 0.1875 0.1845703125
0 0.7578125 0.8759765625 0.234375 0.2451171875
0 0.517578125 0.818359375 0.140625 0.1455078125
0 0.41796875 0.5029296875 0.2314453125 0.255859375