0 0.244140625 0.0185546875 0.0205078125 0.0234375
0 0.037109375 0.119140625 0.0283203125 0.033203125
0 0.072265625 0.2138671875 0.021484375 0.0263671875
0 0.1103515625 0.2587890625 0.0205078125 0.0234375
0 0.154296875 0.2978515625 0.041015625 0.046875
0 0.0146484375 0.3984375 0.029296875 0.041015625
0 0.140625 0.4775390625 0.0234375 0.0283203125
0 0.263671875 0.470703125 0.0234375 0.0283203125
0 0.240234375 0.419921875 0.0205078125 0.021484375
0 0.310546875 0.5029296875 0.0234375 0.0283203125
0 0.345703125 0.482421875 0.0205078125 0.0234375
0 0.373046875 0.486328125 0.0126953125 0.013671875
0 0.404296875 0.4599609375 0.017578125 0.0205078125
0 0.453125 0.478515625 0.0283203125 0.033203125
0 0.22265625 0.5029296875 0.0205078125 0.0234375
0 0.10546875 0.3388671875 0.140625 0.1513671875
0 0.162109375 0.119140625 0.21875 0.2373046875
0 0.4541015625 0.189453125 0.033203125 0.037109375
0 0.4931640625 0.2548828125 0.0283203125 0.033203125
0 0.396484375 0.208984375 0.3330078125 0.265625
0 0.4775390625 0.3779296875 0.0107421875 0.0126953125
0 0.654296875 0.2646484375 0.0234375 0.0263671875
0 0.6005859375 0.052734375 0.015625 0.0205078125
0 0.734375 0.068359375 0.021484375 0.0263671875
0 0.6640625 0.04296875 0.171875 0.0859375
0 0.916015625 0.0126953125 0.0126953125 0.013671875
0 0.826171875 0.0732421875 0.021484375 0.0263671875
0 0.8466796875 0.09765625 0.0107421875 0.013671875
0 0.78515625 0.130859375 0.0078125 0.009765625
0 0.880859375 0.1416015625 0.013671875 0.015625
0 0.9267578125 0.1875 0.1142578125 0.125
0 0.927734375 0.2744140625 0.0107421875 0.0126953125
0 0.9580078125 0.287109375 0.009765625 0.0107421875
0 0.9580078125 0.3251953125 0.0341796875 0.0390625
0 0.8896484375 0.337890625 0.0205078125 0.021484375
0 0.7939453125 0.3076171875 0.013671875 0.015625
0 0.8798828125 0.4541015625 0.0205078125 0.0234375
0 0.84765625 0.4755859375 0.03125 0.037109375
0 0.900390625 0.5146484375 0.033203125 0.037109375
0 0.927734375 0.5302734375 0.013671875 0.017578125
0 0.9326171875 0.5166015625 0.0126953125 0.0126953125
0 0.9931640625 0.525390625 0.013671875 0.0185546875
0 0.880859375 0.6337890625 0.017578125 0.0205078125
0 0.861328125 0.796875 0.0419921875 0.0498046875
0 0.904296875 0.775390625 0.076171875 0.0859375
0 0.9013671875 0.90234375 0.0185546875 0.021484375
0 0.98828125 0.927734375 0.015625 0.0185546875
0 0.9873046875 0.986328125 0.015625 0.0185546875
0 0.791015625 0.8203125 0.013671875 0.017578125
0 0.740234375 0.857421875 0.009765625 0.0107421875
0 0.685546875 0.908203125 0.013671875 0.017578125
0 0.556640625 0.927734375 0.0341796875 0.0390625
0 0.572265625 0.9833984375 0.0361328125 0.033203125
0 0.447265625 0.94921875 0.013671875 0.017578125
0 0.4677734375 0.970703125 0.025390625 0.0283203125
0 0.3935546875 0.89453125 0.1611328125 0.1796875
0 0.2216796875 0.884765625 0.021484375 0.025390625
0 0.142578125 0.806640625 0.013671875 0.017578125
0 0.154296875 0.82421875 0.0205078125 0.0205078125
0 0.103515625 0.9013671875 0.20703125 0.197265625
0 0.013671875 0.751953125 0.0185546875 0.0205078125
0 0.0625 0.685546875 0.013671875 0.017578125
0 0.2529296875 0.7353515625 0.0234375 0.03125
0 0.3271484375 0.6982421875 0.0078125 0.0107421875
0 0.4365234375 0.6748046875 0.205078125 0.2392578125
0 0.630859375 0.755859375 0.015625 0.0185546875
0 0.63671875 0.767578125 0.0234375 0.0283203125
0 0.7470703125 0.7021484375 0.158203125 0.1611328125
0 0.6962890625 0.712890625 0.0517578125 0.056640625
0 0.5966796875 0.5830078125 0.1748046875 0.1904296875
0 0.4873046875 0.5615234375 0.013671875 0.017578125
0 0.4970703125 0.576171875 0.0126953125 0.015625
0 0.666015625 0.515625 0.015625 0.0185546875
0 0.67578125 0.478515625 0.009765625 0.0107421875
0 0.697265625 0.4873046875 0.0185546875 0.0234375
0 0.708984375 0.412109375 0.017578125 0.0205078125
0 0.662109375 0.421875 0.0126953125 0.013671875
0 0.533203125 0.380859375 0.017578125 0.0205078125
0 0.576171875 0.34375 0.015625 0.0185546875
0 0.6181640625 0.9462890625 0.0185546875 0.021484375
0 0.6171875 0.9873046875 0.03125 0.025390625