0 0.033203125 0.150390625 0.06640625 0.0859375
0 0.173828125 0.1796875 0.033203125 0.0390625
0 0.2666015625 0.080078125 0.064453125 0.0732421875
0 0.326171875 0.08984375 0.0107421875 0.0126953125
0 0.419921875 0.0556640625 0.021484375 0.0263671875
0 0.498046875 0.111328125 0.0234375 0.0283203125
0 0.46875 0.15625 0.013671875 0.017578125
0 0.201171875 0.287109375 0.3017578125 0.2841796875
0 0.0244140625 0.28125 0.009765625 0.0107421875
0 0.080078125 0.3681640625 0.025390625 0.03125
0 0.1923828125 0.443359375 0.0341796875 0.0390625
0 0.138671875 0.462890625 0.017578125 0.0205078125
0 0.0517578125 0.4736328125 0.0185546875 0.021484375
0 0.04296875 0.5126953125 0.0107421875 0.0126953125
0 0.01171875 0.6279296875 0.0234375 0.0625
0 0.0927734375 0.6845703125 0.013671875 0.015625
0 0.09375 0.708984375 0.0126953125 0.0126953125
0 0.166015625 0.669921875 0.0361328125 0.0419921875
0 0.19140625 0.5966796875 0.0234375 0.0263671875
0 0.271484375 0.576171875 0.015625 0.0205078125
0 0.322265625 0.580078125 0.029296875 0.0361328125
0 0.3095703125 0.6220703125 0.013671875 0.013671875
0 0.3251953125 0.642578125 0.015625 0.0185546875
0 0.1728515625 0.8271484375 0.1484375 0.1669921875
0 0.005859375 0.8291015625 0.0107421875 0.0126953125
0 0.115234375 0.916015625 0.021484375 0.0234375
0 0.205078125 0.962890625 0.013671875 0.013671875
0 0.1923828125 0.9697265625 0.0126953125 0.013671875
0 0.24609375 0.970703125 0.0263671875 0.03125
0 0.259765625 0.9345703125 0.021484375 0.0234375
0 0.275390625 0.9375 0.0283203125 0.033203125
0 0.259765625 0.88671875 0.013671875 0.017578125
0 0.333984375 0.9140625 0.0205078125 0.021484375
0 0.3203125 0.958984375 0.0751953125 0.0810546875
0 0.326171875 0.876953125 0.025390625 0.03125
0 0.345703125 0.845703125 0.013671875 0.017578125
0 0.3828125 0.900390625 0.021484375 0.0263671875
0 0.419921875 0.8701171875 0.021484375 0.025390625
0 0.501953125 0.818359375 0.0234375 0.0263671875
0 0.513671875 0.73046875 0.0751953125 0.0888671875
0 0.380859375 0.7001953125 0.037109375 0.0419921875
0 0.3671875 0.759765625 0.0341796875 0.041015625
0 0.359375 0.5234375 0.0341796875 0.041015625
0 0.416015625 0.505859375 0.0126953125 0.013671875
0 0.482421875 0.486328125 0.0126953125 0.013671875
0 0.5078125 0.546875 0.0205078125 0.0234375
0 0.5126953125 0.5322265625 0.0126953125 0.0126953125
0 0.501953125 0.5185546875 0.0078125 0.009765625
0 0.580078125 0.5732421875 0.0107421875 0.0126953125
0 0.4970703125 0.677734375 0.015625 0.0185546875
0 0.533203125 0.62890625 0.0205078125 0.0234375
0 0.56640625 0.6787109375 0.0107421875 0.0126953125
0 0.623046875 0.783203125 0.0205078125 0.0234375
0 0.5703125 0.9833984375 0.015625 0.0185546875
0 0.666015625 0.98046875 0.0419921875 0.0390625
0 0.681640625 0.935546875 0.0390625 0.044921875
0 0.677734375 0.865234375 0.0283203125 0.033203125
0 0.7568359375 0.8115234375 0.017578125 0.0205078125
0 0.896484375 0.9775390625 0.0205078125 0.0234375
0 0.9873046875 0.927734375 0.013671875 0.017578125
0 0.849609375 0.80078125 0.015625 0.0185546875
0 0.9794921875 0.763671875 0.0263671875 0.03125
0 0.8154296875 0.6953125 0.0107421875 0.0126953125
0 0.966796875 0.5751953125 0.021484375 0.0263671875
0 0.8046875 0.5244140625 0.021484375 0.0263671875
0 0.849609375 0.462890625 0.0283203125 0.033203125
0 0.849609375 0.4169921875 0.017578125 0.0205078125
0 0.90234375 0.40234375 0.017578125 0.0205078125
0 0.97265625 0.3984375 0.015625 0.0185546875
0 0.962890625 0.298828125 0.0283203125 0.033203125
0 0.95703125 0.2197265625 0.0283203125 0.033203125
0 0.9345703125 0.193359375 0.017578125 0.0185546875
0 0.8671875 0.224609375 0.013671875 0.015625
0 0.912109375 0.2509765625 0.021484375 0.0234375
0 0.9287109375 0.2333984375 0.0263671875 0.03125
0 0.806640625 0.18359375 0.017578125 0.0205078125
0 0.77734375 0.2353515625 0.021484375 0.025390625
0 0.8212890625 0.1015625 0.0126953125 0.013671875
0 0.8662109375 0.0244140625 0.0234375 0.029296875
0 0.734375 0.068359375 0.046875 0.056640625
0 0.6728515625 0.095703125 0.0283203125 0.033203125
0 0.76953125 0.1201171875 0.103515625 0.1171875
0 0.669921875 0.1806640625 0.0390625 0.0419921875
0 0.6474609375 0.220703125 0.0263671875 0.03125
0 0.7431640625 0.236328125 0.0234375 0.0283203125
0 0.7470703125 0.2666015625 0.0078125 0.0107421875
0 0.6923828125 0.271484375 0.1015625 0.1171875
0 0.6162109375 0.2919921875 0.0126953125 0.013671875
0 0.7158203125 0.4267578125 0.021484375 0.0263671875
0 0.712890625 0.470703125 0.017578125 0.0205078125
0 0.7431640625 0.49609375 0.0126953125 0.015625
0 0.705078125 0.5048828125 0.0595703125 0.0703125
0 0.6669921875 0.4638671875 0.0078125 0.009765625
0 0.650390625 0.427734375 0.0185546875 0.021484375
0 0.6220703125 0.4150390625 0.021484375 0.0263671875
0 0.6083984375 0.478515625 0.0419921875 0.048828125
0 0.474609375 0.32421875 0.013671875 0.015625
0 0.5205078125 0.244140625 0.0361328125 0.0419921875
0 0.546875 0.220703125 0.013671875 0.015625
0 0.6015625 0.052734375 0.0546875 0.060546875
0 0.4150390625 0.2939453125 0.015625 0.0185546875
0 0.6787109375 0.736328125 0.0234375 0.0283203125
0 0.7333984375 0.7412109375 0.0078125 0.0078125
0 0.5966796875 0.9384765625 0.041015625 0.046875