0 0.0859375 0.041015625 0.0185546875 0.021484375
0 0.060546875 0.0234375 0.0517578125 0.046875
0 0.1259765625 0.130859375 0.025390625 0.0283203125
0 0.1455078125 0.185546875 0.017578125 0.021484375
0 0.1259765625 0.232421875 0.009765625 0.0126953125
0 0.087890625 0.220703125 0.015625 0.0185546875
0 0.109375 0.294921875 0.0205078125 0.0234375
0 0.01171875 0.240234375 0.0205078125 0.0234375
0 0.333984375 0.060546875 0.0361328125 0.041015625
0 0.298828125 0.212890625 0.0234375 0.0263671875
0 0.32421875 0.2392578125 0.025390625 0.029296875
0 0.3056640625 0.18359375 0.234375 0.2451171875
0 0.501953125 0.0087890625 0.0234375 0.017578125
0 0.486328125 0.0458984375 0.041015625 0.046875
0 0.5107421875 0.130859375 0.046875 0.052734375
0 0.4541015625 0.228515625 0.0126953125 0.013671875
0 0.427734375 0.291015625 0.017578125 0.0205078125
0 0.41796875 0.345703125 0.0205078125 0.0234375
0 0.3486328125 0.4375 0.013671875 0.017578125
0 0.474609375 0.408203125 0.0185546875 0.021484375
0 0.4208984375 0.5146484375 0.021484375 0.0263671875
0 0.439453125 0.5517578125 0.0234375 0.0263671875
0 0.3671875 0.603515625 0.033203125 0.0390625
0 0.25 0.654296875 0.015625 0.0185546875
0 0.4033203125 0.7431640625 0.015625 0.017578125
0 0.470703125 0.685546875 0.0185546875 0.021484375
0 0.41796875 0.8056640625 0.0234375 0.0263671875
0 0.369140625 0.822265625 0.017578125 0.0205078125
0 0.3408203125 0.8408203125 0.0234375 0.0283203125
0 0.22265625 0.763671875 0.017578125 0.0205078125
0 0.2021484375 0.8251953125 0.0205078125 0.0234375
0 0.1748046875 0.7197265625 0.0263671875 0.03125
0 0.34375 0.68359375 0.2763671875 0.2998046875
0 0.1943359375 0.572265625 0.013671875 0.017578125
0 0.224609375 0.486328125 0.0107421875 0.0126953125
0 0.076171875 0.521484375 0.0205078125 0.021484375
0 0.0283203125 0.333984375 0.0078125 0.0078125
0 0.0458984375 0.3662109375 0.0263671875 0.03125
0 0.154296875 0.416015625 0.0205078125 0.0234375
0 0.1005859375 0.3955078125 0.0185546875 0.021484375
0 0.0478515625 0.447265625 0.029296875 0.0361328125
0 0.0185546875 0.4765625 0.037109375 0.052734375
0 0.0107421875 0.5234375 0.021484375 0.0498046875
0 0.1630859375 0.5205078125 0.015625 0.0185546875
0 0.1630859375 0.6396484375 0.0205078125 0.0234375
0 0.0830078125 0.689453125 0.015625 0.0185546875
0 0.080078125 0.84765625 0.0126953125 0.0126953125
0 0.1259765625 0.87109375 0.0263671875 0.029296875
0 0.126953125 0.923828125 0.029296875 0.0341796875
0 0.232421875 0.96484375 0.0205078125 0.0234375
0 0.232421875 0.9892578125 0.0234375 0.021484375
0 0.3134765625 0.962890625 0.0283203125 0.03125
0 0.3818359375 0.9130859375 0.0185546875 0.021484375
0 0.388671875 0.9833984375 0.0205078125 0.0234375
0 0.439453125 0.904296875 0.025390625 0.0283203125
0 0.4208984375 0.9189453125 0.197265625 0.162109375
0 0.6669921875 0.7333984375 0.015625 0.0205078125
0 0.693359375 0.73046875 0.025390625 0.029296875
0 0.7060546875 0.75 0.013671875 0.015625
0 0.8232421875 0.927734375 0.013671875 0.017578125
0 0.9267578125 0.9580078125 0.083984375 0.083984375
0 0.98828125 0.927734375 0.015625 0.0185546875
0 0.9228515625 0.77734375 0.154296875 0.23828125
0 0.7353515625 0.638671875 0.009765625 0.0107421875
0 0.6767578125 0.591796875 0.013671875 0.017578125
0 0.861328125 0.513671875 0.009765625 0.0107421875
0 0.9052734375 0.54296875 0.015625 0.0185546875
0 0.955078125 0.521484375 0.0107421875 0.0126953125
0 0.9892578125 0.4033203125 0.0205078125 0.0234375
0 0.89453125 0.3994140625 0.015625 0.0185546875
0 0.9365234375 0.357421875 0.046875 0.0546875
0 0.908203125 0.3203125 0.029296875 0.033203125
0 0.8818359375 0.265625 0.033203125 0.0390625
0 0.978515625 0.205078125 0.021484375 0.025390625
0 0.9833984375 0.24609375 0.0126953125 0.013671875
0 0.9345703125 0.0810546875 0.0263671875 0.03125
0 0.8642578125 0.037109375 0.0263671875 0.03125
0 0.822265625 0.021484375 0.0234375 0.0283203125
0 0.7529296875 0.041015625 0.0185546875 0.021484375
0 0.796875 0.01171875 0.013671875 0.017578125
0 0.8046875 0.1708984375 0.0234375 0.0263671875
0 0.837890625 0.2255859375 0.0234375 0.0283203125
0 0.8017578125 0.2607421875 0.015625 0.0185546875
0 0.7236328125 0.203125 0.0283203125 0.033203125
0 0.634765625 0.1337890625 0.017578125 0.0205078125
0 0.681640625 0.1474609375 0.017578125 0.0205078125
0 0.6884765625 0.076171875 0.0126953125 0.013671875
0 0.673828125 0.037109375 0.017578125 0.0205078125
0 0.619140625 0.017578125 0.015625 0.0205078125
0 0.634765625 0.181640625 0.1455078125 0.1533203125
0 0.6123046875 0.2734375 0.0126953125 0.017578125
0 0.580078125 0.3125 0.013671875 0.017578125
0 0.619140625 0.369140625 0.048828125 0.056640625
0 0.634765625 0.3408203125 0.0283203125 0.0361328125
0 0.76953125 0.357421875 0.0078125 0.0078125
0 0.806640625 0.416015625 0.0283203125 0.033203125
0 0.73828125 0.4501953125 0.0078125 0.009765625
0 0.642578125 0.4755859375 0.015625 0.0185546875
0 0.568359375 0.4716796875 0.0048828125 0.0078125
0 0.591796875 0.640625 0.1640625 0.169921875
0 0.060546875 0.564453125 0.1201171875 0.201171875
0 0.642578125 0.9169921875 0.296875 0.166015625
0 0.8427734375 0.162109375 0.017578125 0.0205078125
0 0.9580078125 0.0927734375 0.041015625 0.046875
0 0.876953125 0.115234375 0.0439453125 0.0517578125
0 0.017578125 0.1962890625 0.0263671875 0.03125
0 0.140625 0.763671875 0.0283203125 0.033203125