0 0.095703125 0.0654296875 0.19140625 0.130859375
0 0.2177734375 0.037109375 0.0234375 0.0283203125
0 0.263671875 0.080078125 0.025390625 0.0283203125
0 0.224609375 0.1123046875 0.0234375 0.0263671875
0 0.009765625 0.166015625 0.01953125 0.03125
0 0.0625 0.1513671875 0.1142578125 0.1220703125
0 0.1904296875 0.1923828125 0.025390625 0.029296875
0 0.31640625 0.189453125 0.0341796875 0.041015625
0 0.275390625 0.212890625 0.0361328125 0.0419921875
0 0.3681640625 0.0341796875 0.0185546875 0.0205078125
0 0.341796875 0.046875 0.013671875 0.017578125
0 0.416015625 0.025390625 0.013671875 0.017578125
0 0.4384765625 0.1064453125 0.0205078125 0.0234375
0 0.447265625 0.19921875 0.0126953125 0.0126953125
0 0.431640625 0.2705078125 0.0234375 0.0263671875
0 0.451171875 0.3603515625 0.0263671875 0.03125
0 0.427734375 0.4140625 0.0185546875 0.0205078125
0 0.384765625 0.390625 0.0185546875 0.021484375
0 0.4091796875 0.4375 0.021484375 0.0263671875
0 0.490234375 0.458984375 0.0263671875 0.033203125
0 0.384765625 0.490234375 0.013671875 0.017578125
0 0.421875 0.50390625 0.017578125 0.0205078125
0 0.1572265625 0.28125 0.150390625 0.1689453125
0 0.0380859375 0.2802734375 0.0185546875 0.0234375
0 0.009765625 0.2822265625 0.01953125 0.025390625
0 0.0166015625 0.236328125 0.0234375 0.0263671875
0 0.056640625 0.365234375 0.0517578125 0.0595703125
0 0.25 0.380859375 0.0234375 0.0283203125
0 0.203125 0.404296875 0.0234375 0.0283203125
0 0.298828125 0.451171875 0.021484375 0.025390625
0 0.22265625 0.4560546875 0.013671875 0.015625
0 0.23046875 0.4873046875 0.017578125 0.0185546875
0 0.154296875 0.544921875 0.009765625 0.0126953125
0 0.0517578125 0.5556640625 0.013671875 0.015625
0 0.0126953125 0.669921875 0.025390625 0.03125
0 0.013671875 0.728515625 0.0205078125 0.0234375
0 0.1171875 0.76171875 0.0234375 0.029296875
0 0.02734375 0.80078125 0.017578125 0.0205078125
0 0.052734375 0.814453125 0.0126953125 0.015625
0 0.09375 0.8193359375 0.015625 0.0185546875
0 0.107421875 0.869140625 0.048828125 0.0576171875
0 0.125 0.955078125 0.0126953125 0.013671875
0 0.1962890625 0.982421875 0.017578125 0.0205078125
0 0.2275390625 0.923828125 0.0361328125 0.0419921875
0 0.18359375 0.8203125 0.013671875 0.0185546875
0 0.173828125 0.82421875 0.0078125 0.0107421875
0 0.2109375 0.8115234375 0.0205078125 0.0234375
0 0.23828125 0.798828125 0.013671875 0.017578125
0 0.2509765625 0.833984375 0.0439453125 0.0517578125
0 0.220703125 0.8837890625 0.013671875 0.0185546875
0 0.3544921875 0.763671875 0.0205078125 0.0234375
0 0.3564453125 0.806640625 0.044921875 0.0546875
0 0.4287109375 0.8564453125 0.0107421875 0.0126953125
0 0.4443359375 0.857421875 0.0126953125 0.013671875
0 0.447265625 0.9296875 0.0205078125 0.0234375
0 0.4130859375 0.9072265625 0.0283203125 0.033203125
0 0.40625 0.888671875 0.03125 0.033203125
0 0.4892578125 0.7841796875 0.013671875 0.017578125
0 0.5673828125 0.8203125 0.109375 0.125
0 0.595703125 0.873046875 0.041015625 0.046875
0 0.7255859375 0.74609375 0.0263671875 0.03125
0 0.70703125 0.748046875 0.013671875 0.0185546875
0 0.6767578125 0.814453125 0.013671875 0.017578125
0 0.740234375 0.8828125 0.013671875 0.017578125
0 0.7275390625 0.955078125 0.0107421875 0.013671875
0 0.8408203125 0.970703125 0.005859375 0.0078125
0 0.9580078125 0.927734375 0.013671875 0.017578125
0 0.98828125 0.927734375 0.015625 0.0185546875
0 0.9873046875 0.986328125 0.015625 0.0185546875
0 0.9287109375 0.798828125 0.0263671875 0.029296875
0 0.8427734375 0.650390625 0.013671875 0.015625
0 0.880859375 0.6787109375 0.0126953125 0.015625
0 0.8603515625 0.6796875 0.0283203125 0.033203125
0 0.982421875 0.5693359375 0.021484375 0.0234375
0 0.962890625 0.5615234375 0.0546875 0.060546875
0 0.916015625 0.462890625 0.021484375 0.0234375
0 0.96875 0.388671875 0.0185546875 0.021484375
0 0.873046875 0.3740234375 0.029296875 0.033203125
0 0.912109375 0.357421875 0.015625 0.017578125
0 0.5556640625 0.603515625 0.015625 0.0205078125
0 0.71484375 0.591796875 0.0185546875 0.021484375
0 0.6728515625 0.421875 0.025390625 0.029296875
0 0.666015625 0.4599609375 0.0185546875 0.0234375
0 0.759765625 0.49609375 0.017578125 0.0205078125
0 0.865234375 0.30859375 0.021484375 0.0263671875
0 0.767578125 0.3134765625 0.0234375 0.0283203125
0 0.7802734375 0.365234375 0.015625 0.017578125
0 0.8486328125 0.201171875 0.025390625 0.0283203125
0 0.759765625 0.2119140625 0.015625 0.0185546875
0 0.748046875 0.2333984375 0.033203125 0.037109375
0 0.73828125 0.263671875 0.021484375 0.0234375
0 0.783203125 0.2421875 0.0419921875 0.0517578125
0 0.958984375 0.154296875 0.021484375 0.025390625
0 0.939453125 0.02734375 0.044921875 0.052734375
0 0.9326171875 0.0634765625 0.134765625 0.126953125
0 0.822265625 0.029296875 0.0185546875 0.0205078125
0 0.837890625 0.08984375 0.013671875 0.015625
0 0.73828125 0.111328125 0.015625 0.0185546875
0 0.7509765625 0.125 0.015625 0.0205078125
0 0.646484375 0.060546875 0.1328125 0.12109375
0 0.6513671875 0.177734375 0.0185546875 0.021484375
0 0.6435546875 0.2431640625 0.015625 0.0185546875
0 0.615234375 0.2607421875 0.025390625 0.029296875
0 0.556640625 0.3759765625 0.0390625 0.044921875
0 0.5087890625 0.1318359375 0.0234375 0.0283203125
0 0.1005859375 0.4013671875 0.201171875 0.25
0 0.3466796875 0.9130859375 0.0263671875 0.03125
0 0.275390625 0.8837890625 0.056640625 0.0654296875
0 0.236328125 0.7666015625 0.03125 0.0361328125
0 0.3193359375 0.712890625 0.0390625 0.046875
0 0.2412109375 0.6669921875 0.017578125 0.0205078125
0 0.3291015625 0.630859375 0.0234375 0.0283203125
0 0.3330078125 0.6640625 0.0234375 0.0283203125
0 0.4248046875 0.681640625 0.029296875 0.0341796875
0 0.396484375 0.634765625 0.048828125 0.0576171875
0 0.3720703125 0.3388671875 0.046875 0.056640625