0 0.013671875 0.072265625 0.0107421875 0.0126953125
0 0.072265625 0.0263671875 0.0185546875 0.021484375
0 0.142578125 0.134765625 0.015625 0.0185546875
0 0.294921875 0.076171875 0.23828125 0.15234375
0 0.376953125 0.1279296875 0.017578125 0.0205078125
0 0.40625 0.0751953125 0.0234375 0.0263671875
0 0.265625 0.2216796875 0.0986328125 0.115234375
0 0.205078125 0.197265625 0.021484375 0.025390625
0 0.2392578125 0.275390625 0.0263671875 0.029296875
0 0.150390625 0.2392578125 0.0107421875 0.0126953125
0 0.09375 0.2568359375 0.1875 0.236328125
0 0.0224609375 0.3837890625 0.044921875 0.0546875
0 0.048828125 0.4091796875 0.021484375 0.0234375
0 0.044921875 0.451171875 0.0107421875 0.013671875
0 0.0947265625 0.4443359375 0.0263671875 0.03125
0 0.1474609375 0.4990234375 0.0283203125 0.033203125
0 0.2265625 0.5048828125 0.03125 0.0361328125
0 0.0283203125 0.5654296875 0.015625 0.0205078125
0 0.0634765625 0.59375 0.0126953125 0.013671875
0 0.19140625 0.6298828125 0.037109375 0.0439453125
0 0.1416015625 0.658203125 0.025390625 0.0283203125
0 0.0634765625 0.6875 0.0107421875 0.0126953125
0 0.2275390625 0.9560546875 0.009765625 0.0107421875
0 0.345703125 0.97265625 0.0283203125 0.033203125
0 0.4169921875 0.9375 0.009765625 0.0107421875
0 0.466796875 0.939453125 0.0341796875 0.037109375
0 0.5166015625 0.900390625 0.0234375 0.0263671875
0 0.5654296875 0.880859375 0.0263671875 0.029296875
0 0.5703125 0.9130859375 0.021484375 0.025390625
0 0.5634765625 0.962890625 0.029296875 0.033203125
0 0.65625 0.94921875 0.1064453125 0.1015625
0 0.388671875 0.8740234375 0.021484375 0.0234375
0 0.3740234375 0.8984375 0.0283203125 0.03125
0 0.349609375 0.857421875 0.0595703125 0.068359375
0 0.2587890625 0.875 0.0283203125 0.033203125
0 0.2431640625 0.787109375 0.0341796875 0.041015625
0 0.275390625 0.7587890625 0.0126953125 0.0126953125
0 0.404296875 0.73046875 0.0419921875 0.0498046875
0 0.484375 0.7587890625 0.0185546875 0.0205078125
0 0.453125 0.666015625 0.013671875 0.017578125
0 0.32421875 0.6142578125 0.0341796875 0.041015625
0 0.439453125 0.5458984375 0.0234375 0.0283203125
0 0.5205078125 0.5205078125 0.015625 0.0185546875
0 0.58984375 0.5009765625 0.0234375 0.0263671875
0 0.603515625 0.5390625 0.0283203125 0.033203125
0 0.53515625 0.390625 0.0185546875 0.021484375
0 0.5546875 0.3515625 0.015625 0.0185546875
0 0.638671875 0.44140625 0.041015625 0.046875
0 0.6728515625 0.5517578125 0.0751953125 0.087890625
0 0.822265625 0.560546875 0.017578125 0.0185546875
0 0.818359375 0.634765625 0.0234375 0.0283203125
0 0.3974609375 0.4453125 0.033203125 0.037109375
0 0.443359375 0.3427734375 0.005859375 0.0078125
0 0.369140625 0.333984375 0.013671875 0.015625
0 0.3369140625 0.32421875 0.0126953125 0.013671875
0 0.59765625 0.73046875 0.1767578125 0.193359375
0 0.638671875 0.728515625 0.0126953125 0.013671875
0 0.78125 0.9501953125 0.0126953125 0.0126953125
0 0.802734375 0.7607421875 0.033203125 0.0390625
0 0.8486328125 0.767578125 0.015625 0.0185546875
0 0.8876953125 0.771484375 0.009765625 0.0107421875
0 0.947265625 0.810546875 0.0126953125 0.0126953125
0 0.9580078125 0.599609375 0.083984375 0.1923828125
0 0.904296875 0.470703125 0.03125 0.037109375
0 0.974609375 0.392578125 0.0234375 0.025390625
0 0.9609375 0.412109375 0.021484375 0.0234375
0 0.88671875 0.396484375 0.0126953125 0.013671875
0 0.927734375 0.32421875 0.0107421875 0.0126953125
0 0.9013671875 0.263671875 0.013671875 0.015625
0 0.9111328125 0.220703125 0.015625 0.0185546875
0 0.953125 0.1181640625 0.017578125 0.0205078125
0 0.8828125 0.123046875 0.060546875 0.072265625
0 0.8408203125 0.0927734375 0.0234375 0.0263671875
0 0.8056640625 0.3994140625 0.0283203125 0.03125
0 0.7685546875 0.3974609375 0.0390625 0.046875
0 0.74609375 0.5224609375 0.1953125 0.2080078125
0 0.845703125 0.2900390625 0.0078125 0.009765625
0 0.630859375 0.2548828125 0.0341796875 0.0419921875
0 0.5703125 0.212890625 0.021484375 0.025390625
0 0.580078125 0.1669921875 0.0205078125 0.0234375
0 0.603515625 0.1396484375 0.0205078125 0.025390625
0 0.640625 0.1435546875 0.0185546875 0.021484375
0 0.6337890625 0.2001953125 0.0107421875 0.0126953125
0 0.6611328125 0.1005859375 0.015625 0.0185546875
0 0.701171875 0.083984375 0.0234375 0.0283203125
0 0.78515625 0.0654296875 0.021484375 0.025390625
0 0.662109375 0.048828125 0.009765625 0.0107421875
0 0.5791015625 0.04296875 0.021484375 0.0263671875
0 0.552734375 0.0087890625 0.021484375 0.017578125
0 0.521484375 0.158203125 0.0205078125 0.0234375
0 0.5048828125 0.1787109375 0.0205078125 0.0234375
0 0.49609375 0.2255859375 0.013671875 0.017578125
0 0.466796875 0.4892578125 0.0126953125 0.015625
0 0.708984375 0.7958984375 0.015625 0.0185546875
0 0.75390625 0.849609375 0.0107421875 0.0126953125
0 0.748046875 0.2294921875 0.0263671875 0.029296875
0 0.7109375 0.3408203125 0.0234375 0.0283203125