0 0.337890625 0.10546875 0.033203125 0.041015625
0 0.1669921875 0.138671875 0.029296875 0.033203125
0 0.205078125 0.0390625 0.025390625 0.029296875
0 0.0458984375 0.0234375 0.0205078125 0.0234375
0 0.119140625 0.1416015625 0.033203125 0.0390625
0 0.21875 0.181640625 0.0419921875 0.0498046875
0 0.267578125 0.1435546875 0.03125 0.037109375
0 0.5478515625 0.185546875 0.0234375 0.029296875
0 0.4716796875 0.1953125 0.0234375 0.0283203125
0 0.6630859375 0.0380859375 0.0234375 0.0283203125
0 0.78515625 0.0439453125 0.021484375 0.025390625
0 0.798828125 0.0703125 0.0234375 0.0283203125
0 0.8388671875 0.013671875 0.0234375 0.0263671875
0 0.876953125 0.18359375 0.021484375 0.025390625
0 0.814453125 0.1552734375 0.0185546875 0.021484375
0 0.65625 0.2607421875 0.0341796875 0.0390625
0 0.5712890625 0.2880859375 0.03125 0.037109375
0 0.40625 0.302734375 0.0283203125 0.033203125
0 0.6337890625 0.478515625 0.037109375 0.044921875
0 0.806640625 0.513671875 0.140625 0.15625
0 0.5703125 0.447265625 0.0234375 0.025390625
0 0.080078125 0.267578125 0.029296875 0.0361328125
0 0.1025390625 0.2216796875 0.0234375 0.029296875
0 0.013671875 0.2734375 0.02734375 0.046875
0 0.0654296875 0.1748046875 0.0205078125 0.025390625
0 0.0595703125 0.1494140625 0.013671875 0.017578125
0 0.154296875 0.494140625 0.0205078125 0.025390625
0 0.037109375 0.5703125 0.0185546875 0.0234375
0 0.1728515625 0.42578125 0.2705078125 0.2841796875
0 0.109375 0.4306640625 0.033203125 0.037109375
0 0.728515625 0.626953125 0.0234375 0.0283203125
0 0.302734375 0.6669921875 0.0283203125 0.03125
0 0.0546875 0.830078125 0.0283203125 0.03125
0 0.5009765625 0.87890625 0.029296875 0.0361328125
0 0.556640625 0.873046875 0.03125 0.037109375
0 0.4794921875 0.9228515625 0.0517578125 0.0595703125
0 0.3623046875 0.931640625 0.021484375 0.025390625
0 0.3369140625 0.951171875 0.013671875 0.017578125
0 0.8564453125 0.9140625 0.029296875 0.0341796875
0 0.8486328125 0.84375 0.0185546875 0.0205078125
0 0.7431640625 0.2734375 0.015625 0.021484375
0 0.943359375 0.318359375 0.015625 0.0205078125
0 0.884765625 0.4228515625 0.015625 0.0185546875
0 0.787109375 0.8271484375 0.015625 0.0185546875
0 0.5205078125 0.6162109375 0.193359375 0.208984375
0 0.9501953125 0.4609375 0.099609375 0.17578125
0 0.697265625 0.1396484375 0.015625 0.0205078125
0 0.44921875 0.0888671875 0.029296875 0.033203125
0 0.6669921875 0.1171875 0.025390625 0.03125
0 0.779296875 0.08203125 0.017578125 0.0205078125
0 0.42578125 0.3740234375 0.0390625 0.044921875
0 0.251953125 0.029296875 0.0205078125 0.021484375
0 0.361328125 0.1142578125 0.0185546875 0.021484375
0 0.474609375 0.1328125 0.0107421875 0.0126953125
0 0.361328125 0.1474609375 0.013671875 0.017578125
0 0.375 0.251953125 0.015625 0.0185546875
0 0.4677734375 0.28515625 0.0126953125 0.013671875
0 0.5107421875 0.3486328125 0.0107421875 0.0126953125
0 0.619140625 0.28125 0.0283203125 0.0341796875
0 0.654296875 0.3056640625 0.013671875 0.017578125
0 0.7353515625 0.419921875 0.0185546875 0.0205078125
0 0.908203125 0.5087890625 0.0078125 0.0107421875
0 0.8388671875 0.595703125 0.0107421875 0.0107421875
0 0.7158203125 0.67578125 0.0107421875 0.0126953125
0 0.650390625 0.4990234375 0.0234375 0.0283203125
0 0.39453125 0.4306640625 0.0234375 0.0283203125
0 0.0771484375 0.212890625 0.0107421875 0.013671875
0 0.2080078125 0.146484375 0.025390625 0.029296875
0 0.2802734375 0.197265625 0.025390625 0.03125
0 0.2197265625 0.2587890625 0.015625 0.017578125
0 0.6875 0.4658203125 0.0185546875 0.0205078125
0 0.6396484375 0.1650390625 0.009765625 0.0126953125
0 0.689453125 0.015625 0.0517578125 0.03125
0 0.603515625 0.0068359375 0.013671875 0.013671875
0 0.771484375 0.0966796875 0.015625 0.017578125
0 0.802734375 0.1787109375 0.009765625 0.0126953125
0 0.8857421875 0.255859375 0.013671875 0.017578125
0 0.865234375 0.818359375 0.009765625 0.0107421875
0 0.8076171875 0.8876953125 0.0107421875 0.0126953125
0 0.98828125 0.927734375 0.015625 0.0205078125
0 0.9873046875 0.9873046875 0.015625 0.0185546875
0 0.767578125 0.982421875 0.0263671875 0.029296875
0 0.70703125 0.921875 0.0205078125 0.0234375
0 0.6328125 0.9140625 0.0185546875 0.021484375
0 0.537109375 0.966796875 0.0126953125 0.013671875
0 0.029296875 0.8203125 0.0263671875 0.033203125
0 0.140625 0.841796875 0.013671875 0.015625
0 0.2197265625 0.8232421875 0.0126953125 0.015625
0 0.142578125 0.744140625 0.021484375 0.025390625
0 0.1865234375 0.7353515625 0.013671875 0.0185546875
0 0.556640625 0.751953125 0.0205078125 0.021484375
0 0.580078125 0.7900390625 0.015625 0.0185546875
0 0.669921875 0.6923828125 0.0126953125 0.015625
0 0.642578125 0.7646484375 0.1845703125 0.201171875
0 0.427734375 0.708984375 0.0234375 0.0283203125
0 0.408203125 0.7900390625 0.0126953125 0.0126953125
0 0.298828125 0.5966796875 0.0234375 0.0283203125
0 0.26953125 0.5498046875 0.0126953125 0.013671875
0 0.3095703125 0.5576171875 0.017578125 0.0205078125
0 0.4033203125 0.68359375 0.154296875 0.1669921875
0 0.0927734375 0.41015625 0.017578125 0.017578125
0 0.265625 0.2978515625 0.021484375 0.0234375
0 0.06640625 0.857421875 0.0419921875 0.048828125
0 0.9384765625 0.080078125 0.123046875 0.16015625