0 0.0283203125 0.1494140625 0.0361328125 0.041015625
0 0.1591796875 0.091796875 0.0361328125 0.041015625
0 0.107421875 0.205078125 0.1533203125 0.1748046875
0 0.283203125 0.015625 0.021484375 0.025390625
0 0.345703125 0.1142578125 0.017578125 0.021484375
0 0.3330078125 0.099609375 0.0078125 0.009765625
0 0.3369140625 0.076171875 0.0234375 0.0283203125
0 0.2880859375 0.076171875 0.0234375 0.0283203125
0 0.482421875 0.1064453125 0.015625 0.0185546875
0 0.478515625 0.166015625 0.0185546875 0.0234375
0 0.388671875 0.251953125 0.0205078125 0.0234375
0 0.4990234375 0.28515625 0.013671875 0.015625
0 0.38671875 0.263671875 0.2783203125 0.265625
0 0.1845703125 0.34375 0.1357421875 0.1533203125
0 0.251953125 0.3564453125 0.015625 0.0185546875
0 0.095703125 0.33203125 0.013671875 0.015625
0 0.0107421875 0.5986328125 0.021484375 0.0439453125
0 0.1201171875 0.681640625 0.021484375 0.0263671875
0 0.044921875 0.6748046875 0.0234375 0.0263671875
0 0.0830078125 0.740234375 0.166015625 0.1904296875
0 0.1171875 0.892578125 0.009765625 0.0126953125
0 0.208984375 0.923828125 0.017578125 0.021484375
0 0.251953125 0.798828125 0.015625 0.0185546875
0 0.29296875 0.845703125 0.033203125 0.037109375
0 0.3212890625 0.8662109375 0.015625 0.0185546875
0 0.3642578125 0.8916015625 0.029296875 0.0361328125
0 0.3955078125 0.9541015625 0.0126953125 0.013671875
0 0.3544921875 0.958984375 0.009765625 0.0126953125
0 0.4873046875 0.923828125 0.0126953125 0.013671875
0 0.8583984375 0.953125 0.0107421875 0.013671875
0 0.896484375 0.91015625 0.021484375 0.0263671875
0 0.919921875 0.6962890625 0.017578125 0.0185546875
0 0.8271484375 0.6318359375 0.0283203125 0.03125
0 0.8388671875 0.7451171875 0.021484375 0.0234375
0 0.751953125 0.7626953125 0.025390625 0.0283203125
0 0.6767578125 0.720703125 0.0283203125 0.0361328125
0 0.7099609375 0.7939453125 0.1015625 0.1171875
0 0.552734375 0.759765625 0.0625 0.0732421875
0 0.466796875 0.8505859375 0.119140625 0.1357421875
0 0.3837890625 0.677734375 0.033203125 0.0390625
0 0.4599609375 0.6591796875 0.015625 0.0185546875
0 0.462890625 0.58984375 0.0439453125 0.048828125
0 0.4326171875 0.64453125 0.2138671875 0.2607421875
0 0.2255859375 0.51171875 0.0205078125 0.0234375
0 0.1982421875 0.5390625 0.0107421875 0.0126953125
0 0.220703125 0.578125 0.033203125 0.037109375
0 0.3056640625 0.583984375 0.0361328125 0.041015625
0 0.2822265625 0.60546875 0.021484375 0.0263671875
0 0.275390625 0.513671875 0.0234375 0.0263671875
0 0.3916015625 0.4765625 0.015625 0.0205078125
0 0.560546875 0.412109375 0.0234375 0.0263671875
0 0.556640625 0.447265625 0.0185546875 0.0205078125
0 0.6494140625 0.4052734375 0.0107421875 0.013671875
0 0.6181640625 0.373046875 0.013671875 0.015625
0 0.740234375 0.3701171875 0.0185546875 0.021484375
0 0.673828125 0.486328125 0.0234375 0.0283203125
0 0.7021484375 0.52734375 0.0390625 0.046875
0 0.779296875 0.5009765625 0.017578125 0.0205078125
0 0.6728515625 0.482421875 0.205078125 0.2109375
0 0.8095703125 0.376953125 0.0234375 0.025390625
0 0.8974609375 0.5322265625 0.013671875 0.017578125
0 0.9443359375 0.294921875 0.017578125 0.0205078125
0 0.9619140625 0.203125 0.013671875 0.017578125
0 0.826171875 0.220703125 0.0234375 0.0263671875
0 0.751953125 0.28125 0.126953125 0.1455078125
0 0.6484375 0.263671875 0.0126953125 0.013671875
0 0.6474609375 0.294921875 0.0283203125 0.03125
0 0.654296875 0.3291015625 0.0234375 0.029296875
0 0.58203125 0.2880859375 0.1064453125 0.1171875
0 0.421875 0.494140625 0.029296875 0.033203125
0 0.583984375 0.1923828125 0.0078125 0.009765625
0 0.5927734375 0.1962890625 0.0048828125 0.005859375
0 0.615234375 0.2119140625 0.013671875 0.017578125
0 0.779296875 0.1826171875 0.037109375 0.0439453125
0 0.88671875 0.14453125 0.1796875 0.1953125
0 0.7607421875 0.095703125 0.0126953125 0.015625
0 0.775390625 0.1015625 0.013671875 0.017578125
0 0.662109375 0.05859375 0.025390625 0.029296875
0 0.623046875 0.0224609375 0.0234375 0.0283203125
0 0.427734375 0.076171875 0.017578125 0.0185546875