0 0.0654296875 0.353515625 0.130859375 0.2265625
0 0.1083984375 0.05859375 0.015625 0.0185546875
0 0.05078125 0.0458984375 0.0205078125 0.0234375
0 0.0244140625 0.068359375 0.0107421875 0.0126953125
0 0.1708984375 0.279296875 0.015625 0.0185546875
0 0.1533203125 0.2373046875 0.009765625 0.0126953125
0 0.0576171875 0.228515625 0.013671875 0.017578125
0 0.021484375 0.8193359375 0.025390625 0.03125
0 0.111328125 0.765625 0.025390625 0.029296875
0 0.021484375 0.544921875 0.0185546875 0.021484375
0 0.0126953125 0.5302734375 0.013671875 0.015625
0 0.099609375 0.6650390625 0.015625 0.0185546875
0 0.1201171875 0.91015625 0.0126953125 0.013671875
0 0.4287109375 0.78125 0.0185546875 0.021484375
0 0.345703125 0.7021484375 0.021484375 0.0263671875
0 0.466796875 0.966796875 0.0185546875 0.021484375
0 0.3662109375 0.1962890625 0.0185546875 0.021484375
0 0.2890625 0.2099609375 0.021484375 0.0263671875
0 0.341796875 0.0869140625 0.013671875 0.017578125
0 0.537109375 0.2939453125 0.033203125 0.0390625
0 0.4814453125 0.158203125 0.0107421875 0.0126953125
0 0.6083984375 0.1259765625 0.1357421875 0.1591796875
0 0.6142578125 0.931640625 0.037109375 0.0439453125
0 0.5419921875 0.9423828125 0.0234375 0.0283203125
0 0.642578125 0.833984375 0.0126953125 0.013671875
0 0.5107421875 0.677734375 0.0126953125 0.0126953125
0 0.23828125 0.537109375 0.025390625 0.0283203125
0 0.8740234375 0.291015625 0.0185546875 0.021484375
0 0.8017578125 0.2744140625 0.0205078125 0.0234375
0 0.818359375 0.056640625 0.0107421875 0.0126953125
0 0.8564453125 0.197265625 0.013671875 0.017578125
0 0.98046875 0.365234375 0.0390625 0.046875
0 0.8154296875 0.49609375 0.013671875 0.015625
0 0.8369140625 0.552734375 0.015625 0.0185546875
0 0.841796875 0.693359375 0.013671875 0.015625
0 0.8984375 0.7978515625 0.0205078125 0.0234375
0 0.724609375 0.9794921875 0.0283203125 0.033203125
0 0.74609375 0.9853515625 0.02734375 0.029296875
0 0.9130859375 0.958984375 0.013671875 0.017578125
0 0.9892578125 0.9287109375 0.0126953125 0.013671875
0 0.705078125 0.873046875 0.009765625 0.0107421875
0 0.740234375 0.873046875 0.0078125 0.009765625
0 0.7421875 0.625 0.009765625 0.0107421875
0 0.7724609375 0.6357421875 0.0107421875 0.0126953125
0 0.767578125 0.5673828125 0.015625 0.0185546875
0 0.59765625 0.677734375 0.0107421875 0.0126953125
0 0.0439453125 0.95703125 0.013671875 0.015625
0 0.5185546875 0.5751953125 0.021484375 0.0263671875
0 0.939453125 0.728515625 0.0185546875 0.021484375
0 0.798828125 0.857421875 0.0341796875 0.041015625
0 0.873046875 0.982421875 0.025390625 0.029296875
0 0.6767578125 0.5810546875 0.0234375 0.0283203125
0 0.0634765625 0.6162109375 0.013671875 0.017578125
0 0.2841796875 0.060546875 0.119140625 0.12109375
0 0.455078125 0.0625 0.0419921875 0.0498046875
0 0.748046875 0.236328125 0.119140625 0.134765625
0 0.8369140625 0.3740234375 0.173828125 0.166015625
0 0.40234375 0.1875 0.037109375 0.046875
0 0.4677734375 0.228515625 0.037109375 0.041015625
0 0.3740234375 0.3017578125 0.0283203125 0.029296875
0 0.30078125 0.2705078125 0.025390625 0.0283203125
0 0.181640625 0.2333984375 0.0234375 0.0283203125
0 0.2060546875 0.5302734375 0.0205078125 0.0234375
0 0.3134765625 0.380859375 0.1279296875 0.142578125
0 0.873046875 0.640625 0.0859375 0.0966796875
0 0.939453125 0.298828125 0.015625 0.021484375
0 0.9580078125 0.154296875 0.0361328125 0.041015625
0 0.490234375 0.1318359375 0.0234375 0.0283203125
0 0.40625 0.6318359375 0.021484375 0.0263671875
0 0.150390625 0.779296875 0.025390625 0.0283203125
0 0.4970703125 0.3115234375 0.015625 0.017578125
0 0.68359375 0.8056640625 0.0234375 0.0263671875
0 0.5576171875 0.720703125 0.021484375 0.0205078125
0 0.59375 0.7255859375 0.021484375 0.0263671875
0 0.734375 0.763671875 0.021484375 0.0263671875
0 0.7822265625 0.525390625 0.0234375 0.0283203125
0 0.2412109375 0.9697265625 0.0234375 0.0263671875
0 0.0234375 0.984375 0.0185546875 0.0205078125
0 0.236328125 0.625 0.166015625 0.173828125
0 0.322265625 0.7548828125 0.021484375 0.021484375
0 0.0419921875 0.78515625 0.029296875 0.03125
0 0.244140625 0.240234375 0.0185546875 0.0205078125
0 0.634765625 0.3330078125 0.017578125 0.017578125
0 0.806640625 0.9775390625 0.0498046875 0.044921875
0 0.6826171875 0.9150390625 0.0361328125 0.0419921875
0 0.478515625 0.8681640625 0.017578125 0.0205078125
0 0.333984375 0.8349609375 0.125 0.142578125
0 0.4501953125 0.4599609375 0.240234375 0.25
0 0.6904296875 0.201171875 0.140625 0.162109375
0 0.9111328125 0.0654296875 0.125 0.130859375
0 0.6875 0.013671875 0.021484375 0.0263671875