0 0.7470703125 0.5224609375 0.1904296875 0.224609375
0 0.8818359375 0.123046875 0.0625 0.0732421875
0 0.23828125 0.275390625 0.0283203125 0.03125
0 0.49609375 0.224609375 0.013671875 0.017578125
0 0.259765625 0.875 0.0283203125 0.033203125
0 0.419921875 0.375 0.0263671875 0.03125
0 0.2568359375 0.671875 0.0703125 0.0810546875
0 0.087890625 0.8349609375 0.013671875 0.017578125
0 0.130859375 0.927734375 0.021484375 0.0263671875
0 0.3876953125 0.8740234375 0.0185546875 0.021484375
0 0.318359375 0.728515625 0.0185546875 0.021484375
0 0.52734375 0.6318359375 0.0126953125 0.0126953125
0 0.603515625 0.541015625 0.025390625 0.0283203125
0 0.5537109375 0.0087890625 0.0205078125 0.017578125
0 0.521484375 0.1572265625 0.0205078125 0.0234375
0 0.7109375 0.341796875 0.021484375 0.025390625
0 0.8076171875 0.2802734375 0.009765625 0.0107421875
0 0.826171875 0.306640625 0.017578125 0.0205078125
0 0.861328125 0.435546875 0.046875 0.0546875
0 0.60546875 0.3037109375 0.0859375 0.099609375
0 0.6337890625 0.2001953125 0.0126953125 0.013671875
0 0.7841796875 0.06640625 0.015625 0.0185546875
0 0.8408203125 0.0927734375 0.0234375 0.0283203125
0 0.701171875 0.0849609375 0.021484375 0.0263671875
0 0.6611328125 0.1015625 0.0126953125 0.015625
0 0.662109375 0.048828125 0.0107421875 0.0126953125
0 0.9296875 0.4755859375 0.03125 0.0361328125
0 0.8779296875 0.7685546875 0.005859375 0.0078125
0 0.8046875 0.697265625 0.0078125 0.009765625
0 0.083984375 0.4716796875 0.0126953125 0.013671875
0 0.564453125 0.96484375 0.0283203125 0.0341796875
0 0.748046875 0.2294921875 0.0283203125 0.033203125
0 0.7373046875 0.134765625 0.03125 0.037109375
0 0.9892578125 0.462890625 0.0126953125 0.013671875
0 0.9580078125 0.966796875 0.03125 0.0361328125
0 0.546875 0.9052734375 0.150390625 0.1767578125
0 0.142578125 0.134765625 0.013671875 0.017578125
0 0.0927734375 0.255859375 0.185546875 0.234375
0 0.265625 0.2216796875 0.0966796875 0.115234375
0 0.205078125 0.1982421875 0.0205078125 0.0263671875
0 0.580078125 0.1669921875 0.021484375 0.0234375
0 0.5712890625 0.2138671875 0.0205078125 0.021484375
0 0.5048828125 0.1787109375 0.017578125 0.021484375
0 0.40625 0.076171875 0.021484375 0.0234375
0 0.376953125 0.1279296875 0.015625 0.0205078125
0 0.3369140625 0.3232421875 0.0126953125 0.015625
0 0.369140625 0.3349609375 0.013671875 0.015625
0 0.0947265625 0.4443359375 0.025390625 0.03125
0 0.396484375 0.4462890625 0.033203125 0.037109375
0 0.021484375 0.384765625 0.04296875 0.0546875
0 0.048828125 0.41015625 0.021484375 0.021484375
0 0.146484375 0.4990234375 0.025390625 0.033203125
0 0.029296875 0.5673828125 0.015625 0.0185546875
0 0.2265625 0.5068359375 0.029296875 0.03125
0 0.322265625 0.615234375 0.0361328125 0.0419921875
0 0.142578125 0.66015625 0.025390625 0.029296875
0 0.0634765625 0.5947265625 0.0126953125 0.017578125
0 0.0634765625 0.6884765625 0.0126953125 0.0107421875
0 0.044921875 0.451171875 0.013671875 0.015625
0 0.439453125 0.546875 0.0283203125 0.03125
0 0.5185546875 0.51953125 0.015625 0.0185546875
0 0.5908203125 0.5009765625 0.0234375 0.0283203125
0 0.404296875 0.7314453125 0.041015625 0.0517578125
0 0.244140625 0.791015625 0.0341796875 0.0390625
0 0.2763671875 0.7587890625 0.013671875 0.015625
0 0.4521484375 0.666015625 0.013671875 0.017578125
0 0.4833984375 0.759765625 0.017578125 0.021484375
0 0.517578125 0.779296875 0.0126953125 0.017578125
0 0.1904296875 0.6298828125 0.0390625 0.0439453125
0 0.0732421875 0.025390625 0.0185546875 0.021484375
0 0.603515625 0.1396484375 0.0185546875 0.021484375
0 0.6396484375 0.142578125 0.017578125 0.0205078125
0 0.630859375 0.255859375 0.0341796875 0.041015625
0 0.953125 0.119140625 0.0205078125 0.021484375
0 0.9111328125 0.220703125 0.017578125 0.0185546875
0 0.9013671875 0.263671875 0.013671875 0.017578125
0 0.5546875 0.3505859375 0.015625 0.0185546875
0 0.5361328125 0.390625 0.0185546875 0.0185546875
0 0.767578125 0.3984375 0.037109375 0.0419921875
0 0.8056640625 0.400390625 0.0263671875 0.03125
0 0.9619140625 0.412109375 0.021484375 0.0234375
0 0.974609375 0.392578125 0.0185546875 0.0234375
0 0.90625 0.470703125 0.033203125 0.0390625
0 0.6708984375 0.552734375 0.0732421875 0.0810546875
0 0.818359375 0.634765625 0.0234375 0.0283203125
0 0.822265625 0.560546875 0.015625 0.0185546875
0 0.80078125 0.76171875 0.033203125 0.037109375
0 0.84765625 0.7685546875 0.015625 0.0185546875
0 0.888671875 0.771484375 0.0107421875 0.0126953125
0 0.947265625 0.8115234375 0.013671875 0.015625
0 0.7822265625 0.951171875 0.0126953125 0.013671875
0 0.708984375 0.794921875 0.015625 0.0205078125
0 0.6357421875 0.806640625 0.015625 0.0185546875
0 0.5654296875 0.880859375 0.0234375 0.03125
0 0.513671875 0.90234375 0.0234375 0.0283203125
0 0.349609375 0.8583984375 0.0595703125 0.072265625
0 0.345703125 0.9736328125 0.025390625 0.0341796875
0 0.466796875 0.939453125 0.033203125 0.0390625
0 0.75390625 0.8505859375 0.013671875 0.015625
0 0.5703125 0.9130859375 0.021484375 0.0263671875
0 0.416015625 0.9375 0.0107421875 0.0107421875
0 0.373046875 0.900390625 0.025390625 0.033203125
0 0.638671875 0.44140625 0.041015625 0.048828125
0 0.443359375 0.34375 0.0078125 0.0107421875
0 0.580078125 0.044921875 0.0234375 0.0263671875
0 0.845703125 0.291015625 0.009765625 0.0126953125
0 0.927734375 0.3232421875 0.013671875 0.015625
0 0.888671875 0.396484375 0.013671875 0.015625
0 0.228515625 0.95703125 0.0107421875 0.013671875
0 0.009765625 0.8505859375 0.0126953125 0.013671875
0 0.8310546875 0.97265625 0.0107421875 0.0126953125
0 0.779296875 0.9755859375 0.0107421875 0.0107421875
0 0.466796875 0.4892578125 0.0126953125 0.015625
0 0.2958984375 0.0771484375 0.2314453125 0.154296875
0 0.595703125 0.7275390625 0.1748046875 0.1845703125