0 0.1865234375 0.1494140625 0.0283203125 0.029296875
0 0.166015625 0.18359375 0.021484375 0.0263671875
0 0.189453125 0.244140625 0.033203125 0.037109375
0 0.005859375 0.337890625 0.0107421875 0.0234375
0 0.154296875 0.3583984375 0.025390625 0.03125
0 0.21875 0.435546875 0.0185546875 0.021484375
0 0.2646484375 0.705078125 0.0234375 0.0283203125
0 0.326171875 0.259765625 0.0234375 0.029296875
0 0.1748046875 0.5234375 0.009765625 0.0126953125
0 0.1826171875 0.5927734375 0.0126953125 0.0126953125
0 0.181640625 0.587890625 0.009765625 0.009765625
0 0.1669921875 0.6669921875 0.009765625 0.0107421875
0 0.224609375 0.8232421875 0.017578125 0.0205078125
0 0.1123046875 0.8876953125 0.029296875 0.033203125
0 0.271484375 0.556640625 0.0126953125 0.0126953125
0 0.361328125 0.650390625 0.0126953125 0.013671875
0 0.322265625 0.654296875 0.0205078125 0.0234375
0 0.3271484375 0.427734375 0.0107421875 0.0126953125
0 0.4345703125 0.244140625 0.0283203125 0.03125
0 0.486328125 0.279296875 0.044921875 0.0546875
0 0.537109375 0.291015625 0.033203125 0.037109375
0 0.5185546875 0.50390625 0.228515625 0.234375
0 0.6201171875 0.5712890625 0.0205078125 0.0234375
0 0.6689453125 0.5087890625 0.0234375 0.0283203125
0 0.552734375 0.6728515625 0.0234375 0.0283203125
0 0.533203125 0.6767578125 0.009765625 0.0126953125
0 0.5322265625 0.6923828125 0.0283203125 0.0361328125
0 0.5673828125 0.9306640625 0.0126953125 0.013671875
0 0.634765625 0.935546875 0.009765625 0.0107421875
0 0.5576171875 0.111328125 0.1513671875 0.169921875
0 0.6123046875 0.203125 0.0205078125 0.0234375
0 0.7041015625 0.208984375 0.029296875 0.0341796875
0 0.7197265625 0.228515625 0.046875 0.0546875
0 0.720703125 0.298828125 0.033203125 0.0361328125
0 0.7724609375 0.458984375 0.013671875 0.017578125
0 0.857421875 0.6494140625 0.013671875 0.0185546875
0 0.853515625 0.7236328125 0.029296875 0.0361328125
0 0.888671875 0.7353515625 0.013671875 0.017578125
0 0.9443359375 0.7939453125 0.013671875 0.017578125
0 0.87109375 0.505859375 0.0234375 0.0283203125
0 0.8330078125 0.4892578125 0.013671875 0.0185546875
0 0.8955078125 0.3388671875 0.025390625 0.0283203125
0 0.9208984375 0.337890625 0.0205078125 0.0234375
0 0.9482421875 0.4140625 0.0234375 0.029296875
0 0.0048828125 0.7666015625 0.009765625 0.0205078125
0 0.08203125 0.4921875 0.1640625 0.2314453125
0 0.9599609375 0.052734375 0.041015625 0.048828125
0 0.8486328125 0.080078125 0.013671875 0.017578125
0 0.77734375 0.142578125 0.0263671875 0.03125
0 0.7861328125 0.20703125 0.015625 0.0205078125
0 0.8232421875 0.205078125 0.029296875 0.0341796875
0 0.9150390625 0.1923828125 0.169921875 0.212890625
0 0.640625 0.23828125 0.0234375 0.0283203125
0 0.4228515625 0.130859375 0.0703125 0.080078125
0 0.3876953125 0.353515625 0.013671875 0.015625
0 0.021484375 0.884765625 0.013671875 0.015625
0 0.189453125 0.8603515625 0.021484375 0.0263671875
0 0.228515625 0.990234375 0.0205078125 0.0185546875
0 0.4921875 0.853515625 0.0341796875 0.0419921875
0 0.5673828125 0.794921875 0.0341796875 0.0419921875
0 0.6728515625 0.763671875 0.0390625 0.0439453125
0 0.943359375 0.94140625 0.0126953125 0.013671875
0 0.9873046875 0.986328125 0.015625 0.0185546875
0 0.9462890625 0.916015625 0.0126953125 0.013671875
0 0.8818359375 0.9130859375 0.015625 0.017578125
0 0.869140625 0.7900390625 0.03125 0.037109375
0 0.802734375 0.8974609375 0.0185546875 0.021484375
0 0.78515625 0.8359375 0.021484375 0.0234375
0 0.919921875 0.7431640625 0.0078125 0.009765625
0 0.7734375 0.595703125 0.033203125 0.0390625
0 0.75390625 0.5185546875 0.03125 0.0341796875
0 0.80859375 0.462890625 0.033203125 0.0390625
0 0.916015625 0.4296875 0.0107421875 0.0126953125
0 0.78515625 0.39453125 0.029296875 0.0341796875
0 0.345703125 0.53515625 0.134765625 0.154296875
0 0.4208984375 0.693359375 0.0234375 0.0263671875
0 0.234375 0.6494140625 0.0126953125 0.015625
0 0.7626953125 0.05859375 0.1875 0.1171875