0 0.623046875 0.572265625 0.064453125 0.080078125
0 0.693359375 0.154296875 0.130859375 0.1513671875
0 0.1318359375 0.708984375 0.0419921875 0.048828125
0 0.61328125 0.38671875 0.041015625 0.0439453125
0 0.85546875 0.28515625 0.046875 0.052734375
0 0.4111328125 0.603515625 0.1201171875 0.1357421875
0 0.8408203125 0.830078125 0.03125 0.0390625
0 0.5927734375 0.9443359375 0.033203125 0.041015625
0 0.2724609375 0.611328125 0.03125 0.033203125
0 0.380859375 0.759765625 0.123046875 0.142578125
0 0.8681640625 0.466796875 0.033203125 0.0341796875
0 0.740234375 0.8916015625 0.0234375 0.025390625
0 0.888671875 0.841796875 0.0283203125 0.033203125
0 0.2294921875 0.470703125 0.048828125 0.0517578125
0 0.181640625 0.6103515625 0.0205078125 0.0205078125
0 0.224609375 0.1357421875 0.013671875 0.017578125
0 0.1923828125 0.1123046875 0.025390625 0.0283203125
0 0.07421875 0.1865234375 0.1484375 0.171875
0 0.3720703125 0.0361328125 0.0234375 0.0263671875
0 0.3603515625 0.185546875 0.0283203125 0.029296875
0 0.4375 0.1875 0.0390625 0.0439453125
0 0.509765625 0.134765625 0.0234375 0.0263671875
0 0.3505859375 0.08984375 0.236328125 0.1796875
0 0.546875 0.048828125 0.0234375 0.0283203125
0 0.6650390625 0.0107421875 0.013671875 0.017578125
0 0.697265625 0.052734375 0.029296875 0.0361328125
0 0.763671875 0.0869140625 0.009765625 0.0126953125
0 0.896484375 0.08203125 0.181640625 0.1640625
0 0.951171875 0.1640625 0.0966796875 0.1376953125
0 0.978515625 0.287109375 0.0234375 0.0283203125
0 0.7802734375 0.28515625 0.017578125 0.0185546875
0 0.7060546875 0.359375 0.017578125 0.0205078125
0 0.8046875 0.3740234375 0.017578125 0.0205078125
0 0.8486328125 0.421875 0.017578125 0.0205078125
0 0.8154296875 0.466796875 0.03125 0.0361328125
0 0.794921875 0.4677734375 0.0185546875 0.0234375
0 0.8193359375 0.4189453125 0.0234375 0.0283203125
0 0.943359375 0.439453125 0.03125 0.0361328125
0 0.96875 0.521484375 0.0234375 0.0283203125
0 0.98046875 0.515625 0.0185546875 0.021484375
0 0.8642578125 0.5361328125 0.015625 0.015625
0 0.853515625 0.576171875 0.0205078125 0.0234375
0 0.9365234375 0.595703125 0.0107421875 0.013671875
0 0.9619140625 0.6650390625 0.0263671875 0.03125
0 0.9501953125 0.8056640625 0.099609375 0.193359375
0 0.822265625 0.693359375 0.1533203125 0.15625
0 0.751953125 0.76171875 0.0126953125 0.0126953125
0 0.869140625 0.896484375 0.0234375 0.0283203125
0 0.8544921875 0.8916015625 0.0107421875 0.013671875
0 0.794921875 0.8759765625 0.0234375 0.0283203125
0 0.5869140625 0.873046875 0.0107421875 0.0126953125
0 0.4619140625 0.955078125 0.0185546875 0.0205078125
0 0.4248046875 0.9541015625 0.029296875 0.033203125
0 0.392578125 0.966796875 0.0263671875 0.03125
0 0.34765625 0.876953125 0.017578125 0.021484375
0 0.263671875 0.853515625 0.015625 0.0185546875
0 0.4619140625 0.736328125 0.025390625 0.0283203125
0 0.228515625 0.7646484375 0.0126953125 0.0126953125
0 0.205078125 0.76171875 0.0107421875 0.0126953125
0 0.15234375 0.767578125 0.0126953125 0.0126953125
0 0.0751953125 0.88671875 0.150390625 0.2265625
0 0.306640625 0.68359375 0.029296875 0.0361328125
0 0.240234375 0.55859375 0.013671875 0.017578125
0 0.0888671875 0.5615234375 0.177734375 0.205078125
0 0.365234375 0.505859375 0.029296875 0.0341796875
0 0.4326171875 0.560546875 0.3232421875 0.314453125
0 0.216796875 0.390625 0.017578125 0.0205078125
0 0.1181640625 0.34375 0.013671875 0.015625
0 0.01953125 0.375 0.0263671875 0.03125
0 0.009765625 0.333984375 0.017578125 0.037109375
0 0.470703125 0.37890625 0.013671875 0.017578125
0 0.537109375 0.4111328125 0.0205078125 0.0234375
0 0.638671875 0.357421875 0.0341796875 0.041015625
0 0.6513671875 0.318359375 0.015625 0.015625