0 0.1806640625 0.162109375 0.025390625 0.029296875
0 0.1044921875 0.0927734375 0.015625 0.0185546875
0 0.0478515625 0.091796875 0.0107421875 0.0126953125
0 0.1005859375 0.044921875 0.009765625 0.0107421875
0 0.09375 0.5732421875 0.013671875 0.015625
0 0.427734375 0.7724609375 0.015625 0.0185546875
0 0.486328125 0.7177734375 0.017578125 0.0205078125
0 0.3515625 0.716796875 0.0185546875 0.021484375
0 0.4345703125 0.630859375 0.015625 0.0185546875
0 0.251953125 0.8525390625 0.015625 0.0185546875
0 0.2666015625 0.81640625 0.015625 0.0185546875
0 0.509765625 0.9501953125 0.029296875 0.0341796875
0 0.3349609375 0.0830078125 0.0107421875 0.0126953125
0 0.326171875 0.330078125 0.0283203125 0.03125
0 0.064453125 0.755859375 0.12890625 0.171875
0 0.15625 0.833984375 0.0283203125 0.033203125
0 0.44140625 0.9755859375 0.017578125 0.0205078125
0 0.6611328125 0.048828125 0.041015625 0.048828125
0 0.7177734375 0.083984375 0.0283203125 0.033203125
0 0.8798828125 0.0693359375 0.0185546875 0.021484375
0 0.9130859375 0.033203125 0.017578125 0.0205078125
0 0.9921875 0.037109375 0.015625 0.0263671875
0 0.845703125 0.2080078125 0.0126953125 0.013671875
0 0.611328125 0.341796875 0.017578125 0.0205078125
0 0.9072265625 0.46875 0.0205078125 0.0234375
0 0.9482421875 0.5185546875 0.013671875 0.015625
0 0.884765625 0.6279296875 0.009765625 0.0107421875
0 0.587890625 0.5615234375 0.009765625 0.0107421875
0 0.630859375 0.69140625 0.015625 0.0185546875
0 0.6064453125 0.6650390625 0.0078125 0.0107421875
0 0.6904296875 0.65625 0.0078125 0.009765625
0 0.91796875 0.7666015625 0.0185546875 0.021484375
0 0.923828125 0.720703125 0.015625 0.0185546875
0 0.91015625 0.697265625 0.013671875 0.017578125
0 0.5322265625 0.478515625 0.0234375 0.0283203125
0 0.4375 0.150390625 0.0126953125 0.013671875
0 0.837890625 0.37890625 0.140625 0.166015625
0 0.255859375 0.2099609375 0.025390625 0.029296875
0 0.76171875 0.197265625 0.015625 0.0185546875
0 0.7744140625 0.2705078125 0.017578125 0.0205078125
0 0.115234375 0.927734375 0.115234375 0.1357421875
0 0.162109375 0.6962890625 0.0234375 0.0283203125
0 0.009765625 0.564453125 0.0185546875 0.033203125
0 0.138671875 0.333984375 0.013671875 0.015625
0 0.091796875 0.2529296875 0.005859375 0.0078125
0 0.291015625 0.515625 0.009765625 0.0126953125
0 0.859375 0.041015625 0.0263671875 0.03125
0 0.4462890625 0.76953125 0.013671875 0.015625
0 0.4638671875 0.369140625 0.068359375 0.080078125
0 0.408203125 0.43359375 0.0361328125 0.0419921875
0 0.654296875 0.224609375 0.037109375 0.0439453125
0 0.537109375 0.251953125 0.0263671875 0.03125
0 0.2158203125 0.3193359375 0.029296875 0.0341796875
0 0.966796875 0.0751953125 0.0654296875 0.0830078125
0 0.50390625 0.142578125 0.017578125 0.0205078125
0 0.60546875 0.138671875 0.015625 0.0185546875
0 0.603515625 0.7099609375 0.0185546875 0.021484375
0 0.07421875 0.2177734375 0.03125 0.0361328125
0 0.91015625 0.6083984375 0.0205078125 0.0234375
0 0.76953125 0.541015625 0.0107421875 0.0126953125
0 0.2109375 0.083984375 0.048828125 0.0546875
0 0.3974609375 0.03125 0.0576171875 0.0625
0 0.224609375 0.279296875 0.0263671875 0.03125
0 0.1044921875 0.349609375 0.0234375 0.029296875
0 0.251953125 0.4794921875 0.0205078125 0.021484375
0 0.4814453125 0.455078125 0.0361328125 0.0419921875
0 0.580078125 0.353515625 0.0283203125 0.03125
0 0.677734375 0.3486328125 0.0283203125 0.03125
0 0.158203125 0.4736328125 0.0185546875 0.0234375
0 0.201171875 0.4296875 0.017578125 0.0185546875
0 0.11328125 0.5029296875 0.013671875 0.0185546875
0 0.2138671875 0.521484375 0.015625 0.0185546875
0 0.3564453125 0.458984375 0.0205078125 0.021484375
0 0.666015625 0.578125 0.046875 0.0517578125
0 0.6845703125 0.5244140625 0.0283203125 0.03125
0 0.4990234375 0.5322265625 0.033203125 0.0361328125
0 0.185546875 0.7734375 0.130859375 0.1513671875
0 0.0439453125 0.8681640625 0.0205078125 0.021484375
0 0.5341796875 0.9013671875 0.037109375 0.0439453125
0 0.6123046875 0.927734375 0.037109375 0.0439453125
0 0.689453125 0.9384765625 0.025390625 0.029296875
0 0.533203125 0.9677734375 0.0283203125 0.0361328125
0 0.4736328125 0.986328125 0.015625 0.0185546875
0 0.5380859375 0.69921875 0.0234375 0.029296875
0 0.521484375 0.2978515625 0.0234375 0.029296875
0 0.380859375 0.384765625 0.021484375 0.025390625
0 0.7529296875 0.3359375 0.0283203125 0.029296875
0 0.69921875 0.259765625 0.015625 0.021484375
0 0.548828125 0.4755859375 0.033203125 0.0361328125
0 0.705078125 0.736328125 0.0185546875 0.021484375
0 0.6494140625 0.806640625 0.0283203125 0.0263671875
0 0.486328125 0.75390625 0.017578125 0.0205078125
0 0.416015625 0.8544921875 0.0263671875 0.033203125
0 0.0927734375 0.8544921875 0.025390625 0.0263671875
0 0.6123046875 0.517578125 0.015625 0.0185546875
0 0.75390625 0.6962890625 0.013671875 0.0126953125
0 0.703125 0.6484375 0.013671875 0.013671875
0 0.126953125 0.01953125 0.033203125 0.0390625
0 0.337890625 0.865234375 0.208984375 0.2265625