0 0.0126953125 0.0576171875 0.017578125 0.0205078125
0 0.125 0.0869140625 0.021484375 0.0263671875
0 0.1962890625 0.1162109375 0.041015625 0.048828125
0 0.2431640625 0.1806640625 0.013671875 0.017578125
0 0.1142578125 0.236328125 0.029296875 0.0361328125
0 0.1396484375 0.240234375 0.0126953125 0.015625
0 0.109375 0.271484375 0.03125 0.0361328125
0 0.224609375 0.2822265625 0.0107421875 0.0126953125
0 0.2470703125 0.2978515625 0.017578125 0.021484375
0 0.1884765625 0.322265625 0.0205078125 0.0234375
0 0.21875 0.3974609375 0.017578125 0.0205078125
0 0.177734375 0.38671875 0.0185546875 0.021484375
0 0.107421875 0.60546875 0.0185546875 0.021484375
0 0.017578125 0.630859375 0.0234375 0.0283203125
0 0.0419921875 0.720703125 0.0234375 0.0263671875
0 0.0966796875 0.693359375 0.0205078125 0.025390625
0 0.0625 0.8798828125 0.0205078125 0.025390625
0 0.005859375 0.9267578125 0.01171875 0.017578125
0 0.2685546875 0.90234375 0.017578125 0.0205078125
0 0.4072265625 0.904296875 0.029296875 0.033203125
0 0.478515625 0.9384765625 0.0126953125 0.013671875
0 0.591796875 0.8076171875 0.013671875 0.015625
0 0.763671875 0.833984375 0.03125 0.0361328125
0 0.7236328125 0.9931640625 0.0107421875 0.0126953125
0 0.884765625 0.865234375 0.013671875 0.017578125
0 0.8369140625 0.611328125 0.015625 0.0185546875
0 0.68359375 0.619140625 0.0126953125 0.015625
0 0.630859375 0.6318359375 0.025390625 0.0283203125
0 0.767578125 0.4541015625 0.025390625 0.029296875
0 0.75 0.4765625 0.015625 0.0185546875
0 0.853515625 0.572265625 0.0234375 0.0263671875
0 0.9248046875 0.54296875 0.0126953125 0.013671875
0 0.93359375 0.4658203125 0.0205078125 0.0234375
0 0.9853515625 0.4873046875 0.013671875 0.015625
0 0.9384765625 0.40625 0.015625 0.0185546875
0 0.939453125 0.328125 0.03125 0.0361328125
0 0.8740234375 0.291015625 0.0126953125 0.013671875
0 0.919921875 0.24609375 0.021484375 0.0263671875
0 0.9931640625 0.2294921875 0.013671875 0.033203125
0 0.890625 0.19140625 0.013671875 0.0185546875
0 0.943359375 0.140625 0.0107421875 0.0126953125
0 0.8251953125 0.0419921875 0.0107421875 0.0126953125
0 0.693359375 0.1123046875 0.0341796875 0.041015625
0 0.6552734375 0.107421875 0.013671875 0.017578125
0 0.6240234375 0.123046875 0.013671875 0.017578125
0 0.603515625 0.12109375 0.0126953125 0.013671875
0 0.6748046875 0.021484375 0.044921875 0.04296875
0 0.55078125 0.130859375 0.0341796875 0.041015625
0 0.4853515625 0.265625 0.0234375 0.0263671875
0 0.59765625 0.279296875 0.0234375 0.0283203125
0 0.6513671875 0.23828125 0.015625 0.0205078125
0 0.6201171875 0.244140625 0.015625 0.0185546875
0 0.560546875 0.34765625 0.0283203125 0.033203125
0 0.7197265625 0.279296875 0.0185546875 0.021484375
0 0.78515625 0.3232421875 0.029296875 0.0361328125
0 0.736328125 0.240234375 0.0205078125 0.025390625
0 0.775390625 0.2314453125 0.0205078125 0.0234375
0 0.865234375 0.1328125 0.064453125 0.076171875
0 0.794921875 0.66015625 0.013671875 0.017578125
0 0.8916015625 0.6240234375 0.0107421875 0.0126953125
0 0.859375 0.7060546875 0.0283203125 0.03125
0 0.67578125 0.7666015625 0.1669921875 0.1748046875
0 0.400390625 0.72265625 0.232421875 0.2265625
0 0.486328125 0.6298828125 0.025390625 0.0283203125
0 0.470703125 0.5830078125 0.013671875 0.017578125
0 0.5537109375 0.423828125 0.015625 0.0205078125
0 0.3955078125 0.369140625 0.0126953125 0.013671875
0 0.330078125 0.25 0.0234375 0.0283203125
0 0.373046875 0.2294921875 0.0390625 0.046875
0 0.490234375 0.171875 0.0234375 0.0263671875
0 0.3505859375 0.005859375 0.013671875 0.01171875
0 0.201171875 0.4970703125 0.1826171875 0.205078125
0 0.2109375 0.623046875 0.0751953125 0.0830078125
0 0.603515625 0.5712890625 0.0126953125 0.013671875
0 0.71484375 0.595703125 0.013671875 0.017578125
0 0.7373046875 0.6171875 0.015625 0.0205078125
0 0.9501953125 0.806640625 0.099609375 0.12109375