0 0.4892578125 0.1328125 0.0205078125 0.0234375
0 0.3896484375 0.271484375 0.021484375 0.025390625
0 0.2529296875 0.3125 0.017578125 0.0205078125
0 0.228515625 0.099609375 0.0419921875 0.0498046875
0 0.015625 0.08203125 0.015625 0.0185546875
0 0.73828125 0.01171875 0.03125 0.0234375
0 0.52734375 0.0126953125 0.044921875 0.025390625
0 0.3935546875 0.2373046875 0.013671875 0.015625
0 0.35546875 0.2294921875 0.013671875 0.015625
0 0.3525390625 0.248046875 0.03125 0.037109375
0 0.541015625 0.2529296875 0.0283203125 0.0341796875
0 0.361328125 0.427734375 0.0419921875 0.0498046875
0 0.353515625 0.67578125 0.017578125 0.0205078125
0 0.6708984375 0.533203125 0.021484375 0.0263671875
0 0.5224609375 0.482421875 0.017578125 0.0205078125
0 0.638671875 0.5263671875 0.033203125 0.037109375
0 0.5380859375 0.607421875 0.033203125 0.0390625
0 0.6923828125 0.1650390625 0.017578125 0.0205078125
0 0.728515625 0.3056640625 0.009765625 0.0107421875
0 0.0419921875 0.3740234375 0.083984375 0.1640625
0 0.6591796875 0.79296875 0.015625 0.0185546875
0 0.46875 0.873046875 0.013671875 0.017578125
0 0.85546875 0.9013671875 0.1015625 0.119140625
0 0.986328125 0.9873046875 0.013671875 0.015625
0 0.8740234375 0.73046875 0.021484375 0.0263671875
0 0.482421875 0.7275390625 0.1767578125 0.2080078125
0 0.357421875 0.775390625 0.015625 0.0185546875
0 0.966796875 0.0615234375 0.0263671875 0.03125
0 0.849609375 0.0673828125 0.009765625 0.0107421875
0 0.6494140625 0.0869140625 0.03125 0.037109375
0 0.828125 0.314453125 0.0107421875 0.0126953125
0 0.8125 0.3828125 0.015625 0.0185546875
0 0.865234375 0.662109375 0.0078125 0.009765625
0 0.751953125 0.0830078125 0.013671875 0.017578125
0 0.396484375 0.205078125 0.009765625 0.0126953125
0 0.861328125 0.51953125 0.138671875 0.162109375
0 0.283203125 0.677734375 0.138671875 0.162109375
0 0.291015625 0.43359375 0.244140625 0.287109375
0 0.6220703125 0.5859375 0.0185546875 0.021484375
0 0.2041015625 0.15234375 0.025390625 0.03125
0 0.275390625 0.1328125 0.048828125 0.0576171875
0 0.0947265625 0.11328125 0.029296875 0.033203125
0 0.1630859375 0.2744140625 0.0185546875 0.021484375
0 0.341796875 0.267578125 0.037109375 0.0439453125
0 0.3564453125 0.017578125 0.021484375 0.0263671875
0 0.2236328125 0.4091796875 0.025390625 0.0283203125
0 0.333984375 0.37109375 0.0341796875 0.0390625
0 0.1767578125 0.439453125 0.015625 0.017578125
0 0.0283203125 0.537109375 0.0341796875 0.0361328125
0 0.224609375 0.3583984375 0.0185546875 0.017578125
0 0.0625 0.591796875 0.046875 0.0498046875
0 0.322265625 0.908203125 0.0078125 0.0107421875
0 0.3115234375 0.736328125 0.013671875 0.0185546875
0 0.3193359375 0.640625 0.0078125 0.009765625
0 0.0390625 0.404296875 0.025390625 0.0283203125
0 0.501953125 0.6748046875 0.013671875 0.015625
0 0.3916015625 0.7822265625 0.0107421875 0.0107421875
0 0.3349609375 0.4130859375 0.0234375 0.0263671875
0 0.5439453125 0.3876953125 0.0283203125 0.03125
0 0.517578125 0.314453125 0.015625 0.015625
0 0.423828125 0.25390625 0.013671875 0.017578125
0 0.27734375 0.517578125 0.0283203125 0.033203125
0 0.599609375 0.1279296875 0.021484375 0.0263671875
0 0.6171875 0.095703125 0.025390625 0.0283203125
0 0.6220703125 0.234375 0.015625 0.017578125
0 0.47265625 0.388671875 0.029296875 0.03125
0 0.294921875 0.158203125 0.0234375 0.029296875
0 0.125 0.1923828125 0.021484375 0.025390625
0 0.380859375 0.091796875 0.134765625 0.1513671875
0 0.8310546875 0.220703125 0.1484375 0.1689453125
0 0.7373046875 0.2041015625 0.013671875 0.0185546875
0 0.791015625 0.388671875 0.029296875 0.033203125
0 0.8173828125 0.5849609375 0.0234375 0.0234375
0 0.8583984375 0.5615234375 0.0185546875 0.0205078125
0 0.7666015625 0.7001953125 0.193359375 0.2109375
0 0.716796875 0.88671875 0.1611328125 0.1845703125
0 0.4228515625 0.939453125 0.0263671875 0.03125
0 0.484375 0.8330078125 0.0078125 0.009765625
0 0.958984375 0.197265625 0.0234375 0.0283203125
0 0.982421875 0.3388671875 0.021484375 0.0283203125
0 0.9150390625 0.705078125 0.013671875 0.0126953125
0 0.87890625 0.814453125 0.013671875 0.013671875
0 0.681640625 0.0830078125 0.0205078125 0.0234375
0 0.56640625 0.111328125 0.0205078125 0.021484375
0 0.4892578125 0.06640625 0.013671875 0.015625
0 0.7763671875 0.490234375 0.111328125 0.1279296875
0 0.4169921875 0.7236328125 0.0126953125 0.015625
0 0.314453125 0.802734375 0.009765625 0.0126953125
0 0.0546875 0.8486328125 0.015625 0.0185546875
0 0.134765625 0.7587890625 0.267578125 0.310546875