0 0.037109375 0.0107421875 0.015625 0.0185546875
0 0.146484375 0.056640625 0.021484375 0.0263671875
0 0.21875 0.0625 0.025390625 0.0283203125
0 0.1552734375 0.1123046875 0.037109375 0.0439453125
0 0.0859375 0.09765625 0.025390625 0.029296875
0 0.009765625 0.13671875 0.0185546875 0.044921875
0 0.0048828125 0.0927734375 0.009765625 0.017578125
0 0.119140625 0.142578125 0.017578125 0.0205078125
0 0.091796875 0.197265625 0.0390625 0.044921875
0 0.0517578125 0.1845703125 0.0517578125 0.0595703125
0 0.0556640625 0.263671875 0.017578125 0.0205078125
0 0.1103515625 0.3359375 0.025390625 0.029296875
0 0.1328125 0.380859375 0.0185546875 0.0234375
0 0.1806640625 0.361328125 0.025390625 0.029296875
0 0.162109375 0.357421875 0.025390625 0.03125
0 0.205078125 0.365234375 0.0234375 0.0283203125
0 0.208984375 0.4072265625 0.041015625 0.046875
0 0.2470703125 0.49609375 0.029296875 0.033203125
0 0.216796875 0.4794921875 0.0234375 0.0283203125
0 0.1630859375 0.505859375 0.0498046875 0.0576171875
0 0.150390625 0.609375 0.017578125 0.021484375
0 0.154296875 0.572265625 0.025390625 0.0283203125
0 0.1513671875 0.552734375 0.0185546875 0.0205078125
0 0.029296875 0.5771484375 0.0263671875 0.03125
0 0.1123046875 0.9033203125 0.216796875 0.193359375
0 0.162109375 0.962890625 0.013671875 0.013671875
0 0.265625 0.947265625 0.005859375 0.0078125
0 0.2392578125 0.95703125 0.009765625 0.0126953125
0 0.0263671875 0.791015625 0.013671875 0.015625
0 0.1552734375 0.728515625 0.0205078125 0.0234375
0 0.216796875 0.8251953125 0.015625 0.0185546875
0 0.408203125 0.8544921875 0.0205078125 0.0234375
0 0.3876953125 0.8984375 0.0078125 0.0107421875
0 0.392578125 0.962890625 0.029296875 0.033203125
0 0.330078125 0.8330078125 0.0126953125 0.013671875
0 0.30078125 0.7705078125 0.015625 0.0185546875
0 0.3369140625 0.767578125 0.0439453125 0.0498046875
0 0.34375 0.728515625 0.0361328125 0.041015625
0 0.33984375 0.681640625 0.0234375 0.0263671875
0 0.2490234375 0.666015625 0.03125 0.0361328125
0 0.3603515625 0.599609375 0.0390625 0.046875
0 0.5126953125 0.6767578125 0.0263671875 0.029296875
0 0.251953125 0.798828125 0.029296875 0.0341796875
0 0.3173828125 0.818359375 0.0185546875 0.0205078125
0 0.537109375 0.8291015625 0.013671875 0.017578125
0 0.6103515625 0.88671875 0.0234375 0.03125
0 0.626953125 0.8955078125 0.0126953125 0.013671875
0 0.8720703125 0.931640625 0.015625 0.017578125
0 0.716796875 0.861328125 0.0107421875 0.0126953125
0 0.724609375 0.771484375 0.013671875 0.017578125
0 0.619140625 0.7392578125 0.013671875 0.015625
0 0.66796875 0.66015625 0.029296875 0.0341796875
0 0.83203125 0.5986328125 0.013671875 0.015625
0 0.9453125 0.5654296875 0.0185546875 0.0205078125
0 0.87890625 0.517578125 0.0185546875 0.0205078125
0 0.830078125 0.4892578125 0.0185546875 0.021484375
0 0.939453125 0.474609375 0.021484375 0.0234375
0 0.9755859375 0.4794921875 0.025390625 0.029296875
0 0.962890625 0.4267578125 0.0263671875 0.03125
0 0.884765625 0.4150390625 0.025390625 0.029296875
0 0.9072265625 0.4287109375 0.009765625 0.0107421875
0 0.8740234375 0.3740234375 0.0205078125 0.021484375
0 0.966796875 0.369140625 0.009765625 0.0107421875
0 0.85546875 0.326171875 0.0185546875 0.021484375
0 0.7744140625 0.359375 0.015625 0.0205078125
0 0.7978515625 0.3935546875 0.013671875 0.017578125
0 0.84765625 0.197265625 0.021484375 0.0263671875
0 0.8984375 0.2158203125 0.033203125 0.037109375
0 0.912109375 0.091796875 0.0185546875 0.021484375
0 0.876953125 0.083984375 0.052734375 0.0625
0 0.8701171875 0.0078125 0.0205078125 0.015625
0 0.8291015625 0.0126953125 0.0107421875 0.0107421875
0 0.80078125 0.0283203125 0.025390625 0.029296875
0 0.7197265625 0.146484375 0.0185546875 0.021484375
0 0.7509765625 0.1572265625 0.0205078125 0.0234375
0 0.51953125 0.044921875 0.009765625 0.0107421875
0 0.490234375 0.0830078125 0.0283203125 0.033203125
0 0.564453125 0.142578125 0.041015625 0.046875
0 0.599609375 0.130859375 0.017578125 0.0205078125
0 0.53515625 0.1884765625 0.009765625 0.009765625
0 0.6103515625 0.24609375 0.0263671875 0.03125
0 0.6259765625 0.29296875 0.017578125 0.021484375
0 0.5908203125 0.2880859375 0.015625 0.0185546875
0 0.5791015625 0.328125 0.0078125 0.009765625
0 0.53125 0.287109375 0.017578125 0.0205078125
0 0.5625 0.4794921875 0.013671875 0.017578125
0 0.5302734375 0.513671875 0.013671875 0.0185546875
0 0.4208984375 0.5166015625 0.015625 0.0185546875
0 0.419921875 0.611328125 0.025390625 0.03125
0 0.3857421875 0.5322265625 0.0283203125 0.0361328125
0 0.384765625 0.419921875 0.0185546875 0.021484375
0 0.4697265625 0.3154296875 0.0595703125 0.068359375
0 0.458984375 0.1982421875 0.0498046875 0.0576171875
0 0.4375 0.041015625 0.0234375 0.0263671875
0 0.369140625 0.0556640625 0.025390625 0.029296875
0 0.3349609375 0.1044921875 0.017578125 0.0205078125
0 0.3154296875 0.0703125 0.0126953125 0.013671875
0 0.251953125 0.033203125 0.0107421875 0.013671875
0 0.220703125 0.169921875 0.009765625 0.0107421875
0 0.2392578125 0.25 0.025390625 0.029296875
0 0.1962890625 0.466796875 0.015625 0.0205078125
0 0.9697265625 0.18359375 0.0126953125 0.013671875