0 0.185546875 0.150390625 0.029296875 0.033203125
0 0.166015625 0.1845703125 0.017578125 0.0205078125
0 0.326171875 0.427734375 0.009765625 0.0126953125
0 0.0048828125 0.337890625 0.009765625 0.021484375
0 0.345703125 0.53125 0.130859375 0.154296875
0 0.18359375 0.595703125 0.0126953125 0.0126953125
0 0.2333984375 0.6494140625 0.0126953125 0.0126953125
0 0.1669921875 0.6669921875 0.009765625 0.0107421875
0 0.1904296875 0.861328125 0.0205078125 0.0234375
0 0.228515625 0.9931640625 0.017578125 0.013671875
0 0.0048828125 0.767578125 0.009765625 0.0234375
0 0.060546875 0.345703125 0.0205078125 0.0234375
0 0.3876953125 0.353515625 0.013671875 0.015625
0 0.345703125 0.904296875 0.013671875 0.017578125
0 0.2763671875 0.9052734375 0.0078125 0.009765625
0 0.419921875 0.6904296875 0.0205078125 0.0234375
0 0.787109375 0.2080078125 0.015625 0.0185546875
0 0.8486328125 0.080078125 0.0126953125 0.0126953125
0 0.7578125 0.056640625 0.169921875 0.1123046875
0 0.9609375 0.052734375 0.037109375 0.0439453125
0 0.640625 0.2373046875 0.0205078125 0.0234375
0 0.6884765625 0.458984375 0.013671875 0.017578125
0 0.919921875 0.3388671875 0.0205078125 0.0234375
0 0.9482421875 0.4150390625 0.0234375 0.0283203125
0 0.837890625 0.3740234375 0.0107421875 0.0126953125
0 0.78515625 0.3935546875 0.0283203125 0.033203125
0 0.642578125 0.4228515625 0.0439453125 0.0517578125
0 0.8076171875 0.462890625 0.03125 0.0361328125
0 0.9296875 0.541015625 0.0107421875 0.0126953125
0 0.7744140625 0.5966796875 0.033203125 0.0390625
0 0.857421875 0.6494140625 0.013671875 0.017578125
0 0.869140625 0.791015625 0.029296875 0.0341796875
0 0.9443359375 0.7939453125 0.0126953125 0.013671875
0 0.802734375 0.8955078125 0.0185546875 0.021484375
0 0.787109375 0.837890625 0.0205078125 0.0234375
0 0.919921875 0.7431640625 0.0078125 0.0078125
0 0.7021484375 0.2080078125 0.0283203125 0.033203125
0 0.6708984375 0.763671875 0.033203125 0.0390625
0 0.943359375 0.94140625 0.0107421875 0.0126953125
0 0.947265625 0.9150390625 0.0126953125 0.013671875
0 0.9873046875 0.986328125 0.013671875 0.015625
0 0.986328125 0.9287109375 0.015625 0.0185546875
0 0.568359375 0.798828125 0.0341796875 0.041015625
0 0.3857421875 0.859375 0.0205078125 0.0234375
0 0.6591796875 0.9033203125 0.0185546875 0.021484375
0 0.7529296875 0.5205078125 0.03125 0.037109375
0 0.8232421875 0.2080078125 0.029296875 0.033203125
0 0.455078125 0.1396484375 0.1767578125 0.2080078125
0 0.248046875 0.8232421875 0.0078125 0.009765625
0 0.802734375 0.845703125 0.0078125 0.009765625
0 0.77734375 0.1416015625 0.0234375 0.0283203125
0 0.189453125 0.2431640625 0.033203125 0.0361328125
0 0.326171875 0.2607421875 0.0234375 0.0263671875
0 0.43359375 0.2431640625 0.025390625 0.029296875
0 0.4833984375 0.279296875 0.0439453125 0.056640625
0 0.537109375 0.291015625 0.033203125 0.037109375
0 0.154296875 0.359375 0.0283203125 0.03125
0 0.2197265625 0.43359375 0.017578125 0.021484375
0 0.173828125 0.5234375 0.013671875 0.015625
0 0.271484375 0.556640625 0.009765625 0.0126953125
0 0.119140625 0.658203125 0.0390625 0.0439453125
0 0.263671875 0.7041015625 0.0234375 0.0283203125
0 0.224609375 0.8251953125 0.017578125 0.0205078125
0 0.111328125 0.888671875 0.029296875 0.0361328125
0 0.0205078125 0.884765625 0.013671875 0.015625
0 0.5673828125 0.931640625 0.0126953125 0.015625
0 0.634765625 0.935546875 0.0107421875 0.0126953125
0 0.552734375 0.671875 0.021484375 0.0283203125
0 0.62109375 0.5712890625 0.021484375 0.021484375
0 0.361328125 0.650390625 0.0126953125 0.0126953125
0 0.322265625 0.654296875 0.0185546875 0.021484375
0 0.5576171875 0.1103515625 0.1513671875 0.1748046875
0 0.2578125 0.052734375 0.0283203125 0.029296875
0 0.7197265625 0.2265625 0.0439453125 0.052734375
0 0.7216796875 0.298828125 0.03125 0.037109375
0 0.6123046875 0.2021484375 0.0185546875 0.021484375
0 0.6689453125 0.509765625 0.0234375 0.0283203125
0 0.490234375 0.853515625 0.033203125 0.037109375
0 0.5185546875 0.501953125 0.2294921875 0.2265625
0 0.0810546875 0.4912109375 0.162109375 0.2265625
0 0.8330078125 0.4873046875 0.013671875 0.0185546875
0 0.853515625 0.7236328125 0.033203125 0.0341796875
0 0.888671875 0.736328125 0.013671875 0.0185546875
0 0.53125 0.6904296875 0.0283203125 0.0341796875
0 0.8720703125 0.505859375 0.0234375 0.029296875
0 0.7734375 0.458984375 0.013671875 0.0185546875
0 0.896484375 0.3388671875 0.021484375 0.0263671875
0 0.9150390625 0.4296875 0.009765625 0.0107421875
0 0.251953125 0.052734375 0.2109375 0.1015625