0 0.681640625 0.7451171875 0.171875 0.1923828125
0 0.5341796875 0.755859375 0.0234375 0.0283203125
0 0.5048828125 0.662109375 0.0234375 0.0283203125
0 0.689453125 0.541015625 0.0185546875 0.0205078125
0 0.9384765625 0.44921875 0.017578125 0.0185546875
0 0.513671875 0.2314453125 0.0185546875 0.021484375
0 0.4775390625 0.341796875 0.0283203125 0.03125
0 0.453125 0.365234375 0.0234375 0.0283203125
0 0.5078125 0.3974609375 0.021484375 0.0263671875
0 0.115234375 0.5263671875 0.029296875 0.0361328125
0 0.2138671875 0.5634765625 0.021484375 0.0234375
0 0.0810546875 0.771484375 0.0439453125 0.0517578125
0 0.1123046875 0.9091796875 0.0283203125 0.0341796875
0 0.1728515625 0.892578125 0.0283203125 0.0361328125
0 0.365234375 0.2353515625 0.083984375 0.095703125
0 0.349609375 0.177734375 0.03125 0.037109375
0 0.25390625 0.255859375 0.025390625 0.0283203125
0 0.390625 0.2021484375 0.0390625 0.044921875
0 0.748046875 0.150390625 0.033203125 0.041015625
0 0.6220703125 0.248046875 0.03125 0.037109375
0 0.162109375 0.10546875 0.1298828125 0.158203125
0 0.171875 0.123046875 0.0419921875 0.046875
0 0.70703125 0.431640625 0.0341796875 0.0390625
0 0.6533203125 0.478515625 0.0263671875 0.03125
0 0.296875 0.388671875 0.1923828125 0.2001953125
0 0.255859375 0.4794921875 0.03125 0.037109375
0 0.9404296875 0.240234375 0.0263671875 0.03125
0 0.6904296875 0.572265625 0.0234375 0.029296875
0 0.822265625 0.91015625 0.0361328125 0.0439453125
0 0.318359375 0.14453125 0.0185546875 0.0205078125
0 0.7216796875 0.021484375 0.0390625 0.0419921875
0 0.576171875 0.318359375 0.015625 0.0205078125
0 0.578125 0.751953125 0.017578125 0.021484375
0 0.529296875 0.94921875 0.013671875 0.017578125
0 0.98828125 0.927734375 0.015625 0.0185546875
0 0.962890625 0.564453125 0.015625 0.0185546875
0 0.822265625 0.3623046875 0.013671875 0.015625
0 0.107421875 0.3466796875 0.0185546875 0.0234375
0 0.53125 0.4189453125 0.013671875 0.015625
0 0.416015625 0.2001953125 0.015625 0.0205078125
0 0.3916015625 0.0634765625 0.0234375 0.0283203125
0 0.888671875 0.2685546875 0.0185546875 0.0234375
0 0.12890625 0.171875 0.033203125 0.0361328125
0 0.0146484375 0.115234375 0.029296875 0.048828125
0 0.0419921875 0.0341796875 0.021484375 0.0263671875
0 0.205078125 0.0107421875 0.025390625 0.021484375
0 0.255859375 0.076171875 0.125 0.15234375
0 0.4443359375 0.18359375 0.03125 0.0361328125
0 0.103515625 0.2646484375 0.015625 0.0185546875
0 0.1611328125 0.208984375 0.0126953125 0.013671875
0 0.095703125 0.38671875 0.03125 0.0361328125
0 0.1455078125 0.4677734375 0.0107421875 0.013671875
0 0.0068359375 0.478515625 0.013671875 0.0283203125
0 0.0703125 0.4677734375 0.029296875 0.033203125
0 0.3056640625 0.474609375 0.013671875 0.0185546875
0 0.3271484375 0.3251953125 0.0205078125 0.0234375
0 0.240234375 0.3154296875 0.03125 0.0341796875
0 0.4677734375 0.447265625 0.013671875 0.0185546875
0 0.39453125 0.4150390625 0.154296875 0.181640625
0 0.4345703125 0.501953125 0.015625 0.0185546875
0 0.583984375 0.091796875 0.2763671875 0.1826171875
0 0.693359375 0.171875 0.0283203125 0.0341796875
0 0.6015625 0.2197265625 0.009765625 0.0126953125
0 0.7119140625 0.259765625 0.015625 0.015625
0 0.791015625 0.244140625 0.0126953125 0.017578125
0 0.8701171875 0.26171875 0.015625 0.0185546875
0 0.8232421875 0.029296875 0.021484375 0.0234375
0 0.8876953125 0.0673828125 0.017578125 0.0205078125
0 0.9013671875 0.017578125 0.0126953125 0.013671875
0 0.8603515625 0.0625 0.1923828125 0.125
0 0.9013671875 0.69140625 0.197265625 0.2470703125
0 0.8662109375 0.818359375 0.0283203125 0.0341796875
0 0.927734375 0.8349609375 0.0341796875 0.0390625
0 0.9873046875 0.986328125 0.015625 0.0205078125
0 0.8876953125 0.9658203125 0.0126953125 0.013671875
0 0.837890625 0.978515625 0.017578125 0.0205078125
0 0.759765625 0.953125 0.03125 0.0390625
0 0.666015625 0.9501953125 0.025390625 0.029296875
0 0.6884765625 0.91796875 0.015625 0.0185546875
0 0.78515625 0.7978515625 0.1484375 0.1669921875
0 0.318359375 0.7138671875 0.029296875 0.033203125
0 0.28515625 0.7431640625 0.212890625 0.2236328125
0 0.1142578125 0.7333984375 0.0107421875 0.013671875
0 0.1240234375 0.6591796875 0.015625 0.0185546875
0 0.0615234375 0.6787109375 0.0185546875 0.0205078125
0 0.1748046875 0.8798828125 0.328125 0.240234375
0 0.169921875 0.712890625 0.0078125 0.0107421875
0 0.7451171875 0.392578125 0.0126953125 0.015625
0 0.7734375 0.5 0.0205078125 0.021484375
0 0.796875 0.5244140625 0.0126953125 0.013671875
0 0.771484375 0.353515625 0.0126953125 0.015625