0 0.8779296875 0.134765625 0.0283203125 0.033203125
0 0.8330078125 0.271484375 0.015625 0.0185546875
0 0.7666015625 0.3291015625 0.021484375 0.0234375
0 0.6025390625 0.376953125 0.0234375 0.0263671875
0 0.6416015625 0.369140625 0.017578125 0.0205078125
0 0.798828125 0.4306640625 0.0419921875 0.046875
0 0.708984375 0.5234375 0.037109375 0.0439453125
0 0.8193359375 0.5478515625 0.0234375 0.0283203125
0 0.76171875 0.5947265625 0.048828125 0.0576171875
0 0.5771484375 0.6484375 0.060546875 0.072265625
0 0.4287109375 0.689453125 0.0234375 0.0283203125
0 0.46875 0.7119140625 0.037109375 0.0439453125
0 0.8603515625 0.935546875 0.033203125 0.0361328125
0 0.9111328125 0.892578125 0.0234375 0.0283203125
0 0.837890625 0.873046875 0.013671875 0.017578125
0 0.7763671875 0.8564453125 0.0341796875 0.0390625
0 0.7158203125 0.796875 0.125 0.142578125
0 0.201171875 0.87109375 0.0498046875 0.0576171875
0 0.2548828125 0.9423828125 0.0283203125 0.0341796875
0 0.587890625 0.880859375 0.025390625 0.029296875
0 0.4873046875 0.9228515625 0.0263671875 0.03125
0 0.408203125 0.966796875 0.0205078125 0.0234375
0 0.3408203125 0.515625 0.0234375 0.0283203125
0 0.07421875 0.541015625 0.0205078125 0.0234375
0 0.111328125 0.578125 0.013671875 0.017578125
0 0.5078125 0.568359375 0.015625 0.0205078125
0 0.5615234375 0.7119140625 0.0185546875 0.021484375
0 0.4853515625 0.4111328125 0.025390625 0.029296875
0 0.583984375 0.400390625 0.0205078125 0.0234375
0 0.224609375 0.61328125 0.216796875 0.232421875
0 0.1572265625 0.501953125 0.013671875 0.015625
0 0.326171875 0.6533203125 0.0205078125 0.0205078125
0 0.2509765625 0.783203125 0.029296875 0.0361328125
0 0.1826171875 0.779296875 0.021484375 0.0263671875
0 0.341796875 0.9453125 0.009765625 0.013671875
0 0.3818359375 0.9677734375 0.009765625 0.0107421875
0 0.5263671875 0.9443359375 0.03125 0.0341796875
0 0.6337890625 0.9462890625 0.015625 0.0185546875
0 0.6953125 0.908203125 0.033203125 0.0390625
0 0.701171875 0.8623046875 0.0205078125 0.0263671875
0 0.9462890625 0.966796875 0.009765625 0.0126953125
0 0.98828125 0.927734375 0.017578125 0.0205078125
0 0.77734375 0.7265625 0.013671875 0.015625
0 0.818359375 0.6650390625 0.052734375 0.060546875
0 0.90625 0.580078125 0.017578125 0.0205078125
0 0.771484375 0.517578125 0.009765625 0.0126953125
0 0.943359375 0.501953125 0.1123046875 0.15625
0 0.9296875 0.37890625 0.033203125 0.037109375
0 0.951171875 0.2890625 0.0517578125 0.0576171875
0 0.9404296875 0.130859375 0.013671875 0.017578125
0 0.8056640625 0.1298828125 0.015625 0.0205078125
0 0.6162109375 0.08203125 0.283203125 0.1640625
0 0.703125 0.224609375 0.017578125 0.0185546875
0 0.7490234375 0.2529296875 0.013671875 0.015625
0 0.439453125 0.359375 0.025390625 0.0283203125
0 0.419921875 0.228515625 0.234375 0.2578125
0 0.357421875 0.158203125 0.0234375 0.0283203125
0 0.318359375 0.01171875 0.015625 0.017578125
0 0.3564453125 0.0078125 0.0234375 0.015625
0 0.0673828125 0.0390625 0.044921875 0.052734375
0 0.1591796875 0.0947265625 0.021484375 0.025390625
0 0.1376953125 0.080078125 0.0234375 0.0263671875
0 0.0830078125 0.087890625 0.013671875 0.0185546875
0 0.1337890625 0.0263671875 0.017578125 0.0205078125
0 0.1728515625 0.0185546875 0.037109375 0.037109375
0 0.0234375 0.1220703125 0.046875 0.1279296875
0 0.220703125 0.240234375 0.021484375 0.0263671875
0 0.2001953125 0.263671875 0.3232421875 0.3046875
0 0.052734375 0.365234375 0.013671875 0.013671875
0 0.2138671875 0.423828125 0.0126953125 0.0126953125
0 0.03515625 0.572265625 0.025390625 0.029296875
0 0.046875 0.5009765625 0.0419921875 0.046875
0 0.041015625 0.5341796875 0.0341796875 0.0361328125
0 0.041015625 0.439453125 0.017578125 0.0205078125
0 0.123046875 0.681640625 0.013671875 0.017578125
0 0.134765625 0.73046875 0.021484375 0.0234375
0 0.1103515625 0.873046875 0.021484375 0.025390625
0 0.0126953125 0.912109375 0.025390625 0.046875
0 0.4384765625 0.7939453125 0.013671875 0.0185546875
0 0.615234375 0.646484375 0.0205078125 0.025390625
0 0.6845703125 0.67578125 0.013671875 0.017578125
0 0.4375 0.572265625 0.0234375 0.0263671875
0 0.5 0.546875 0.0126953125 0.015625
0 0.759765625 0.34375 0.03125 0.0361328125
0 0.7802734375 0.3564453125 0.013671875 0.017578125
0 0.7890625 0.0498046875 0.0361328125 0.0439453125