0 0.044921875 0.0595703125 0.0263671875 0.03125
0 0.1474609375 0.107421875 0.041015625 0.046875
0 0.2060546875 0.0244140625 0.0185546875 0.0205078125
0 0.0732421875 0.1552734375 0.013671875 0.017578125
0 0.009765625 0.1904296875 0.0185546875 0.021484375
0 0.05859375 0.263671875 0.0078125 0.0078125
0 0.126953125 0.263671875 0.015625 0.017578125
0 0.095703125 0.3916015625 0.0126953125 0.013671875
0 0.1171875 0.380859375 0.0078125 0.0078125
0 0.150390625 0.447265625 0.0234375 0.0263671875
0 0.048828125 0.3876953125 0.0185546875 0.0234375
0 0.0693359375 0.56640625 0.029296875 0.033203125
0 0.16015625 0.740234375 0.03125 0.0361328125
0 0.197265625 0.849609375 0.0078125 0.009765625
0 0.15234375 0.9375 0.0205078125 0.0234375
0 0.17578125 0.97265625 0.0439453125 0.0517578125
0 0.353515625 0.9375 0.0673828125 0.076171875
0 0.34765625 0.6328125 0.0107421875 0.0126953125
0 0.259765625 0.435546875 0.0234375 0.0283203125
0 0.23828125 0.4736328125 0.013671875 0.017578125
0 0.3388671875 0.3779296875 0.0390625 0.0439453125
0 0.3251953125 0.3759765625 0.029296875 0.041015625
0 0.287109375 0.2275390625 0.017578125 0.021484375
0 0.3388671875 0.119140625 0.0205078125 0.025390625
0 0.361328125 0.07421875 0.013671875 0.017578125
0 0.453125 0.1494140625 0.029296875 0.0361328125
0 0.486328125 0.16015625 0.0263671875 0.03125
0 0.529296875 0.072265625 0.0283203125 0.033203125
0 0.66796875 0.0283203125 0.033203125 0.037109375
0 0.595703125 0.0703125 0.0078125 0.009765625
0 0.619140625 0.0478515625 0.005859375 0.0078125
0 0.5615234375 0.015625 0.0078125 0.009765625
0 0.6953125 0.1572265625 0.017578125 0.0205078125
0 0.6923828125 0.2685546875 0.015625 0.0185546875
0 0.6494140625 0.240234375 0.013671875 0.017578125
0 0.4912109375 0.3115234375 0.025390625 0.029296875
0 0.451171875 0.3349609375 0.0185546875 0.021484375
0 0.7197265625 0.4140625 0.0205078125 0.0263671875
0 0.65234375 0.509765625 0.0205078125 0.025390625
0 0.5478515625 0.587890625 0.03125 0.0361328125
0 0.5859375 0.6220703125 0.044921875 0.0546875
0 0.521484375 0.6513671875 0.015625 0.0185546875
0 0.5244140625 0.6962890625 0.025390625 0.029296875
0 0.705078125 0.6796875 0.0205078125 0.0234375
0 0.69140625 0.724609375 0.0263671875 0.03125
0 0.638671875 0.794921875 0.0107421875 0.0126953125
0 0.505859375 0.8759765625 0.0126953125 0.013671875
0 0.6669921875 0.900390625 0.0205078125 0.0234375
0 0.9267578125 0.845703125 0.021484375 0.0234375
0 0.744140625 0.693359375 0.0361328125 0.0419921875
0 0.822265625 0.666015625 0.0185546875 0.0205078125
0 0.8173828125 0.6005859375 0.0185546875 0.0205078125
0 0.7255859375 0.48828125 0.009765625 0.0107421875
0 0.8740234375 0.517578125 0.015625 0.0185546875
0 0.8544921875 0.490234375 0.029296875 0.0341796875
0 0.7919921875 0.4189453125 0.033203125 0.0390625
0 0.9150390625 0.24609375 0.0283203125 0.033203125
0 0.82421875 0.1494140625 0.0361328125 0.041015625
0 0.8134765625 0.115234375 0.0234375 0.0283203125
0 0.75390625 0.166015625 0.0078125 0.0078125
0 0.9580078125 0.255859375 0.0234375 0.0263671875
0 0.9716796875 0.541015625 0.015625 0.0185546875
0 0.970703125 0.7646484375 0.021484375 0.0234375
0 0.9580078125 0.6875 0.029296875 0.03125
0 0.603515625 0.3408203125 0.2109375 0.2421875
0 0.4189453125 0.50390625 0.2314453125 0.2607421875
0 0.2412109375 0.625 0.224609375 0.2392578125
0 0.3076171875 0.8193359375 0.1923828125 0.197265625
0 0.759765625 0.8779296875 0.2314453125 0.244140625
0 0.384765625 0.2578125 0.021484375 0.025390625