0 0.966796875 0.1796875 0.033203125 0.0390625
0 0.775390625 0.2607421875 0.0205078125 0.0234375
0 0.736328125 0.2763671875 0.0234375 0.0283203125
0 0.90234375 0.388671875 0.033203125 0.0390625
0 0.806640625 0.3955078125 0.017578125 0.0205078125
0 0.92578125 0.4794921875 0.0234375 0.0263671875
0 0.89453125 0.341796875 0.0517578125 0.056640625
0 0.595703125 0.2373046875 0.037109375 0.0439453125
0 0.5380859375 0.31640625 0.0205078125 0.0234375
0 0.587890625 0.142578125 0.0234375 0.0263671875
0 0.419921875 0.0986328125 0.015625 0.017578125
0 0.41015625 0.072265625 0.0341796875 0.0390625
0 0.4267578125 0.318359375 0.0234375 0.0263671875
0 0.4482421875 0.3359375 0.025390625 0.03125
0 0.4287109375 0.37109375 0.015625 0.0185546875
0 0.5703125 0.4365234375 0.0234375 0.0283203125
0 0.587890625 0.4765625 0.0234375 0.0263671875
0 0.71484375 0.529296875 0.0263671875 0.03125
0 0.751953125 0.4677734375 0.017578125 0.0185546875
0 0.490234375 0.5068359375 0.0283203125 0.03125
0 0.46484375 0.521484375 0.0185546875 0.0234375
0 0.337890625 0.341796875 0.0234375 0.029296875
0 0.6357421875 0.576171875 0.0517578125 0.0625
0 0.71875 0.611328125 0.0546875 0.0654296875
0 0.71484375 0.6689453125 0.033203125 0.0390625
0 0.52734375 0.650390625 0.0205078125 0.021484375
0 0.576171875 0.634765625 0.0234375 0.0283203125
0 0.51953125 0.7412109375 0.025390625 0.0283203125
0 0.724609375 0.951171875 0.025390625 0.03125
0 0.89453125 0.8828125 0.021484375 0.0263671875
0 0.8994140625 0.9482421875 0.033203125 0.0361328125
0 0.0634765625 0.9052734375 0.0498046875 0.056640625
0 0.0703125 0.26171875 0.0419921875 0.0498046875
0 0.0830078125 0.228515625 0.017578125 0.021484375
0 0.02734375 0.20703125 0.0341796875 0.041015625
0 0.2451171875 0.2626953125 0.0390625 0.046875
0 0.623046875 0.2978515625 0.0390625 0.0439453125
0 0.48046875 0.1455078125 0.0205078125 0.025390625
0 0.5634765625 0.087890625 0.0107421875 0.0126953125
0 0.6328125 0.056640625 0.013671875 0.0185546875
0 0.6630859375 0.119140625 0.03125 0.0341796875
0 0.505859375 0.0419921875 0.154296875 0.083984375
0 0.88671875 0.072265625 0.029296875 0.0361328125
0 0.78125 0.2294921875 0.287109375 0.267578125
0 0.3779296875 0.130859375 0.0185546875 0.021484375
0 0.2431640625 0.1669921875 0.0205078125 0.021484375
0 0.2119140625 0.072265625 0.0234375 0.0263671875
0 0.21484375 0.099609375 0.021484375 0.0263671875
0 0.0869140625 0.10546875 0.017578125 0.0205078125
0 0.1181640625 0.142578125 0.044921875 0.0517578125
0 0.1044921875 0.2900390625 0.208984375 0.310546875
0 0.240234375 0.41015625 0.0126953125 0.0126953125
0 0.265625 0.46875 0.03125 0.0361328125
0 0.099609375 0.462890625 0.017578125 0.0205078125
0 0.068359375 0.9462890625 0.0234375 0.0263671875
0 0.0263671875 0.939453125 0.0205078125 0.0234375
0 0.3818359375 0.8740234375 0.259765625 0.251953125
0 0.544921875 0.939453125 0.025390625 0.029296875
0 0.6533203125 0.8779296875 0.041015625 0.048828125
0 0.697265625 0.853515625 0.0205078125 0.021484375
0 0.59765625 0.7939453125 0.0126953125 0.015625
0 0.55078125 0.794921875 0.029296875 0.037109375
0 0.5322265625 0.7958984375 0.015625 0.0205078125
0 0.677734375 0.833984375 0.0107421875 0.0126953125
0 0.927734375 0.9794921875 0.013671875 0.015625
0 0.900390625 0.6943359375 0.0185546875 0.0205078125
0 0.83984375 0.544921875 0.1455078125 0.169921875
0 0.9912109375 0.439453125 0.017578125 0.0263671875
0 0.919921875 0.3740234375 0.0341796875 0.041015625
0 0.67578125 0.4033203125 0.017578125 0.0205078125
0 0.6640625 0.677734375 0.021484375 0.0263671875
0 0.462890625 0.7080078125 0.0595703125 0.0673828125
0 0.3779296875 0.6669921875 0.033203125 0.0390625
0 0.5234375 0.591796875 0.0185546875 0.0234375
0 0.5703125 0.705078125 0.029296875 0.0341796875
0 0.3349609375 0.5205078125 0.2236328125 0.2216796875
0 0.4228515625 0.4716796875 0.021484375 0.025390625
0 0.564453125 0.3583984375 0.0107421875 0.0126953125
0 0.501953125 0.322265625 0.0107421875 0.0126953125