0 0.4365234375 0.0078125 0.017578125 0.015625
0 0.4189453125 0.0078125 0.0126953125 0.013671875
0 0.376953125 0.150390625 0.0205078125 0.0234375
0 0.423828125 0.181640625 0.0361328125 0.0419921875
0 0.333984375 0.423828125 0.037109375 0.0439453125
0 0.0078125 0.0732421875 0.015625 0.041015625
0 0.0068359375 0.1572265625 0.013671875 0.033203125
0 0.044921875 0.154296875 0.0078125 0.009765625
0 0.068359375 0.1796875 0.0185546875 0.021484375
0 0.271484375 0.2880859375 0.013671875 0.017578125
0 0.1533203125 0.537109375 0.013671875 0.017578125
0 0.50390625 0.888671875 0.0263671875 0.03125
0 0.568359375 0.830078125 0.025390625 0.029296875
0 0.62109375 0.9462890625 0.0107421875 0.0126953125
0 0.462890625 0.931640625 0.017578125 0.0205078125
0 0.3798828125 0.947265625 0.013671875 0.015625
0 0.33984375 0.794921875 0.1669921875 0.197265625
0 0.666015625 0.568359375 0.0234375 0.0283203125
0 0.63671875 0.658203125 0.0263671875 0.03125
0 0.71875 0.779296875 0.0126953125 0.0126953125
0 0.677734375 0.814453125 0.013671875 0.017578125
0 0.63671875 0.427734375 0.0205078125 0.0234375
0 0.484375 0.126953125 0.015625 0.0185546875
0 0.6044921875 0.0234375 0.0361328125 0.0419921875
0 0.666015625 0.0419921875 0.033203125 0.037109375
0 0.693359375 0.103515625 0.0263671875 0.03125
0 0.7578125 0.17578125 0.0126953125 0.013671875
0 0.6396484375 0.0146484375 0.03125 0.029296875
0 0.568359375 0.0361328125 0.0107421875 0.0126953125
0 0.486328125 0.224609375 0.013671875 0.015625
0 0.888671875 0.3037109375 0.021484375 0.0263671875
0 0.986328125 0.0576171875 0.0263671875 0.0341796875
0 0.9921875 0.18359375 0.0126953125 0.013671875
0 0.8388671875 0.2138671875 0.015625 0.0185546875
0 0.841796875 0.517578125 0.0205078125 0.0234375
0 0.935546875 0.4833984375 0.0205078125 0.0234375
0 0.8359375 0.6162109375 0.0078125 0.0078125
0 0.802734375 0.5830078125 0.0107421875 0.0126953125
0 0.892578125 0.5322265625 0.0078125 0.0078125
0 0.859375 0.7138671875 0.017578125 0.0205078125
0 0.970703125 0.9013671875 0.0205078125 0.0234375
0 0.986328125 0.9306640625 0.0185546875 0.021484375
0 0.81640625 0.396484375 0.052734375 0.0625
0 0.6904296875 0.4599609375 0.0126953125 0.013671875
0 0.841796875 0.341796875 0.0107421875 0.0126953125
0 0.9208984375 0.3154296875 0.0390625 0.046875
0 0.837890625 0.109375 0.021484375 0.0263671875
0 0.28515625 0.298828125 0.0205078125 0.0234375
0 0.1103515625 0.263671875 0.0107421875 0.0126953125
0 0.115234375 0.224609375 0.0126953125 0.013671875
0 0.9873046875 0.9873046875 0.013671875 0.015625
0 0.712890625 0.7080078125 0.0078125 0.0078125
0 0.94140625 0.349609375 0.005859375 0.0078125
0 0.4912109375 0.1484375 0.013671875 0.017578125
0 0.14453125 0.341796875 0.009765625 0.009765625
0 0.7900390625 0.0498046875 0.1640625 0.099609375
0 0.1025390625 0.513671875 0.0205078125 0.0234375
0 0.15625 0.2548828125 0.029296875 0.037109375
0 0.1953125 0.248046875 0.0263671875 0.03125
0 0.193359375 0.279296875 0.017578125 0.0205078125
0 0.3212890625 0.255859375 0.0234375 0.029296875
0 0.302734375 0.365234375 0.0595703125 0.0703125
0 0.09375 0.189453125 0.017578125 0.0205078125
0 0.34375 0.06640625 0.03125 0.0361328125
0 0.091796875 0.109375 0.0283203125 0.03125
0 0.1298828125 0.1279296875 0.0126953125 0.013671875
0 0.0478515625 0.111328125 0.015625 0.0205078125
0 0.0556640625 0.0322265625 0.0263671875 0.03125
0 0.1474609375 0.0927734375 0.005859375 0.009765625
0 0.25390625 0.0830078125 0.0126953125 0.0126953125
0 0.166015625 0.3154296875 0.013671875 0.015625
0 0.0732421875 0.359375 0.0185546875 0.0205078125
0 0.1484375 0.466796875 0.0234375 0.029296875
0 0.517578125 0.4423828125 0.0126953125 0.013671875
0 0.0048828125 0.3681640625 0.009765625 0.013671875
0 0.2265625 0.7294921875 0.0263671875 0.03125
0 0.1171875 0.720703125 0.0126953125 0.015625
0 0.044921875 0.8095703125 0.013671875 0.015625
0 0.068359375 0.7685546875 0.009765625 0.0107421875
0 0.201171875 0.5810546875 0.0341796875 0.0390625
0 0.384765625 0.7744140625 0.0341796875 0.0390625
0 0.404296875 0.8154296875 0.013671875 0.0185546875
0 0.517578125 0.8310546875 0.0595703125 0.0673828125
0 0.5859375 0.79296875 0.0234375 0.0283203125
0 0.5263671875 0.220703125 0.0234375 0.0263671875
0 0.083984375 0.431640625 0.0341796875 0.0419921875
0 0.1796875 0.9482421875 0.0263671875 0.03125
0 0.294921875 0.9111328125 0.0361328125 0.0419921875
0 0.279296875 0.9501953125 0.0234375 0.0263671875
0 0.5849609375 0.541015625 0.0390625 0.0419921875
0 0.5859375 0.060546875 0.013671875 0.017578125
0 0.646484375 0.275390625 0.021484375 0.0234375
0 0.41796875 0.39453125 0.033203125 0.0390625
0 0.6728515625 0.439453125 0.015625 0.017578125
0 0.60546875 0.4267578125 0.013671875 0.013671875
0 0.501953125 0.140625 0.0126953125 0.017578125
0 0.67578125 0.095703125 0.013671875 0.017578125
0 0.609375 0.0517578125 0.0185546875 0.0205078125
0 0.6474609375 0.6328125 0.017578125 0.0185546875
0 0.736328125 0.568359375 0.0439453125 0.0498046875
0 0.736328125 0.7255859375 0.0283203125 0.0283203125
0 0.70703125 0.7490234375 0.033203125 0.0341796875
0 0.654296875 0.7685546875 0.021484375 0.021484375
0 0.556640625 0.986328125 0.021484375 0.0263671875
0 0.6259765625 0.876953125 0.015625 0.0205078125
0 0.732421875 0.244140625 0.076171875 0.0810546875
0 0.95703125 0.298828125 0.0185546875 0.021484375
0 0.9384765625 0.404296875 0.0283203125 0.03125
0 0.890625 0.0673828125 0.0390625 0.0439453125
0 0.7822265625 0.2158203125 0.0126953125 0.015625
0 0.845703125 0.255859375 0.037109375 0.0439453125
0 0.7548828125 0.2763671875 0.1015625 0.1201171875
0 0.7666015625 0.5732421875 0.0234375 0.0283203125
0 0.859375 0.685546875 0.0205078125 0.0234375
0 0.765625 0.67578125 0.0361328125 0.041015625
0 0.96875 0.44140625 0.0625 0.078125
0 0.974609375 0.509765625 0.021484375 0.0263671875
0 0.984375 0.58203125 0.0185546875 0.0185546875
0 0.9189453125 0.5400390625 0.0107421875 0.0126953125
0 0.87109375 0.794921875 0.033203125 0.0390625
0 0.921875 0.74609375 0.015625 0.017578125
0 0.9384765625 0.7705078125 0.0078125 0.0078125
0 0.7802734375 0.9208984375 0.013671875 0.017578125
0 0.912109375 0.9091796875 0.033203125 0.0341796875
0 0.904296875 0.8818359375 0.015625 0.0185546875
0 0.4296875 0.6064453125 0.294921875 0.2841796875