0 0.3837890625 0.138671875 0.0283203125 0.033203125
0 0.34765625 0.1162109375 0.017578125 0.0205078125
0 0.3515625 0.0068359375 0.015625 0.013671875
0 0.138671875 0.2392578125 0.013671875 0.015625
0 0.224609375 0.2822265625 0.0107421875 0.0126953125
0 0.2666015625 0.18359375 0.017578125 0.0205078125
0 0.419921875 0.1943359375 0.009765625 0.009765625
0 0.07421875 0.0322265625 0.013671875 0.015625
0 0.1376953125 0.0703125 0.015625 0.0185546875
0 0.390625 0.021484375 0.0205078125 0.0234375
0 0.28515625 0.3681640625 0.013671875 0.015625
0 0.201171875 0.4931640625 0.1748046875 0.2060546875
0 0.2392578125 0.6767578125 0.0078125 0.0078125
0 0.634765625 0.5068359375 0.0078125 0.0078125
0 0.0830078125 0.6962890625 0.0205078125 0.0234375
0 0.267578125 0.9033203125 0.017578125 0.0205078125
0 0.005859375 0.9296875 0.01171875 0.01953125
0 0.826171875 0.041015625 0.0126953125 0.0126953125
0 0.8916015625 0.1904296875 0.013671875 0.017578125
0 0.943359375 0.140625 0.009765625 0.0107421875
0 0.720703125 0.2802734375 0.017578125 0.0205078125
0 0.8740234375 0.291015625 0.0126953125 0.013671875
0 0.6201171875 0.2451171875 0.013671875 0.017578125
0 0.8212890625 0.240234375 0.005859375 0.0078125
0 0.7587890625 0.240234375 0.017578125 0.0205078125
0 0.8642578125 0.1328125 0.0654296875 0.076171875
0 0.673828125 0.021484375 0.046875 0.04296875
0 0.7509765625 0.4775390625 0.013671875 0.017578125
0 0.8916015625 0.6240234375 0.0107421875 0.0126953125
0 0.8603515625 0.7060546875 0.025390625 0.0283203125
0 0.8076171875 0.9296875 0.005859375 0.0078125
0 0.7841796875 0.482421875 0.0126953125 0.015625
0 0.685546875 0.32421875 0.0107421875 0.0126953125
0 0.123046875 0.337890625 0.0048828125 0.005859375
0 0.513671875 0.81640625 0.0126953125 0.015625
0 0.9892578125 0.927734375 0.013671875 0.017578125
0 0.8857421875 0.783203125 0.017578125 0.0205078125
0 0.775390625 0.4150390625 0.0185546875 0.021484375
0 0.845703125 0.390625 0.0263671875 0.03125
0 0.7900390625 0.0576171875 0.021484375 0.0263671875
0 0.7216796875 0.14453125 0.0439453125 0.052734375
0 0.8193359375 0.205078125 0.013671875 0.017578125
0 0.5703125 0.431640625 0.0078125 0.009765625
0 0.5458984375 0.6025390625 0.017578125 0.0205078125
0 0.6689453125 0.7705078125 0.146484375 0.173828125
0 0.4365234375 0.685546875 0.013671875 0.017578125
0 0.529296875 0.4306640625 0.0263671875 0.03125
0 0.7314453125 0.4619140625 0.0126953125 0.013671875
0 0.71875 0.423828125 0.029296875 0.0341796875
0 0.640625 0.431640625 0.017578125 0.0205078125
0 0.7373046875 0.6181640625 0.015625 0.0185546875
0 0.408203125 0.29296875 0.033203125 0.037109375
0 0.62890625 0.3154296875 0.044921875 0.052734375
0 0.59375 0.439453125 0.0341796875 0.041015625
0 0.5341796875 0.482421875 0.017578125 0.0205078125
0 0.1630859375 0.107421875 0.0283203125 0.033203125
0 0.91015625 0.2294921875 0.0126953125 0.013671875
0 0.798828125 0.3818359375 0.013671875 0.015625
0 0.8935546875 0.6474609375 0.013671875 0.015625
0 0.98828125 0.9873046875 0.013671875 0.017578125
0 0.5283203125 0.8798828125 0.0078125 0.0107421875
0 0.033203125 0.486328125 0.0654296875 0.15625
0 0.197265625 0.1162109375 0.041015625 0.046875
0 0.1142578125 0.236328125 0.0283203125 0.033203125
0 0.1884765625 0.3232421875 0.0185546875 0.0205078125
0 0.2470703125 0.298828125 0.017578125 0.0185546875
0 0.3310546875 0.2509765625 0.0234375 0.0283203125
0 0.244140625 0.1787109375 0.013671875 0.017578125
0 0.0126953125 0.056640625 0.017578125 0.0185546875
0 0.177734375 0.38671875 0.015625 0.0185546875
0 0.2197265625 0.3974609375 0.015625 0.0185546875
0 0.486328125 0.263671875 0.0234375 0.025390625
0 0.5517578125 0.130859375 0.0341796875 0.0390625
0 0.490234375 0.1708984375 0.021484375 0.0234375
0 0.3720703125 0.2294921875 0.0361328125 0.046875
0 0.3955078125 0.369140625 0.0126953125 0.013671875
0 0.1064453125 0.6044921875 0.015625 0.0205078125
0 0.017578125 0.630859375 0.025390625 0.0283203125
0 0.029296875 0.498046875 0.041015625 0.048828125
0 0.0419921875 0.720703125 0.0205078125 0.0283203125
0 0.095703125 0.6943359375 0.0185546875 0.0234375
0 0.2099609375 0.6220703125 0.068359375 0.0810546875
0 0.345703125 0.7763671875 0.017578125 0.0185546875
0 0.0625 0.880859375 0.0185546875 0.021484375
0 0.40625 0.904296875 0.0283203125 0.033203125
0 0.478515625 0.939453125 0.0126953125 0.013671875
0 0.267578125 0.91796875 0.013671875 0.013671875
0 0.2666015625 0.7236328125 0.0078125 0.0078125
0 0.470703125 0.5830078125 0.013671875 0.017578125
0 0.4853515625 0.62890625 0.0205078125 0.021484375
0 0.1083984375 0.2705078125 0.03125 0.037109375
0 0.1259765625 0.0859375 0.021484375 0.0263671875
0 0.693359375 0.1123046875 0.033203125 0.0390625
0 0.6240234375 0.123046875 0.0126953125 0.015625
0 0.65625 0.1083984375 0.0126953125 0.013671875
0 0.603515625 0.1201171875 0.0107421875 0.013671875
0 0.5966796875 0.2802734375 0.0234375 0.0263671875
0 0.5595703125 0.34765625 0.0234375 0.03125
0 0.736328125 0.240234375 0.0185546875 0.021484375
0 0.7763671875 0.2314453125 0.017578125 0.0205078125
0 0.6513671875 0.23828125 0.015625 0.015625
0 0.7861328125 0.3232421875 0.029296875 0.0361328125
0 0.919921875 0.24609375 0.0205078125 0.0234375
0 0.939453125 0.3291015625 0.033203125 0.0341796875
0 0.7685546875 0.453125 0.0234375 0.0283203125
0 0.9384765625 0.4072265625 0.013671875 0.017578125
0 0.93359375 0.466796875 0.0185546875 0.021484375
0 0.986328125 0.4873046875 0.0126953125 0.013671875
0 0.5537109375 0.4248046875 0.015625 0.0185546875
0 0.853515625 0.572265625 0.0234375 0.0283203125
0 0.92578125 0.5439453125 0.0126953125 0.0126953125
0 0.630859375 0.6318359375 0.021484375 0.0263671875
0 0.6845703125 0.619140625 0.0107421875 0.0126953125
0 0.603515625 0.5703125 0.0126953125 0.015625
0 0.71484375 0.5966796875 0.013671875 0.017578125
0 0.8369140625 0.6103515625 0.015625 0.0185546875
0 0.794921875 0.66015625 0.013671875 0.015625
0 0.5927734375 0.8076171875 0.013671875 0.017578125
0 0.763671875 0.833984375 0.033203125 0.033203125
0 0.884765625 0.865234375 0.013671875 0.017578125
0 0.630859375 0.9501953125 0.0126953125 0.017578125
0 0.72265625 0.9931640625 0.01171875 0.013671875
0 0.93359375 0.80859375 0.0107421875 0.0126953125
0 0.4013671875 0.724609375 0.220703125 0.216796875
0 0.138671875 0.9248046875 0.271484375 0.1484375