0 0.455078125 0.064453125 0.0419921875 0.0517578125
0 0.466796875 0.2294921875 0.0390625 0.044921875
0 0.4033203125 0.1904296875 0.0419921875 0.048828125
0 0.287109375 0.0625 0.123046875 0.125
0 0.8349609375 0.373046875 0.171875 0.1767578125
0 0.9794921875 0.365234375 0.0390625 0.048828125
0 0.7802734375 0.5234375 0.0263671875 0.033203125
0 0.8369140625 0.552734375 0.0185546875 0.021484375
0 0.5361328125 0.29296875 0.03125 0.041015625
0 0.3759765625 0.302734375 0.0234375 0.037109375
0 0.3017578125 0.2705078125 0.03125 0.033203125
0 0.181640625 0.2333984375 0.025390625 0.029296875
0 0.2431640625 0.2392578125 0.0205078125 0.0263671875
0 0.109375 0.056640625 0.0185546875 0.0234375
0 0.150390625 0.7783203125 0.0234375 0.029296875
0 0.4052734375 0.6328125 0.0234375 0.0263671875
0 0.875 0.640625 0.0888671875 0.1015625
0 0.68359375 0.8076171875 0.0263671875 0.029296875
0 0.8076171875 0.9765625 0.0498046875 0.046875
0 0.9130859375 0.95703125 0.0205078125 0.0234375
0 0.55859375 0.7197265625 0.0234375 0.0283203125
0 0.5947265625 0.724609375 0.025390625 0.0283203125
0 0.04296875 0.7841796875 0.03125 0.0361328125
0 0.0224609375 0.5458984375 0.021484375 0.0234375
0 0.013671875 0.5302734375 0.013671875 0.017578125
0 0.205078125 0.5302734375 0.0234375 0.0283203125
0 0.6357421875 0.33203125 0.0185546875 0.0234375
0 0.30859375 0.375 0.123046875 0.142578125
0 0.3349609375 0.837890625 0.125 0.146484375
0 0.74609375 0.2392578125 0.119140625 0.138671875
0 0.8564453125 0.197265625 0.017578125 0.0234375
0 0.939453125 0.2998046875 0.0205078125 0.0234375
0 0.4892578125 0.1328125 0.025390625 0.0283203125
0 0.2900390625 0.2099609375 0.025390625 0.029296875
0 0.0224609375 0.8154296875 0.03125 0.0361328125
0 0.0244140625 0.9833984375 0.021484375 0.0263671875
0 0.6826171875 0.9140625 0.0390625 0.048828125
0 0.54296875 0.9404296875 0.029296875 0.037109375
0 0.2421875 0.9677734375 0.0263671875 0.0283203125
0 0.12109375 0.908203125 0.013671875 0.017578125
0 0.51171875 0.677734375 0.0126953125 0.0126953125
0 0.0244140625 0.068359375 0.0107421875 0.013671875
0 0.0517578125 0.0478515625 0.021484375 0.0263671875
0 0.341796875 0.0869140625 0.015625 0.0185546875
0 0.4404296875 0.029296875 0.0205078125 0.021484375
0 0.365234375 0.1953125 0.021484375 0.025390625
0 0.4814453125 0.158203125 0.0107421875 0.0126953125
0 0.4970703125 0.3125 0.015625 0.0185546875
0 0.607421875 0.123046875 0.142578125 0.1669921875
0 0.6884765625 0.2001953125 0.142578125 0.1669921875
0 0.95703125 0.154296875 0.041015625 0.0439453125
0 0.908203125 0.0673828125 0.1279296875 0.134765625
0 0.818359375 0.056640625 0.0126953125 0.013671875
0 0.6875 0.013671875 0.021484375 0.0263671875
0 0.8017578125 0.2744140625 0.0205078125 0.021484375
0 0.81640625 0.4951171875 0.013671875 0.0185546875
0 0.7666015625 0.56640625 0.0185546875 0.021484375
0 0.7421875 0.6240234375 0.013671875 0.013671875
0 0.7724609375 0.6357421875 0.013671875 0.015625
0 0.841796875 0.69140625 0.015625 0.0185546875
0 0.939453125 0.728515625 0.0185546875 0.021484375
0 0.8984375 0.7978515625 0.021484375 0.0234375
0 0.6748046875 0.580078125 0.03125 0.033203125
0 0.5986328125 0.677734375 0.0126953125 0.013671875
0 0.734375 0.7646484375 0.025390625 0.029296875
0 0.98828125 0.927734375 0.017578125 0.021484375
0 0.8720703125 0.9794921875 0.029296875 0.03125
0 0.6884765625 0.9892578125 0.029296875 0.021484375
0 0.748046875 0.984375 0.0263671875 0.03125
0 0.7265625 0.978515625 0.03125 0.033203125
0 0.798828125 0.853515625 0.0390625 0.0439453125
0 0.6630859375 0.927734375 0.0205078125 0.0263671875
0 0.6142578125 0.9296875 0.041015625 0.0419921875
0 0.4775390625 0.8671875 0.0185546875 0.0205078125
0 0.4296875 0.779296875 0.0234375 0.0234375
0 0.0439453125 0.9560546875 0.015625 0.0185546875
0 0.111328125 0.7646484375 0.025390625 0.0283203125
0 0.322265625 0.7548828125 0.0234375 0.0234375
0 0.345703125 0.7021484375 0.0234375 0.0283203125
0 0.236328125 0.5361328125 0.025390625 0.0283203125
0 0.234375 0.6259765625 0.171875 0.1748046875
0 0.0634765625 0.6171875 0.017578125 0.0185546875
0 0.099609375 0.6640625 0.017578125 0.0205078125
0 0.056640625 0.228515625 0.0185546875 0.0185546875
0 0.06640625 0.35546875 0.1328125 0.2294921875
0 0.154296875 0.236328125 0.0107421875 0.013671875
0 0.169921875 0.279296875 0.017578125 0.0205078125
0 0.4482421875 0.458984375 0.251953125 0.2578125
0 0.466796875 0.9638671875 0.0185546875 0.0205078125
0 0.873046875 0.2900390625 0.0185546875 0.0234375