0 0.0234375 0.1513671875 0.029296875 0.033203125
0 0.0634765625 0.208984375 0.0107421875 0.0126953125
0 0.1123046875 0.220703125 0.0205078125 0.021484375
0 0.080078125 0.16015625 0.0341796875 0.0419921875
0 0.068359375 0.1728515625 0.03125 0.0361328125
0 0.060546875 0.1591796875 0.0234375 0.0263671875
0 0.0732421875 0.0732421875 0.0107421875 0.0126953125
0 0.19140625 0.0751953125 0.017578125 0.0205078125
0 0.23828125 0.044921875 0.017578125 0.0205078125
0 0.2353515625 0.1298828125 0.0751953125 0.0859375
0 0.37109375 0.08203125 0.0439453125 0.052734375
0 0.3798828125 0.0244140625 0.0263671875 0.029296875
0 0.419921875 0.0244140625 0.013671875 0.013671875
0 0.47265625 0.056640625 0.11328125 0.11328125
0 0.5595703125 0.05078125 0.1591796875 0.1015625
0 0.78125 0.125 0.021484375 0.0263671875
0 0.75 0.1611328125 0.0341796875 0.041015625
0 0.865234375 0.0986328125 0.025390625 0.029296875
0 0.94921875 0.0830078125 0.1015625 0.1376953125
0 0.873046875 0.1669921875 0.013671875 0.015625
0 0.892578125 0.205078125 0.015625 0.017578125
0 0.8974609375 0.1787109375 0.03125 0.0361328125
0 0.94140625 0.2109375 0.009765625 0.0107421875
0 0.9775390625 0.263671875 0.0263671875 0.03125
0 0.921875 0.3056640625 0.0185546875 0.021484375
0 0.873046875 0.275390625 0.0126953125 0.013671875
0 0.8505859375 0.3125 0.021484375 0.025390625
0 0.97265625 0.3779296875 0.0546875 0.0830078125
0 0.9755859375 0.4609375 0.0107421875 0.013671875
0 0.908203125 0.603515625 0.017578125 0.0205078125
0 0.90625 0.654296875 0.0126953125 0.013671875
0 0.9599609375 0.775390625 0.0283203125 0.033203125
0 0.98828125 0.927734375 0.013671875 0.0185546875
0 0.888671875 0.958984375 0.013671875 0.017578125
0 0.8896484375 0.9814453125 0.0107421875 0.0126953125
0 0.9521484375 0.986328125 0.009765625 0.0107421875
0 0.966796875 0.970703125 0.03125 0.0390625
0 0.7880859375 0.9609375 0.0234375 0.029296875
0 0.724609375 0.978515625 0.009765625 0.0107421875
0 0.7080078125 0.849609375 0.0263671875 0.03125
0 0.6767578125 0.8720703125 0.0126953125 0.017578125
0 0.8115234375 0.80859375 0.013671875 0.015625
0 0.796875 0.7734375 0.0498046875 0.0576171875
0 0.869140625 0.626953125 0.0361328125 0.0419921875
0 0.83203125 0.646484375 0.017578125 0.0205078125
0 0.751953125 0.6552734375 0.03125 0.0361328125
0 0.7138671875 0.630859375 0.056640625 0.064453125
0 0.8076171875 0.5244140625 0.013671875 0.017578125
0 0.787109375 0.52734375 0.029296875 0.0341796875
0 0.724609375 0.5322265625 0.0234375 0.0263671875
0 0.73828125 0.5693359375 0.0078125 0.009765625
0 0.724609375 0.23828125 0.0263671875 0.03125
0 0.7373046875 0.2783203125 0.0126953125 0.015625
0 0.736328125 0.310546875 0.0126953125 0.015625
0 0.6962890625 0.3291015625 0.033203125 0.0390625
0 0.73828125 0.3779296875 0.0107421875 0.0126953125
0 0.6787109375 0.4150390625 0.0185546875 0.021484375
0 0.6904296875 0.431640625 0.0126953125 0.013671875
0 0.646484375 0.41015625 0.0126953125 0.013671875
0 0.634765625 0.3662109375 0.017578125 0.021484375
0 0.626953125 0.31640625 0.017578125 0.0205078125
0 0.603515625 0.185546875 0.0283203125 0.033203125
0 0.576171875 0.193359375 0.0234375 0.0283203125
0 0.6103515625 0.2080078125 0.013671875 0.017578125
0 0.501953125 0.205078125 0.125 0.150390625
0 0.4765625 0.140625 0.0126953125 0.015625
0 0.3935546875 0.3056640625 0.0185546875 0.0205078125
0 0.4599609375 0.2802734375 0.021484375 0.0263671875
0 0.486328125 0.390625 0.009765625 0.0107421875
0 0.515625 0.4326171875 0.0703125 0.0810546875
0 0.466796875 0.482421875 0.046875 0.0546875
0 0.412109375 0.4560546875 0.0234375 0.0283203125
0 0.4365234375 0.5166015625 0.033203125 0.0390625
0 0.3779296875 0.5546875 0.015625 0.0205078125
0 0.4248046875 0.6455078125 0.0185546875 0.021484375
0 0.5341796875 0.6650390625 0.0205078125 0.0234375
0 0.5654296875 0.716796875 0.0205078125 0.025390625
0 0.6328125 0.7333984375 0.013671875 0.017578125
0 0.669921875 0.7958984375 0.013671875 0.0185546875
0 0.6259765625 0.85546875 0.013671875 0.017578125
0 0.2802734375 0.89453125 0.0205078125 0.0234375
0 0.326171875 0.9736328125 0.0234375 0.0283203125
0 0.138671875 0.9423828125 0.025390625 0.03125
0 0.169921875 0.861328125 0.017578125 0.021484375
0 0.1298828125 0.857421875 0.017578125 0.0205078125
0 0.076171875 0.794921875 0.009765625 0.0107421875
0 0.0478515625 0.8251953125 0.0107421875 0.0126953125
0 0.056640625 0.705078125 0.0107421875 0.0126953125
0 0.01171875 0.607421875 0.0234375 0.0263671875
0 0.076171875 0.607421875 0.013671875 0.017578125
0 0.0205078125 0.6474609375 0.0234375 0.0283203125
0 0.052734375 0.52734375 0.021484375 0.025390625
0 0.09765625 0.513671875 0.0107421875 0.0126953125
0 0.119140625 0.521484375 0.0185546875 0.0205078125
0 0.203125 0.60546875 0.0185546875 0.0234375
0 0.2724609375 0.62109375 0.0390625 0.046875
0 0.220703125 0.58984375 0.111328125 0.1279296875
0 0.21875 0.712890625 0.033203125 0.037109375
0 0.2060546875 0.7451171875 0.013671875 0.015625
0 0.232421875 0.755859375 0.0078125 0.0107421875
0 0.275390625 0.4873046875 0.0341796875 0.041015625
0 0.076171875 0.462890625 0.0234375 0.0283203125
0 0.103515625 0.466796875 0.0263671875 0.03125
0 0.0478515625 0.3603515625 0.0341796875 0.0390625
0 0.244140625 0.3427734375 0.0185546875 0.021484375
0 0.1865234375 0.3759765625 0.009765625 0.0107421875
0 0.201171875 0.37890625 0.0185546875 0.021484375
0 0.2216796875 0.373046875 0.0185546875 0.0234375
0 0.310546875 0.3818359375 0.033203125 0.041015625
0 0.19921875 0.439453125 0.048828125 0.0595703125
0 0.193359375 0.35546875 0.197265625 0.205078125
0 0.390625 0.20703125 0.1669921875 0.181640625
0 0.3876953125 0.38671875 0.037109375 0.0419921875
0 0.400390625 0.6943359375 0.0205078125 0.0234375
0 0.552734375 0.587890625 0.0390625 0.048828125
0 0.634765625 0.5029296875 0.015625 0.0185546875
0 0.25 0.9541015625 0.0185546875 0.021484375
0 0.3388671875 0.861328125 0.0185546875 0.021484375
0 0.400390625 0.8798828125 0.025390625 0.029296875
0 0.4873046875 0.9931640625 0.0234375 0.013671875