0 0.0888671875 0.6748046875 0.0390625 0.046875
0 0.5654296875 0.513671875 0.154296875 0.171875
0 0.306640625 0.5615234375 0.1142578125 0.1328125
0 0.84375 0.1484375 0.1298828125 0.1435546875
0 0.9541015625 0.3876953125 0.048828125 0.0576171875
0 0.748046875 0.8134765625 0.119140625 0.134765625
0 0.505859375 0.220703125 0.2080078125 0.2265625
0 0.193359375 0.4130859375 0.080078125 0.09375
0 0.134765625 0.52734375 0.0205078125 0.0234375
0 0.771484375 0.4130859375 0.048828125 0.056640625
0 0.4130859375 0.6259765625 0.0732421875 0.0830078125
0 0.451171875 0.603515625 0.0439453125 0.0517578125
0 0.205078125 0.2099609375 0.232421875 0.251953125
0 0.416015625 0.7734375 0.0205078125 0.0234375
0 0.919921875 0.6123046875 0.0263671875 0.029296875
0 0.6220703125 0.8017578125 0.0517578125 0.0654296875
0 0.7333984375 0.919921875 0.0234375 0.0263671875
0 0.3212890625 0.1064453125 0.037109375 0.0439453125
0 0.54296875 0.3916015625 0.0283203125 0.03125
0 0.697265625 0.556640625 0.0185546875 0.0205078125
0 0.7412109375 0.6328125 0.0185546875 0.0234375
0 0.0751953125 0.162109375 0.150390625 0.216796875
0 0.052734375 0.048828125 0.0263671875 0.03125
0 0.283203125 0.052734375 0.033203125 0.0361328125
0 0.5263671875 0.271484375 0.0439453125 0.048828125
0 0.5390625 0.3291015625 0.0185546875 0.0205078125
0 0.6025390625 0.271484375 0.03125 0.0390625
0 0.416015625 0.400390625 0.017578125 0.021484375
0 0.470703125 0.44140625 0.015625 0.0185546875
0 0.3623046875 0.3046875 0.021484375 0.025390625
0 0.21484375 0.353515625 0.0234375 0.0234375
0 0.275390625 0.3955078125 0.017578125 0.0205078125
0 0.1025390625 0.4130859375 0.0234375 0.0263671875
0 0.138671875 0.4375 0.03125 0.037109375
0 0.173828125 0.447265625 0.0205078125 0.021484375
0 0.0634765625 0.49609375 0.013671875 0.0185546875
0 0.26953125 0.6318359375 0.0126953125 0.0126953125
0 0.3271484375 0.6484375 0.033203125 0.041015625
0 0.2470703125 0.677734375 0.0126953125 0.015625
0 0.24609375 0.720703125 0.021484375 0.0263671875
0 0.130859375 0.9443359375 0.1875 0.111328125
0 0.373046875 0.927734375 0.0234375 0.029296875
0 0.501953125 0.98828125 0.033203125 0.0234375
0 0.484375 0.8876953125 0.03125 0.037109375
0 0.533203125 0.958984375 0.0205078125 0.021484375
0 0.6142578125 0.9423828125 0.0126953125 0.017578125
0 0.6435546875 0.927734375 0.1689453125 0.1435546875
0 0.990234375 0.9287109375 0.015625 0.0185546875
0 0.685546875 0.70703125 0.015625 0.0205078125
0 0.646484375 0.64453125 0.0185546875 0.021484375
0 0.64453125 0.595703125 0.015625 0.017578125
0 0.630859375 0.572265625 0.017578125 0.0185546875
0 0.833984375 0.568359375 0.013671875 0.017578125
0 0.76171875 0.505859375 0.017578125 0.021484375
0 0.9228515625 0.6650390625 0.013671875 0.0185546875
0 0.8154296875 0.4453125 0.0126953125 0.013671875
0 0.7099609375 0.419921875 0.0126953125 0.013671875
0 0.6513671875 0.44140625 0.013671875 0.017578125
0 0.80078125 0.244140625 0.021484375 0.0234375
0 0.8603515625 0.2861328125 0.0205078125 0.0234375
0 0.759765625 0.3310546875 0.0205078125 0.0234375
0 0.6982421875 0.298828125 0.015625 0.0205078125
0 0.7177734375 0.224609375 0.0283203125 0.0341796875
0 0.7734375 0.0927734375 0.015625 0.0185546875
0 0.8564453125 0.0263671875 0.0185546875 0.021484375
0 0.8974609375 0.05078125 0.0234375 0.0283203125
0 0.8115234375 0.009765625 0.017578125 0.01953125
0 0.7763671875 0.029296875 0.0107421875 0.0126953125
0 0.4755859375 0.0771484375 0.232421875 0.154296875
0 0.060546875 0.3173828125 0.0126953125 0.0126953125
0 0.162109375 0.53125 0.009765625 0.0126953125
0 0.1865234375 0.7685546875 0.0234375 0.0263671875
0 0.275390625 0.8779296875 0.015625 0.0205078125
0 0.751953125 0.9111328125 0.0126953125 0.017578125
0 0.81640625 0.8740234375 0.029296875 0.033203125
0 0.947265625 0.7705078125 0.0107421875 0.0126953125
0 0.9482421875 0.8232421875 0.021484375 0.0234375
0 0.8525390625 0.7001953125 0.0107421875 0.0126953125
0 0.947265625 0.4716796875 0.009765625 0.0107421875
0 0.931640625 0.359375 0.0107421875 0.0126953125
0 0.990234375 0.3193359375 0.0185546875 0.03125
0 0.90234375 0.234375 0.0234375 0.0283203125
0 0.498046875 0.673828125 0.015625 0.017578125
0 0.5302734375 0.7060546875 0.0078125 0.0107421875
0 0.671875 0.8291015625 0.0234375 0.025390625
0 0.224609375 0.572265625 0.0390625 0.0439453125