0 0.0205078125 0.0732421875 0.0185546875 0.021484375
0 0.0283203125 0.1708984375 0.013671875 0.017578125
0 0.1259765625 0.2255859375 0.140625 0.1591796875
0 0.041015625 0.41015625 0.0185546875 0.021484375
0 0.0380859375 0.435546875 0.0185546875 0.021484375
0 0.205078125 0.548828125 0.0390625 0.046875
0 0.158203125 0.580078125 0.0283203125 0.029296875
0 0.158203125 0.5693359375 0.017578125 0.0205078125
0 0.298828125 0.615234375 0.033203125 0.041015625
0 0.259765625 0.6005859375 0.0283203125 0.03125
0 0.138671875 0.65234375 0.0888671875 0.103515625
0 0.013671875 0.7099609375 0.0263671875 0.0439453125
0 0.05078125 0.7646484375 0.046875 0.0546875
0 0.146484375 0.8359375 0.037109375 0.0439453125
0 0.205078125 0.751953125 0.017578125 0.0205078125
0 0.2744140625 0.826171875 0.021484375 0.0263671875
0 0.056640625 0.98828125 0.025390625 0.0234375
0 0.119140625 0.978515625 0.0283203125 0.033203125
0 0.361328125 0.8837890625 0.021484375 0.0263671875
0 0.3466796875 0.896484375 0.015625 0.0185546875
0 0.380859375 0.5771484375 0.0205078125 0.0234375
0 0.3310546875 0.263671875 0.037109375 0.0439453125
0 0.27734375 0.2705078125 0.0205078125 0.0234375
0 0.5009765625 0.2841796875 0.046875 0.0546875
0 0.5341796875 0.35546875 0.0517578125 0.0576171875
0 0.7041015625 0.212890625 0.0205078125 0.025390625
0 0.61328125 0.337890625 0.015625 0.017578125
0 0.658203125 0.3544921875 0.013671875 0.015625
0 0.4873046875 0.427734375 0.0205078125 0.0234375
0 0.51171875 0.4345703125 0.0361328125 0.0439453125
0 0.544921875 0.453125 0.025390625 0.029296875
0 0.4833984375 0.515625 0.0673828125 0.078125
0 0.4716796875 0.60546875 0.0234375 0.025390625
0 0.4716796875 0.6279296875 0.021484375 0.0234375
0 0.6376953125 0.55078125 0.0283203125 0.03125
0 0.634765625 0.65234375 0.025390625 0.029296875
0 0.458984375 0.6865234375 0.013671875 0.015625
0 0.6845703125 0.8427734375 0.021484375 0.0263671875
0 0.68359375 0.9345703125 0.029296875 0.0341796875
0 0.94140625 0.873046875 0.0234375 0.0263671875
0 0.833984375 0.8486328125 0.013671875 0.017578125
0 0.740234375 0.673828125 0.025390625 0.029296875
0 0.7392578125 0.5791015625 0.029296875 0.0361328125
0 0.9248046875 0.52734375 0.029296875 0.0361328125
0 0.791015625 0.4541015625 0.0283203125 0.0361328125
0 0.8564453125 0.39453125 0.017578125 0.0205078125
0 0.8603515625 0.263671875 0.037109375 0.0439453125
0 0.798828125 0.146484375 0.021484375 0.025390625
0 0.560546875 0.0810546875 0.1904296875 0.162109375
0 0.2080078125 0.458984375 0.025390625 0.029296875
0 0.5087890625 0.849609375 0.037109375 0.041015625
0 0.9599609375 0.357421875 0.080078125 0.154296875
0 0.923828125 0.04296875 0.0751953125 0.0859375
0 0.7666015625 0.427734375 0.0185546875 0.021484375
0 0.369140625 0.7353515625 0.021484375 0.0234375
0 0.0439453125 0.611328125 0.0185546875 0.0234375
0 0.1484375 0.529296875 0.021484375 0.0263671875
0 0.107421875 0.5390625 0.0263671875 0.029296875
0 0.310546875 0.380859375 0.0234375 0.029296875
0 0.142578125 0.923828125 0.017578125 0.021484375
0 0.2412109375 0.900390625 0.021484375 0.0263671875
0 0.427734375 0.880859375 0.017578125 0.0205078125
0 0.3974609375 0.9208984375 0.025390625 0.0283203125
0 0.298828125 0.826171875 0.015625 0.0205078125
0 0.5703125 0.7802734375 0.033203125 0.037109375
0 0.97265625 0.791015625 0.033203125 0.037109375
0 0.943359375 0.5732421875 0.046875 0.052734375
0 0.54296875 0.501953125 0.033203125 0.0390625
0 0.455078125 0.4443359375 0.017578125 0.0205078125
0 0.5361328125 0.646484375 0.0234375 0.0263671875
0 0.4375 0.66015625 0.0283203125 0.033203125
0 0.353515625 0.65234375 0.0126953125 0.0126953125
0 0.314453125 0.896484375 0.0205078125 0.025390625
0 0.341796875 0.9912109375 0.025390625 0.017578125
0 0.25 0.9921875 0.0126953125 0.013671875
0 0.1513671875 0.7138671875 0.021484375 0.0234375
0 0.5908203125 0.8525390625 0.0283203125 0.03125
0 0.60546875 0.67578125 0.017578125 0.0205078125
0 0.47265625 0.8759765625 0.0234375 0.0283203125
0 0.5322265625 0.826171875 0.0263671875 0.029296875
0 0.275390625 0.9267578125 0.017578125 0.021484375
0 0.09765625 0.33984375 0.177734375 0.189453125
0 0.6181640625 0.533203125 0.0205078125 0.025390625