0 0.4423828125 0.1484375 0.1123046875 0.1279296875
0 0.4990234375 0.0537109375 0.017578125 0.0205078125
0 0.5126953125 0.1826171875 0.021484375 0.025390625
0 0.166015625 0.0859375 0.0263671875 0.03125
0 0.115234375 0.1318359375 0.0205078125 0.0234375
0 0.06640625 0.1513671875 0.017578125 0.0205078125
0 0.1953125 0.1787109375 0.15625 0.1748046875
0 0.265625 0.173828125 0.294921875 0.279296875
0 0.4091796875 0.083984375 0.021484375 0.025390625
0 0.248046875 0.0078125 0.033203125 0.015625
0 0.5244140625 0.009765625 0.033203125 0.01953125
0 0.6748046875 0.173828125 0.0234375 0.025390625
0 0.6953125 0.107421875 0.0283203125 0.033203125
0 0.669921875 0.1337890625 0.0185546875 0.021484375
0 0.6591796875 0.1162109375 0.0234375 0.0263671875
0 0.83203125 0.119140625 0.0283203125 0.0341796875
0 0.9697265625 0.044921875 0.060546875 0.08984375
0 0.9072265625 0.0234375 0.0498046875 0.046875
0 0.853515625 0.0224609375 0.0361328125 0.041015625
0 0.857421875 0.255859375 0.0185546875 0.0205078125
0 0.8876953125 0.26953125 0.025390625 0.0283203125
0 0.9072265625 0.369140625 0.1533203125 0.166015625
0 0.8271484375 0.3720703125 0.0263671875 0.03125
0 0.724609375 0.4501953125 0.0234375 0.0263671875
0 0.85546875 0.556640625 0.025390625 0.0283203125
0 0.849609375 0.509765625 0.0234375 0.0283203125
0 0.8125 0.63671875 0.0234375 0.0263671875
0 0.716796875 0.5947265625 0.0234375 0.0283203125
0 0.658203125 0.587890625 0.025390625 0.0283203125
0 0.658203125 0.66015625 0.0205078125 0.021484375
0 0.634765625 0.669921875 0.0185546875 0.021484375
0 0.599609375 0.7158203125 0.025390625 0.0283203125
0 0.95703125 0.705078125 0.0859375 0.1142578125
0 0.9296875 0.80078125 0.0234375 0.0263671875
0 0.841796875 0.7763671875 0.1435546875 0.162109375
0 0.56640625 0.8623046875 0.021484375 0.0263671875
0 0.67578125 0.8232421875 0.056640625 0.0625
0 0.529296875 0.73828125 0.013671875 0.017578125
0 0.599609375 0.869140625 0.244140625 0.2607421875
0 0.2763671875 0.84765625 0.0234375 0.0283203125
0 0.080078125 0.7861328125 0.029296875 0.0361328125
0 0.0712890625 0.8427734375 0.017578125 0.0205078125
0 0.2255859375 0.7392578125 0.0185546875 0.021484375
0 0.13671875 0.6650390625 0.0185546875 0.021484375
0 0.16796875 0.734375 0.017578125 0.0205078125
0 0.3466796875 0.630859375 0.0283203125 0.033203125
0 0.345703125 0.544921875 0.0263671875 0.03125
0 0.298828125 0.6171875 0.2294921875 0.255859375
0 0.396484375 0.3330078125 0.1123046875 0.1279296875
0 0.2685546875 0.3544921875 0.0185546875 0.021484375
0 0.314453125 0.37890625 0.0390625 0.046875
0 0.48828125 0.4462890625 0.0234375 0.0263671875
0 0.474609375 0.3837890625 0.0263671875 0.03125
0 0.5419921875 0.3681640625 0.0205078125 0.0234375
0 0.591796875 0.4208984375 0.0234375 0.0263671875
0 0.640625 0.45703125 0.0185546875 0.021484375
0 0.6279296875 0.451171875 0.0126953125 0.0126953125
0 0.6484375 0.4794921875 0.013671875 0.017578125
0 0.4375 0.431640625 0.240234375 0.2451171875
0 0.14453125 0.345703125 0.0263671875 0.03125
0 0.111328125 0.4072265625 0.037109375 0.0439453125
0 0.0419921875 0.4375 0.0234375 0.029296875
0 0.103515625 0.4833984375 0.2060546875 0.2861328125
0 0.0810546875 0.5234375 0.0234375 0.0283203125
0 0.064453125 0.54296875 0.0185546875 0.021484375
0 0.025390625 0.5615234375 0.013671875 0.017578125
0 0.486328125 0.587890625 0.03125 0.037109375
0 0.5703125 0.634765625 0.109375 0.1279296875
0 0.919921875 0.5810546875 0.021484375 0.0263671875
0 0.59375 0.2041015625 0.0263671875 0.029296875
0 0.0986328125 0.248046875 0.048828125 0.056640625