0 0.119140625 0.556640625 0.146484375 0.166015625
0 0.2138671875 0.7734375 0.2138671875 0.21875
0 0.8740234375 0.2666015625 0.046875 0.0546875
0 0.74609375 0.248046875 0.0341796875 0.041015625
0 0.9296875 0.7392578125 0.0439453125 0.0517578125
0 0.779296875 0.7666015625 0.017578125 0.021484375
0 0.7578125 0.7900390625 0.0185546875 0.021484375
0 0.7109375 0.884765625 0.021484375 0.021484375
0 0.4091796875 0.962890625 0.025390625 0.0283203125
0 0.478515625 0.7353515625 0.029296875 0.0283203125
0 0.41796875 0.7724609375 0.017578125 0.0205078125
0 0.234375 0.583984375 0.041015625 0.0517578125
0 0.294921875 0.3623046875 0.0341796875 0.0361328125
0 0.4609375 0.4423828125 0.0390625 0.041015625
0 0.4326171875 0.625 0.0185546875 0.021484375
0 0.515625 0.9287109375 0.021484375 0.0263671875
0 0.0673828125 0.1767578125 0.0234375 0.029296875
0 0.140625 0.4501953125 0.017578125 0.0185546875
0 0.369140625 0.474609375 0.021484375 0.0263671875
0 0.3740234375 0.30859375 0.0234375 0.029296875
0 0.619140625 0.349609375 0.0263671875 0.029296875
0 0.634765625 0.39453125 0.0185546875 0.0205078125
0 0.7431640625 0.3076171875 0.0234375 0.0263671875
0 0.5283203125 0.1650390625 0.0263671875 0.029296875
0 0.201171875 0.208984375 0.0185546875 0.0185546875
0 0.900390625 0.435546875 0.025390625 0.0234375
0 0.89453125 0.1123046875 0.0205078125 0.021484375
0 0.869140625 0.083984375 0.017578125 0.0205078125
0 0.912109375 0.2197265625 0.0234375 0.0263671875
0 0.0322265625 0.068359375 0.021484375 0.0234375
0 0.2236328125 0.421875 0.0185546875 0.0205078125
0 0.1328125 0.345703125 0.013671875 0.015625
0 0.326171875 0.3408203125 0.017578125 0.0205078125
0 0.0966796875 0.037109375 0.03125 0.037109375
0 0.4189453125 0.015625 0.041015625 0.03125
0 0.455078125 0.0654296875 0.017578125 0.0205078125
0 0.47265625 0.322265625 0.0107421875 0.0126953125
0 0.3828125 0.134765625 0.013671875 0.017578125
0 0.197265625 0.580078125 0.0185546875 0.0205078125
0 0.154296875 0.6484375 0.0078125 0.009765625
0 0.427734375 0.841796875 0.021484375 0.0234375
0 0.2314453125 0.9951171875 0.0107421875 0.009765625
0 0.0048828125 0.96484375 0.009765625 0.013671875
0 0.02734375 0.7265625 0.017578125 0.0205078125
0 0.0048828125 0.5888671875 0.009765625 0.017578125
0 0.23828125 0.0166015625 0.03125 0.033203125
0 0.2783203125 0.0107421875 0.0517578125 0.021484375
0 0.453125 0.572265625 0.009765625 0.0107421875
0 0.1015625 0.408203125 0.005859375 0.0078125
0 0.60546875 0.1396484375 0.013671875 0.015625
0 0.658203125 0.240234375 0.0126953125 0.015625
0 0.724609375 0.2431640625 0.015625 0.0185546875
0 0.63671875 0.3125 0.009765625 0.0107421875
0 0.556640625 0.3642578125 0.0078125 0.0078125
0 0.837890625 0.5625 0.0234375 0.0283203125
0 0.744140625 0.6943359375 0.0126953125 0.015625
0 0.533203125 0.908203125 0.0263671875 0.029296875
0 0.9677734375 0.8056640625 0.009765625 0.0107421875
0 0.9892578125 0.884765625 0.015625 0.0185546875
0 0.869140625 0.962890625 0.009765625 0.0107421875
0 0.6484375 0.94140625 0.015625 0.0185546875
0 0.8916015625 0.3994140625 0.013671875 0.015625
0 0.951171875 0.38671875 0.029296875 0.033203125
0 0.9443359375 0.466796875 0.013671875 0.017578125
0 0.845703125 0.478515625 0.0078125 0.009765625
0 0.951171875 0.423828125 0.0126953125 0.013671875
0 0.927734375 0.3134765625 0.013671875 0.015625
0 0.8525390625 0.0537109375 0.0439453125 0.0439453125
0 0.857421875 0.0263671875 0.0517578125 0.052734375
0 0.939453125 0.021484375 0.009765625 0.009765625
0 0.6611328125 0.1201171875 0.0107421875 0.0126953125
0 0.5205078125 0.4404296875 0.017578125 0.0185546875
0 0.541015625 0.1025390625 0.0205078125 0.0234375
0 0.4609375 0.263671875 0.013671875 0.017578125
0 0.603515625 0.0224609375 0.0263671875 0.029296875
0 0.212890625 0.291015625 0.025390625 0.03125
0 0.267578125 0.2724609375 0.009765625 0.0126953125
0 0.166015625 0.29296875 0.013671875 0.015625
0 0.548828125 0.5810546875 0.0107421875 0.0126953125
0 0.052734375 0.14453125 0.021484375 0.0234375
0 0.626953125 0.7802734375 0.017578125 0.021484375
0 0.7900390625 0.9306640625 0.0048828125 0.0078125
0 0.826171875 0.9482421875 0.0126953125 0.0126953125
0 0.52734375 0.3994140625 0.013671875 0.017578125
0 0.966796875 0.16796875 0.009765625 0.009765625
0 0.982421875 0.1591796875 0.009765625 0.0126953125
0 0.5244140625 0.580078125 0.03125 0.0361328125
0 0.732421875 0.587890625 0.0283203125 0.0341796875
0 0.5546875 0.779296875 0.2578125 0.2451171875
0 0.349609375 0.603515625 0.0234375 0.0263671875
0 0.8310546875 0.3115234375 0.017578125 0.0205078125
0 0.865234375 0.314453125 0.017578125 0.0185546875
0 0.9091796875 0.5849609375 0.013671875 0.017578125
0 0.44140625 0.6640625 0.015625 0.017578125
0 0.6875 0.4794921875 0.2080078125 0.2060546875