0 0.109375 0.033203125 0.0107421875 0.0126953125
0 0.1943359375 0.041015625 0.130859375 0.08203125
0 0.177734375 0.0146484375 0.025390625 0.029296875
0 0.068359375 0.119140625 0.0185546875 0.021484375
0 0.162109375 0.1611328125 0.015625 0.017578125
0 0.1943359375 0.126953125 0.013671875 0.017578125
0 0.2177734375 0.166015625 0.0234375 0.0283203125
0 0.2783203125 0.166015625 0.033203125 0.0390625
0 0.2841796875 0.1962890625 0.013671875 0.017578125
0 0.248046875 0.2080078125 0.0126953125 0.013671875
0 0.0888671875 0.2265625 0.0283203125 0.033203125
0 0.134765625 0.271484375 0.021484375 0.025390625
0 0.064453125 0.2841796875 0.0205078125 0.0234375
0 0.0791015625 0.361328125 0.015625 0.0185546875
0 0.1025390625 0.439453125 0.015625 0.0185546875
0 0.205078125 0.5185546875 0.0234375 0.0263671875
0 0.1318359375 0.6416015625 0.021484375 0.0263671875
0 0.091796875 0.697265625 0.037109375 0.0439453125
0 0.060546875 0.685546875 0.009765625 0.009765625
0 0.0234375 0.8193359375 0.0234375 0.0283203125
0 0.044921875 0.869140625 0.017578125 0.0205078125
0 0.1416015625 0.845703125 0.021484375 0.025390625
0 0.1875 0.8642578125 0.013671875 0.017578125
0 0.2275390625 0.888671875 0.009765625 0.0107421875
0 0.35546875 0.919921875 0.0341796875 0.041015625
0 0.4453125 0.9365234375 0.0361328125 0.0419921875
0 0.494140625 0.978515625 0.0078125 0.009765625
0 0.564453125 0.912109375 0.0078125 0.009765625
0 0.623046875 0.990234375 0.015625 0.0185546875
0 0.65625 0.919921875 0.0283203125 0.033203125
0 0.931640625 0.884765625 0.015625 0.0185546875
0 0.904296875 0.8837890625 0.005859375 0.0078125
0 0.791015625 0.814453125 0.0234375 0.0263671875
0 0.8134765625 0.7939453125 0.025390625 0.0283203125
0 0.943359375 0.712890625 0.033203125 0.0390625
0 0.9599609375 0.693359375 0.0107421875 0.0126953125
0 0.8564453125 0.6767578125 0.0126953125 0.0126953125
0 0.8779296875 0.591796875 0.009765625 0.0107421875
0 0.90234375 0.4873046875 0.0205078125 0.0234375
0 0.9248046875 0.314453125 0.025390625 0.029296875
0 0.939453125 0.2587890625 0.013671875 0.015625
0 0.96875 0.1435546875 0.0419921875 0.048828125
0 0.916015625 0.1708984375 0.015625 0.017578125
0 0.857421875 0.1787109375 0.029296875 0.0361328125
0 0.8212890625 0.109375 0.068359375 0.080078125
0 0.7666015625 0.0732421875 0.03125 0.037109375
0 0.9677734375 0.013671875 0.021484375 0.0263671875
0 0.634765625 0.021484375 0.060546875 0.041015625
0 0.5234375 0.041015625 0.0341796875 0.041015625
0 0.6865234375 0.109375 0.0048828125 0.0078125
0 0.638671875 0.1376953125 0.0078125 0.009765625
0 0.7392578125 0.2626953125 0.0361328125 0.041015625
0 0.7802734375 0.3427734375 0.0234375 0.0263671875
0 0.7822265625 0.2900390625 0.009765625 0.0107421875
0 0.83984375 0.400390625 0.0234375 0.0263671875
0 0.798828125 0.4423828125 0.0234375 0.0263671875
0 0.7412109375 0.712890625 0.0341796875 0.041015625
0 0.708984375 0.763671875 0.0283203125 0.033203125
0 0.642578125 0.734375 0.021484375 0.025390625
0 0.626953125 0.755859375 0.021484375 0.0263671875
0 0.56640625 0.76171875 0.015625 0.0185546875
0 0.5859375 0.724609375 0.025390625 0.0283203125
0 0.5439453125 0.68359375 0.015625 0.0185546875
0 0.4755859375 0.7138671875 0.0107421875 0.0126953125
0 0.3857421875 0.837890625 0.0205078125 0.0234375
0 0.3798828125 0.8525390625 0.0107421875 0.0126953125
0 0.333984375 0.7431640625 0.0390625 0.0439453125
0 0.275390625 0.7744140625 0.0234375 0.0283203125
0 0.2138671875 0.7724609375 0.0234375 0.0283203125
0 0.447265625 0.662109375 0.0205078125 0.0234375
0 0.4072265625 0.603515625 0.0205078125 0.021484375
0 0.361328125 0.650390625 0.021484375 0.0263671875
0 0.208984375 0.6240234375 0.013671875 0.015625
0 0.2734375 0.630859375 0.021484375 0.0234375
0 0.318359375 0.595703125 0.017578125 0.0205078125
0 0.2421875 0.482421875 0.021484375 0.0234375
0 0.341796875 0.48828125 0.013671875 0.015625
0 0.3388671875 0.53515625 0.060546875 0.068359375
0 0.416015625 0.505859375 0.0283203125 0.0341796875
0 0.482421875 0.4921875 0.015625 0.0185546875
0 0.52734375 0.525390625 0.041015625 0.046875
0 0.5615234375 0.50390625 0.0234375 0.0283203125
0 0.59765625 0.5283203125 0.0341796875 0.0390625
0 0.736328125 0.6083984375 0.0419921875 0.0498046875
0 0.779296875 0.576171875 0.0234375 0.0263671875
0 0.728515625 0.5234375 0.029296875 0.0341796875
0 0.736328125 0.4384765625 0.017578125 0.0205078125
0 0.6953125 0.447265625 0.0234375 0.0263671875
0 0.6337890625 0.4404296875 0.033203125 0.0390625
0 0.576171875 0.4375 0.025390625 0.0283203125
0 0.6591796875 0.3857421875 0.0107421875 0.0126953125
0 0.615234375 0.3134765625 0.0419921875 0.046875
0 0.5498046875 0.263671875 0.0126953125 0.013671875
0 0.544921875 0.298828125 0.013671875 0.017578125
0 0.470703125 0.365234375 0.060546875 0.0703125
0 0.478515625 0.345703125 0.1689453125 0.1904296875
0 0.2060546875 0.31640625 0.0205078125 0.021484375
0 0.33203125 0.318359375 0.0205078125 0.021484375
0 0.365234375 0.216796875 0.015625 0.0205078125
0 0.3876953125 0.267578125 0.015625 0.0185546875
0 0.3173828125 0.271484375 0.0078125 0.009765625
0 0.3173828125 0.2470703125 0.0283203125 0.03125
0 0.3818359375 0.1611328125 0.021484375 0.025390625
0 0.466796875 0.1865234375 0.021484375 0.025390625
0 0.4990234375 0.150390625 0.013671875 0.017578125
0 0.458984375 0.322265625 0.076171875 0.0859375