0 0.5791015625 0.0517578125 0.0673828125 0.078125
0 0.5478515625 0.06640625 0.0234375 0.029296875
0 0.607421875 0.0947265625 0.017578125 0.0205078125
0 0.771484375 0.0380859375 0.0205078125 0.0234375
0 0.7607421875 0.0068359375 0.0126953125 0.013671875
0 0.8857421875 0.115234375 0.0263671875 0.03125
0 0.93359375 0.1884765625 0.0966796875 0.109375
0 0.9931640625 0.193359375 0.013671875 0.021484375
0 0.841796875 0.1015625 0.0126953125 0.013671875
0 0.8154296875 0.1103515625 0.017578125 0.0205078125
0 0.822265625 0.15234375 0.1533203125 0.1640625
0 0.716796875 0.1611328125 0.0390625 0.0439453125
0 0.73828125 0.259765625 0.033203125 0.0390625
0 0.8173828125 0.2607421875 0.015625 0.0185546875
0 0.8759765625 0.240234375 0.03125 0.0361328125
0 0.83984375 0.2978515625 0.0185546875 0.021484375
0 0.9921875 0.3603515625 0.015625 0.0234375
0 0.890625 0.447265625 0.03125 0.0361328125
0 0.8857421875 0.509765625 0.017578125 0.0205078125
0 0.91015625 0.5185546875 0.0126953125 0.0126953125
0 0.953125 0.62890625 0.0498046875 0.0576171875
0 0.9208984375 0.6259765625 0.0205078125 0.0234375
0 0.896484375 0.638671875 0.025390625 0.0283203125
0 0.8974609375 0.697265625 0.015625 0.0205078125
0 0.9443359375 0.9638671875 0.015625 0.0185546875
0 0.814453125 0.935546875 0.033203125 0.037109375
0 0.8271484375 0.849609375 0.0126953125 0.013671875
0 0.591796875 0.912109375 0.0205078125 0.025390625
0 0.572265625 0.923828125 0.0107421875 0.0126953125
0 0.5361328125 0.939453125 0.0185546875 0.021484375
0 0.521484375 0.9462890625 0.0185546875 0.021484375
0 0.5400390625 0.880859375 0.0234375 0.0283203125
0 0.689453125 0.78515625 0.0234375 0.0283203125
0 0.634765625 0.783203125 0.025390625 0.029296875
0 0.544921875 0.763671875 0.0234375 0.0283203125
0 0.5810546875 0.7744140625 0.015625 0.0205078125
0 0.5966796875 0.8125 0.0234375 0.0263671875
0 0.576171875 0.8388671875 0.0185546875 0.021484375
0 0.5048828125 0.8671875 0.033203125 0.037109375
0 0.4462890625 0.86328125 0.025390625 0.0283203125
0 0.458984375 0.8115234375 0.009765625 0.0107421875
0 0.482421875 0.84765625 0.1640625 0.1767578125
0 0.3974609375 0.9560546875 0.017578125 0.021484375
0 0.3369140625 0.8955078125 0.0234375 0.0263671875
0 0.2509765625 0.98046875 0.0205078125 0.0234375
0 0.158203125 0.9248046875 0.017578125 0.0205078125
0 0.0400390625 0.9306640625 0.013671875 0.017578125
0 0.0615234375 0.845703125 0.0361328125 0.0439453125
0 0.03515625 0.853515625 0.0234375 0.0263671875
0 0.134765625 0.08984375 0.0517578125 0.0625
0 0.0185546875 0.158203125 0.025390625 0.0283203125
0 0.0546875 0.21484375 0.0185546875 0.021484375
0 0.1953125 0.2177734375 0.0908203125 0.103515625
0 0.2080078125 0.068359375 0.013671875 0.017578125
0 0.228515625 0.1083984375 0.0126953125 0.013671875
0 0.162109375 0.26953125 0.0126953125 0.013671875
0 0.3525390625 0.158203125 0.0341796875 0.041015625
0 0.3525390625 0.216796875 0.013671875 0.017578125
0 0.39453125 0.005859375 0.0107421875 0.0107421875
0 0.3916015625 0.064453125 0.0361328125 0.0419921875
0 0.501953125 0.169921875 0.0283203125 0.0361328125
0 0.4482421875 0.189453125 0.0126953125 0.013671875
0 0.5966796875 0.1640625 0.0263671875 0.03125
0 0.6533203125 0.224609375 0.0234375 0.03125
0 0.5654296875 0.265625 0.0234375 0.0283203125
0 0.5478515625 0.2509765625 0.0185546875 0.021484375
0 0.732421875 0.064453125 0.0205078125 0.0234375
0 0.7451171875 0.3203125 0.025390625 0.029296875
0 0.712890625 0.365234375 0.0234375 0.0283203125
0 0.70703125 0.388671875 0.0234375 0.0263671875
0 0.7333984375 0.40234375 0.021484375 0.025390625
0 0.763671875 0.4189453125 0.03125 0.0361328125
0 0.759765625 0.4453125 0.0107421875 0.0126953125
0 0.814453125 0.673828125 0.0283203125 0.03125
0 0.8095703125 0.638671875 0.025390625 0.03125
0 0.69921875 0.560546875 0.0126953125 0.0126953125
0 0.6455078125 0.615234375 0.021484375 0.0263671875
0 0.560546875 0.599609375 0.0234375 0.0263671875
0 0.546875 0.6572265625 0.0263671875 0.03125
0 0.5927734375 0.7041015625 0.015625 0.0185546875
0 0.556640625 0.5126953125 0.0283203125 0.033203125
0 0.4794921875 0.5263671875 0.021484375 0.0234375
0 0.4453125 0.5234375 0.013671875 0.0185546875
0 0.541015625 0.568359375 0.0185546875 0.021484375
0 0.466796875 0.572265625 0.013671875 0.017578125
0 0.572265625 0.4599609375 0.0341796875 0.041015625
0 0.609375 0.53515625 0.017578125 0.0205078125
0 0.2587890625 0.7958984375 0.037109375 0.0439453125
0 0.140625 0.7802734375 0.046875 0.0546875
0 0.1376953125 0.7353515625 0.041015625 0.0439453125
0 0.06640625 0.7734375 0.0205078125 0.0234375
0 0.0517578125 0.791015625 0.0185546875 0.0205078125
0 0.01953125 0.63671875 0.025390625 0.029296875
0 0.0576171875 0.6650390625 0.021484375 0.0234375
0 0.0107421875 0.708984375 0.013671875 0.017578125
0 0.041015625 0.478515625 0.0234375 0.0263671875
0 0.0947265625 0.509765625 0.0234375 0.0283203125
0 0.1025390625 0.458984375 0.015625 0.0185546875
0 0.1904296875 0.455078125 0.0263671875 0.029296875
0 0.138671875 0.4326171875 0.0205078125 0.0234375
0 0.2197265625 0.4169921875 0.041015625 0.046875
0 0.2646484375 0.384765625 0.0205078125 0.0234375
0 0.2509765625 0.416015625 0.03125 0.0361328125
0 0.07421875 0.36328125 0.021484375 0.0234375
0 0.427734375 0.3427734375 0.021484375 0.0234375
0 0.423828125 0.3701171875 0.033203125 0.037109375
0 0.3447265625 0.5419921875 0.0283203125 0.03125
0 0.3154296875 0.6552734375 0.0205078125 0.0234375
0 0.166015625 0.810546875 0.0205078125 0.021484375
0 0.171875 0.6640625 0.0234375 0.0283203125
0 0.064453125 0.6181640625 0.0126953125 0.0126953125