0 0.0380859375 0.021484375 0.0205078125 0.0234375
0 0.0791015625 0.015625 0.0126953125 0.013671875
0 0.099609375 0.05859375 0.0205078125 0.0234375
0 0.166015625 0.0244140625 0.009765625 0.0126953125
0 0.123046875 0.10546875 0.013671875 0.017578125
0 0.201171875 0.103515625 0.0185546875 0.021484375
0 0.248046875 0.15234375 0.021484375 0.025390625
0 0.294921875 0.1806640625 0.0205078125 0.021484375
0 0.251953125 0.2001953125 0.015625 0.017578125
0 0.2314453125 0.224609375 0.0107421875 0.0107421875
0 0.283203125 0.234375 0.013671875 0.015625
0 0.029296875 0.2216796875 0.0576171875 0.076171875
0 0.10546875 0.24609375 0.025390625 0.029296875
0 0.166015625 0.23046875 0.013671875 0.017578125
0 0.19140625 0.2841796875 0.009765625 0.0107421875
0 0.24609375 0.2734375 0.0185546875 0.021484375
0 0.3134765625 0.2412109375 0.0126953125 0.013671875
0 0.349609375 0.1669921875 0.017578125 0.0205078125
0 0.36328125 0.146484375 0.015625 0.0185546875
0 0.38671875 0.009765625 0.0234375 0.01953125
0 0.541015625 0.044921875 0.0390625 0.044921875
0 0.576171875 0.126953125 0.03125 0.037109375
0 0.546875 0.1220703125 0.033203125 0.0390625
0 0.537109375 0.1435546875 0.021484375 0.0234375
0 0.5546875 0.205078125 0.0234375 0.0263671875
0 0.6142578125 0.23828125 0.0263671875 0.03125
0 0.673828125 0.005859375 0.0234375 0.01171875
0 0.728515625 0.08203125 0.0205078125 0.0234375
0 0.6875 0.080078125 0.021484375 0.0234375
0 0.78125 0.087890625 0.0263671875 0.03125
0 0.7763671875 0.1240234375 0.0078125 0.009765625
0 0.90234375 0.048828125 0.0576171875 0.0673828125
0 0.884765625 0.0166015625 0.0185546875 0.021484375
0 0.8525390625 0.0166015625 0.013671875 0.015625
0 0.9931640625 0.2353515625 0.013671875 0.021484375
0 0.955078125 0.2939453125 0.021484375 0.0234375
0 0.9326171875 0.306640625 0.0263671875 0.03125
0 0.8564453125 0.25390625 0.029296875 0.033203125
0 0.779296875 0.1982421875 0.0419921875 0.048828125
0 0.787109375 0.177734375 0.013671875 0.017578125
0 0.68359375 0.255859375 0.021484375 0.025390625
0 0.794921875 0.2978515625 0.015625 0.0185546875
0 0.9541015625 0.345703125 0.0126953125 0.013671875
0 0.9892578125 0.490234375 0.021484375 0.0263671875
0 0.9462890625 0.478515625 0.009765625 0.0107421875
0 0.93359375 0.6298828125 0.0283203125 0.03125
0 0.9267578125 0.685546875 0.03125 0.0361328125
0 0.748046875 0.841796875 0.009765625 0.0107421875
0 0.734375 0.89453125 0.0126953125 0.013671875
0 0.728515625 0.9287109375 0.017578125 0.0205078125
0 0.626953125 0.943359375 0.0126953125 0.017578125
0 0.6728515625 0.986328125 0.0126953125 0.0126953125
0 0.8251953125 0.818359375 0.017578125 0.0205078125
0 0.6923828125 0.736328125 0.015625 0.0185546875
0 0.55859375 0.7509765625 0.0283203125 0.033203125
0 0.517578125 0.779296875 0.0126953125 0.017578125
0 0.509765625 0.912109375 0.025390625 0.0283203125
0 0.494140625 0.96484375 0.021484375 0.0263671875
0 0.533203125 0.9775390625 0.013671875 0.017578125
0 0.3271484375 0.89453125 0.0283203125 0.033203125
0 0.4033203125 0.908203125 0.029296875 0.0361328125
0 0.40234375 0.955078125 0.0283203125 0.033203125
0 0.435546875 0.94140625 0.017578125 0.0205078125
0 0.2470703125 0.9501953125 0.017578125 0.0205078125
0 0.30859375 0.837890625 0.017578125 0.0205078125
0 0.373046875 0.7548828125 0.0205078125 0.0234375
0 0.3896484375 0.728515625 0.013671875 0.017578125
0 0.33203125 0.7265625 0.03125 0.0361328125
0 0.298828125 0.6943359375 0.013671875 0.015625
0 0.314453125 0.591796875 0.013671875 0.017578125
0 0.189453125 0.6953125 0.0185546875 0.021484375
0 0.1328125 0.685546875 0.021484375 0.025390625
0 0.099609375 0.7666015625 0.0205078125 0.0234375
0 0.0517578125 0.7470703125 0.025390625 0.0283203125
0 0.0185546875 0.744140625 0.0205078125 0.0234375
0 0.072265625 0.8388671875 0.0185546875 0.0205078125
0 0.046875 0.974609375 0.017578125 0.0205078125
0 0.3798828125 0.53125 0.0546875 0.0625
0 0.373046875 0.5087890625 0.025390625 0.029296875
0 0.4326171875 0.4638671875 0.013671875 0.015625
0 0.490234375 0.5107421875 0.0263671875 0.03125
0 0.5791015625 0.591796875 0.021484375 0.0263671875
0 0.658203125 0.51171875 0.0185546875 0.021484375
0 0.6162109375 0.490234375 0.0205078125 0.0263671875
0 0.607421875 0.482421875 0.0234375 0.0283203125
0 0.771484375 0.5576171875 0.025390625 0.0283203125
0 0.591796875 0.4169921875 0.0263671875 0.03125
0 0.6845703125 0.400390625 0.015625 0.017578125
0 0.513671875 0.404296875 0.013671875 0.017578125
0 0.486328125 0.30859375 0.03125 0.0361328125
0 0.4287109375 0.275390625 0.0341796875 0.041015625
0 0.291015625 0.4755859375 0.0205078125 0.0234375
0 0.21875 0.4150390625 0.0126953125 0.013671875
0 0.181640625 0.439453125 0.021484375 0.0263671875
0 0.021484375 0.4072265625 0.0234375 0.0283203125
0 0.0517578125 0.4375 0.0283203125 0.033203125
0 0.0654296875 0.4248046875 0.025390625 0.029296875
0 0.1298828125 0.333984375 0.0126953125 0.013671875
0 0.5517578125 0.529296875 0.03125 0.0361328125
0 0.7236328125 0.5400390625 0.0234375 0.0283203125