0 0.361328125 0.212890625 0.0283203125 0.033203125
0 0.447265625 0.205078125 0.015625 0.0185546875
0 0.5185546875 0.326171875 0.0517578125 0.060546875
0 0.5556640625 0.142578125 0.0234375 0.0283203125
0 0.685546875 0.095703125 0.0185546875 0.021484375
0 0.4267578125 0.126953125 0.029296875 0.033203125
0 0.404296875 0.15625 0.015625 0.0185546875
0 0.25390625 0.046875 0.0185546875 0.021484375
0 0.2568359375 0.009765625 0.0234375 0.0185546875
0 0.076171875 0.0263671875 0.015625 0.0185546875
0 0.333984375 0.521484375 0.0185546875 0.021484375
0 0.439453125 0.529296875 0.0205078125 0.0234375
0 0.490234375 0.4833984375 0.013671875 0.017578125
0 0.314453125 0.6279296875 0.015625 0.0185546875
0 0.27734375 0.62109375 0.0185546875 0.021484375
0 0.197265625 0.67578125 0.0185546875 0.021484375
0 0.0859375 0.6923828125 0.0341796875 0.041015625
0 0.0654296875 0.7490234375 0.029296875 0.0341796875
0 0.248046875 0.80859375 0.0234375 0.0283203125
0 0.4345703125 0.736328125 0.0234375 0.0283203125
0 0.5673828125 0.728515625 0.037109375 0.0439453125
0 0.48828125 0.7724609375 0.013671875 0.017578125
0 0.4111328125 0.6484375 0.017578125 0.0205078125
0 0.38671875 0.8447265625 0.017578125 0.0205078125
0 0.4326171875 0.828125 0.0107421875 0.0126953125
0 0.1201171875 0.857421875 0.0205078125 0.0234375
0 0.1572265625 0.8349609375 0.005859375 0.009765625
0 0.205078125 0.990234375 0.0205078125 0.0185546875
0 0.068359375 0.158203125 0.0185546875 0.021484375
0 0.0234375 0.1474609375 0.0234375 0.0283203125
0 0.0693359375 0.251953125 0.0263671875 0.03125
0 0.298828125 0.2158203125 0.025390625 0.03125
0 0.6015625 0.119140625 0.0341796875 0.041015625
0 0.298828125 0.31640625 0.0185546875 0.021484375
0 0.060546875 0.388671875 0.013671875 0.015625
0 0.0390625 0.4150390625 0.009765625 0.0107421875
0 0.0078125 0.40234375 0.009765625 0.0107421875
0 0.4482421875 0.044921875 0.029296875 0.0341796875
0 0.6884765625 0.390625 0.078125 0.091796875
0 0.732421875 0.423828125 0.0263671875 0.03125
0 0.900390625 0.45703125 0.021484375 0.0263671875
0 0.669921875 0.599609375 0.017578125 0.0205078125
0 0.7626953125 0.65234375 0.0234375 0.0283203125
0 0.705078125 0.740234375 0.013671875 0.017578125
0 0.6357421875 0.775390625 0.017578125 0.0205078125
0 0.8828125 0.7177734375 0.015625 0.0185546875
0 0.955078125 0.88671875 0.052734375 0.0625
0 0.806640625 0.8623046875 0.015625 0.0185546875
0 0.986328125 0.9296875 0.017578125 0.0205078125
0 0.599609375 0.697265625 0.021484375 0.0263671875
0 0.9296875 0.9697265625 0.0263671875 0.03125
0 0.958984375 0.310546875 0.0205078125 0.0234375
0 0.9765625 0.2900390625 0.0126953125 0.013671875
0 0.9169921875 0.2587890625 0.015625 0.0185546875
0 0.89453125 0.197265625 0.0263671875 0.03125
0 0.4541015625 0.142578125 0.03125 0.0361328125
0 0.5810546875 0.509765625 0.0283203125 0.033203125
0 0.931640625 0.498046875 0.0419921875 0.0498046875
0 0.791015625 0.2158203125 0.025390625 0.029296875
0 0.9482421875 0.0986328125 0.0283203125 0.033203125
0 0.0927734375 0.556640625 0.041015625 0.048828125
0 0.75 0.8125 0.0126953125 0.013671875
0 0.3505859375 0.783203125 0.015625 0.0185546875
0 0.291015625 0.2333984375 0.0126953125 0.013671875
0 0.689453125 0.6923828125 0.0126953125 0.0126953125
0 0.5556640625 0.8544921875 0.0107421875 0.0126953125
0 0.6103515625 0.986328125 0.0234375 0.0263671875
0 0.990234375 0.4111328125 0.0185546875 0.03125
0 0.984375 0.3408203125 0.009765625 0.0107421875
0 0.3076171875 0.1923828125 0.0283203125 0.033203125
0 0.279296875 0.1279296875 0.015625 0.0185546875
0 0.2490234375 0.232421875 0.0234375 0.033203125
0 0.0986328125 0.265625 0.0283203125 0.033203125
0 0.060546875 0.2744140625 0.025390625 0.029296875
0 0.0908203125 0.314453125 0.0107421875 0.0126953125
0 0.0419921875 0.3505859375 0.0234375 0.0263671875
0 0.42578125 0.19140625 0.013671875 0.0126953125
0 0.5703125 0.185546875 0.0439453125 0.048828125
0 0.5732421875 0.283203125 0.0888671875 0.103515625
0 0.3623046875 0.3232421875 0.0341796875 0.0439453125
0 0.2880859375 0.458984375 0.0185546875 0.0205078125
0 0.072265625 0.4287109375 0.013671875 0.017578125
0 0.0224609375 0.4404296875 0.013671875 0.015625
0 0.060546875 0.498046875 0.021484375 0.0283203125
0 0.0302734375 0.5625 0.013671875 0.013671875
0 0.1865234375 0.130859375 0.1640625 0.1767578125
0 0.5947265625 0.390625 0.080078125 0.099609375
0 0.6875 0.3046875 0.021484375 0.0234375
0 0.4140625 0.4755859375 0.044921875 0.0517578125
0 0.3046875 0.53125 0.017578125 0.021484375
0 0.271484375 0.537109375 0.0185546875 0.021484375
0 0.380859375 0.5869140625 0.025390625 0.03125
0 0.4677734375 0.611328125 0.033203125 0.0390625
0 0.5283203125 0.515625 0.0517578125 0.0654296875
0 0.130859375 0.74609375 0.025390625 0.0263671875
0 0.1806640625 0.7734375 0.025390625 0.029296875
0 0.080078125 0.89453125 0.0205078125 0.021484375
0 0.330078125 0.95703125 0.0361328125 0.041015625
0 0.330078125 0.783203125 0.0185546875 0.0205078125
0 0.2099609375 0.783203125 0.0107421875 0.0107421875
0 0.513671875 0.73046875 0.0185546875 0.021484375
0 0.505859375 0.904296875 0.046875 0.0517578125
0 0.447265625 0.912109375 0.021484375 0.0263671875
0 0.677734375 0.9072265625 0.0361328125 0.0419921875
0 0.7529296875 0.9638671875 0.021484375 0.029296875
0 0.6494140625 0.806640625 0.015625 0.0185546875
0 0.681640625 0.7802734375 0.0107421875 0.0126953125
0 0.576171875 0.8203125 0.0283203125 0.033203125
0 0.595703125 0.6044921875 0.0263671875 0.0283203125
0 0.677734375 0.5517578125 0.0283203125 0.03125
0 0.400390625 0.7001953125 0.009765625 0.0126953125
0 0.47265625 0.1357421875 0.015625 0.017578125
0 0.638671875 0.3076171875 0.0205078125 0.021484375
0 0.841796875 0.162109375 0.078125 0.0888671875
0 0.8916015625 0.0458984375 0.025390625 0.0283203125
0 0.9609375 0.05859375 0.0185546875 0.0234375
0 0.978515625 0.2412109375 0.025390625 0.0263671875
0 0.822265625 0.29296875 0.013671875 0.015625
0 0.79296875 0.3447265625 0.013671875 0.017578125
0 0.828125 0.7080078125 0.033203125 0.0361328125
0 0.955078125 0.154296875 0.0126953125 0.015625
0 0.8212890625 0.8916015625 0.017578125 0.021484375
0 0.853515625 0.755859375 0.0283203125 0.033203125
0 0.8330078125 0.58984375 0.013671875 0.015625
0 0.884765625 0.5810546875 0.0283203125 0.03125
0 0.966796875 0.482421875 0.021484375 0.021484375
0 0.986328125 0.4609375 0.0263671875 0.0341796875
0 0.6962890625 0.4150390625 0.021484375 0.0234375
0 0.603515625 0.53125 0.0107421875 0.0126953125
0 0.490234375 0.6572265625 0.0107421875 0.0126953125
0 0.4521484375 0.689453125 0.0205078125 0.0205078125
0 0.3193359375 0.4033203125 0.2451171875 0.2392578125