0 0.400390625 0.2724609375 0.166015625 0.2060546875
0 0.1865234375 0.55078125 0.1376953125 0.1669921875
0 0.7216796875 0.1982421875 0.1328125 0.193359375
0 0.408203125 0.447265625 0.181640625 0.2216796875
0 0.576171875 0.302734375 0.2294921875 0.28125
0 0.544921875 0.50390625 0.1611328125 0.203125
0 0.5439453125 0.453125 0.0751953125 0.0908203125
0 0.8193359375 0.1005859375 0.1982421875 0.201171875
0 0.9375 0.09765625 0.0625 0.1953125
0 0.904296875 0.2197265625 0.1591796875 0.2294921875
0 0.798828125 0.3173828125 0.1611328125 0.2138671875
0 0.83984375 0.2451171875 0.083984375 0.125
0 0.919921875 0.404296875 0.146484375 0.1982421875
0 0.876953125 0.642578125 0.150390625 0.203125
0 0.8193359375 0.50390625 0.1484375 0.2109375
0 0.677734375 0.439453125 0.205078125 0.25
0 0.974609375 0.658203125 0.0498046875 0.2734375
0 0.9404296875 0.8330078125 0.119140625 0.203125
0 0.7998046875 0.8291015625 0.2080078125 0.2734375
0 0.830078125 0.8759765625 0.087890625 0.1357421875
0 0.669921875 0.623046875 0.232421875 0.2841796875
0 0.5595703125 0.6826171875 0.189453125 0.2373046875
0 0.6005859375 0.6513671875 0.0908203125 0.1484375
0 0.599609375 0.650390625 0.0810546875 0.1513671875
0 0.66796875 0.55078125 0.1123046875 0.109375
0 0.4423828125 0.6591796875 0.2578125 0.318359375
0 0.513671875 0.658203125 0.0986328125 0.1513671875
0 0.5517578125 0.830078125 0.2265625 0.2841796875
0 0.5595703125 0.7470703125 0.0966796875 0.0908203125
0 0.5546875 0.845703125 0.119140625 0.140625
0 0.634765625 0.94921875 0.140625 0.0859375
0 0.3125 0.587890625 0.15625 0.2060546875
0 0.3740234375 0.861328125 0.189453125 0.25
0 0.234375 0.7294921875 0.189453125 0.2294921875
0 0.09765625 0.7822265625 0.134765625 0.171875
0 0.169921875 0.880859375 0.140625 0.1669921875
0 0.0693359375 0.947265625 0.0595703125 0.1044921875
0 0.0361328125 0.6826171875 0.056640625 0.1640625
0 0.4228515625 0.9580078125 0.189453125 0.083984375
0 0.236328125 0.93359375 0.205078125 0.1328125
0 0.9482421875 0.4765625 0.103515625 0.1669921875