0 0.04296875 0.126953125 0.033203125 0.037109375
0 0.10546875 0.1357421875 0.0283203125 0.033203125
0 0.189453125 0.126953125 0.0234375 0.0283203125
0 0.251953125 0.046875 0.0205078125 0.0234375
0 0.0166015625 0.283203125 0.033203125 0.0654296875
0 0.009765625 0.263671875 0.01953125 0.0234375
0 0.1591796875 0.2412109375 0.0205078125 0.0234375
0 0.134765625 0.1982421875 0.015625 0.0185546875
0 0.216796875 0.1904296875 0.009765625 0.0126953125
0 0.2900390625 0.19140625 0.0107421875 0.0126953125
0 0.439453125 0.236328125 0.017578125 0.021484375
0 0.4931640625 0.279296875 0.025390625 0.029296875
0 0.537109375 0.28125 0.03125 0.0361328125
0 0.466796875 0.2998046875 0.015625 0.0185546875
0 0.474609375 0.3115234375 0.015625 0.0185546875
0 0.6005859375 0.294921875 0.0107421875 0.0126953125
0 0.583984375 0.205078125 0.033203125 0.0390625
0 0.55078125 0.220703125 0.017578125 0.021484375
0 0.66796875 0.248046875 0.044921875 0.0517578125
0 0.6533203125 0.2265625 0.0205078125 0.0234375
0 0.7255859375 0.2099609375 0.0234375 0.0263671875
0 0.8193359375 0.19921875 0.009765625 0.0107421875
0 0.7734375 0.29296875 0.013671875 0.015625
0 0.7392578125 0.240234375 0.0234375 0.0263671875
0 0.79296875 0.232421875 0.033203125 0.0361328125
0 0.7890625 0.271484375 0.0263671875 0.03125
0 0.61328125 0.458984375 0.201171875 0.228515625
0 0.8173828125 0.4482421875 0.0205078125 0.0234375
0 0.865234375 0.4443359375 0.015625 0.0205078125
0 0.9365234375 0.462890625 0.015625 0.0185546875
0 0.892578125 0.349609375 0.0185546875 0.021484375
0 0.94921875 0.2763671875 0.0107421875 0.0126953125
0 0.8935546875 0.1572265625 0.013671875 0.017578125
0 0.9853515625 0.08203125 0.0263671875 0.03125
0 0.8017578125 0.0419921875 0.0341796875 0.041015625
0 0.8037109375 0.07421875 0.0205078125 0.021484375
0 0.8056640625 0.115234375 0.041015625 0.044921875
0 0.732421875 0.115234375 0.0126953125 0.013671875
0 0.6591796875 0.0087890625 0.0205078125 0.017578125
0 0.5859375 0.087890625 0.025390625 0.029296875
0 0.568359375 0.013671875 0.02734375 0.02734375
0 0.46875 0.142578125 0.0234375 0.0283203125
0 0.205078125 0.361328125 0.2001953125 0.2158203125
0 0.34375 0.369140625 0.025390625 0.0283203125
0 0.38671875 0.466796875 0.017578125 0.0185546875
0 0.271484375 0.4951171875 0.017578125 0.0185546875
0 0.193359375 0.4853515625 0.0234375 0.0283203125
0 0.1572265625 0.537109375 0.0205078125 0.0234375
0 0.1201171875 0.4619140625 0.0185546875 0.021484375
0 0.017578125 0.3857421875 0.0263671875 0.03125
0 0.0419921875 0.501953125 0.0185546875 0.021484375
0 0.021484375 0.4833984375 0.013671875 0.0185546875
0 0.1171875 0.681640625 0.197265625 0.2080078125
0 0.115234375 0.701171875 0.0205078125 0.021484375
0 0.0322265625 0.7841796875 0.0361328125 0.0390625
0 0.1611328125 0.8388671875 0.021484375 0.0234375
0 0.1748046875 0.9365234375 0.0107421875 0.013671875
0 0.208984375 0.9716796875 0.0185546875 0.021484375
0 0.275390625 0.7646484375 0.025390625 0.03125
0 0.2431640625 0.693359375 0.0185546875 0.021484375
0 0.26171875 0.6748046875 0.017578125 0.0205078125
0 0.3291015625 0.642578125 0.03125 0.0361328125
0 0.294921875 0.6328125 0.0126953125 0.013671875
0 0.279296875 0.5810546875 0.013671875 0.0185546875
0 0.384765625 0.607421875 0.03125 0.033203125
0 0.5419921875 0.61328125 0.0205078125 0.0234375
0 0.505859375 0.5927734375 0.013671875 0.017578125
0 0.6376953125 0.6455078125 0.015625 0.0185546875
0 0.5 0.7548828125 0.0234375 0.0283203125
0 0.4833984375 0.8623046875 0.0107421875 0.0126953125
0 0.591796875 0.939453125 0.013671875 0.0185546875
0 0.6123046875 0.916015625 0.009765625 0.0107421875
0 0.98828125 0.9287109375 0.017578125 0.0205078125
0 0.8916015625 0.7734375 0.013671875 0.015625
0 0.96484375 0.69921875 0.013671875 0.017578125
0 0.9892578125 0.66796875 0.021484375 0.03125
0 0.7734375 0.775390625 0.013671875 0.017578125
0 0.71875 0.755859375 0.1640625 0.181640625
0 0.7587890625 0.591796875 0.029296875 0.0361328125
0 0.818359375 0.5947265625 0.03125 0.0361328125
0 0.986328125 0.5302734375 0.0263671875 0.029296875
0 0.75 0.89453125 0.0234375 0.0263671875
0 0.8876953125 0.9716796875 0.107421875 0.056640625