0 0.1572265625 0.0390625 0.017578125 0.0205078125
0 0.091796875 0.197265625 0.1826171875 0.287109375
0 0.0166015625 0.291015625 0.0234375 0.0283203125
0 0.0947265625 0.3359375 0.0185546875 0.021484375
0 0.162109375 0.38671875 0.015625 0.0185546875
0 0.1962890625 0.3583984375 0.0234375 0.0283203125
0 0.251953125 0.3125 0.0234375 0.0283203125
0 0.08984375 0.408203125 0.0234375 0.0283203125
0 0.216796875 0.44921875 0.0078125 0.0107421875
0 0.05859375 0.4765625 0.0107421875 0.0126953125
0 0.0849609375 0.5732421875 0.0107421875 0.0126953125
0 0.1787109375 0.728515625 0.2109375 0.2548828125
0 0.173828125 0.7666015625 0.025390625 0.0283203125
0 0.154296875 0.880859375 0.0390625 0.044921875
0 0.384765625 0.7626953125 0.025390625 0.03125
0 0.451171875 0.8310546875 0.0283203125 0.033203125
0 0.5146484375 0.8134765625 0.0439453125 0.0517578125
0 0.494140625 0.775390625 0.0283203125 0.0341796875
0 0.634765625 0.732421875 0.0126953125 0.015625
0 0.619140625 0.759765625 0.015625 0.0185546875
0 0.5400390625 0.927734375 0.0107421875 0.0126953125
0 0.9873046875 0.927734375 0.015625 0.0185546875
0 0.921875 0.978515625 0.033203125 0.0361328125
0 0.943359375 0.8095703125 0.09375 0.1064453125
0 0.833984375 0.8359375 0.1689453125 0.1748046875
0 0.728515625 0.869140625 0.015625 0.0185546875
0 0.7646484375 0.73828125 0.013671875 0.017578125
0 0.802734375 0.6328125 0.048828125 0.0576171875
0 0.8369140625 0.673828125 0.0185546875 0.025390625
0 0.919921875 0.6748046875 0.1591796875 0.197265625
0 0.77734375 0.5810546875 0.0234375 0.0283203125
0 0.93359375 0.517578125 0.013671875 0.013671875
0 0.814453125 0.51171875 0.013671875 0.017578125
0 0.666015625 0.544921875 0.0234375 0.0283203125
0 0.6650390625 0.5068359375 0.0078125 0.009765625
0 0.5849609375 0.6474609375 0.015625 0.0185546875
0 0.4833984375 0.638671875 0.072265625 0.0830078125
0 0.5576171875 0.5380859375 0.1923828125 0.2060546875
0 0.4345703125 0.4931640625 0.0234375 0.0283203125
0 0.4140625 0.4951171875 0.0107421875 0.0126953125
0 0.373046875 0.376953125 0.0185546875 0.021484375
0 0.4404296875 0.349609375 0.0107421875 0.0126953125
0 0.494140625 0.400390625 0.013671875 0.017578125
0 0.8212890625 0.4267578125 0.03125 0.037109375
0 0.779296875 0.38671875 0.017578125 0.0205078125
0 0.7568359375 0.3046875 0.0107421875 0.0126953125
0 0.7958984375 0.3251953125 0.0185546875 0.021484375
0 0.90625 0.2958984375 0.025390625 0.029296875
0 0.9892578125 0.275390625 0.017578125 0.021484375
0 0.9892578125 0.326171875 0.0205078125 0.021484375
0 0.947265625 0.15234375 0.017578125 0.021484375
0 0.869140625 0.03125 0.0517578125 0.060546875
0 0.6767578125 0.0673828125 0.046875 0.0546875
0 0.794921875 0.068359375 0.208984375 0.1357421875
0 0.5986328125 0.1240234375 0.0205078125 0.0263671875
0 0.5654296875 0.1396484375 0.013671875 0.017578125
0 0.7216796875 0.234375 0.013671875 0.017578125
0 0.69140625 0.197265625 0.0205078125 0.021484375
0 0.5791015625 0.2802734375 0.033203125 0.037109375
0 0.544921875 0.22265625 0.078125 0.0888671875
0 0.505859375 0.216796875 0.017578125 0.0205078125
0 0.513671875 0.1787109375 0.0205078125 0.025390625
0 0.494140625 0.1787109375 0.025390625 0.029296875
0 0.427734375 0.224609375 0.0205078125 0.025390625
0 0.4111328125 0.189453125 0.025390625 0.0283203125
0 0.470703125 0.251953125 0.1748046875 0.185546875
0 0.2646484375 0.205078125 0.013671875 0.017578125
0 0.31640625 0.232421875 0.0185546875 0.021484375
0 0.3203125 0.265625 0.025390625 0.0283203125
0 0.4609375 0.03515625 0.0205078125 0.0234375
0 0.513671875 0.14453125 0.013671875 0.017578125