0 0.205078125 0.2568359375 0.09375 0.109375
0 0.3466796875 0.2978515625 0.1171875 0.134765625
0 0.6171875 0.2431640625 0.125 0.1455078125
0 0.763671875 0.2744140625 0.0498046875 0.056640625
0 0.6298828125 0.509765625 0.0654296875 0.076171875
0 0.8984375 0.591796875 0.0498046875 0.052734375
0 0.236328125 0.76171875 0.060546875 0.0703125
0 0.4970703125 0.900390625 0.033203125 0.037109375
0 0.701171875 0.9150390625 0.0341796875 0.0361328125
0 0.5888671875 0.6611328125 0.0390625 0.0439453125
0 0.5771484375 0.625 0.029296875 0.0341796875
0 0.751953125 0.7177734375 0.048828125 0.056640625
0 0.4140625 0.451171875 0.0361328125 0.0419921875
0 0.3623046875 0.7685546875 0.0361328125 0.044921875
0 0.490234375 0.720703125 0.1298828125 0.1455078125
0 0.537109375 0.09765625 0.0810546875 0.0966796875
0 0.3759765625 0.1357421875 0.0234375 0.029296875
0 0.830078125 0.294921875 0.0263671875 0.03125
0 0.9609375 0.3935546875 0.041015625 0.052734375
0 0.369140625 0.5322265625 0.0283203125 0.03125
0 0.0126953125 0.08203125 0.013671875 0.017578125
0 0.1259765625 0.142578125 0.025390625 0.029296875
0 0.0595703125 0.1318359375 0.0107421875 0.0126953125
0 0.1259765625 0.0966796875 0.0126953125 0.015625
0 0.1396484375 0.0390625 0.0107421875 0.0126953125
0 0.169921875 0.1748046875 0.017578125 0.0205078125
0 0.26171875 0.115234375 0.013671875 0.017578125
0 0.34375 0.056640625 0.19140625 0.11328125
0 0.455078125 0.1455078125 0.0185546875 0.0205078125
0 0.4775390625 0.1845703125 0.013671875 0.017578125
0 0.486328125 0.12109375 0.025390625 0.029296875
0 0.5927734375 0.109375 0.013671875 0.0185546875
0 0.8271484375 0.0439453125 0.052734375 0.0625
0 0.8720703125 0.0751953125 0.0283203125 0.03125
0 0.9609375 0.1767578125 0.0283203125 0.029296875
0 0.859375 0.1162109375 0.2685546875 0.232421875
0 0.927734375 0.287109375 0.0185546875 0.021484375
0 0.904296875 0.263671875 0.025390625 0.029296875
0 0.8955078125 0.283203125 0.029296875 0.033203125
0 0.8232421875 0.4326171875 0.013671875 0.017578125
0 0.744140625 0.4697265625 0.0185546875 0.0205078125
0 0.724609375 0.3173828125 0.021484375 0.0263671875
0 0.962890625 0.56640625 0.0732421875 0.099609375
0 0.666015625 0.556640625 0.0234375 0.0263671875
0 0.580078125 0.572265625 0.0185546875 0.021484375
0 0.75 0.681640625 0.03125 0.0341796875
0 0.7568359375 0.787109375 0.0263671875 0.03125
0 0.833984375 0.7421875 0.013671875 0.017578125
0 0.9013671875 0.7451171875 0.013671875 0.015625
0 0.98828125 0.80078125 0.0234375 0.0283203125
0 0.8935546875 0.888671875 0.0205078125 0.021484375
0 0.9306640625 0.9287109375 0.0205078125 0.0234375
0 0.806640625 0.9404296875 0.0126953125 0.013671875
0 0.775390625 0.990234375 0.0205078125 0.0185546875
0 0.7060546875 0.845703125 0.015625 0.0205078125
0 0.5732421875 0.9853515625 0.025390625 0.029296875
0 0.6240234375 0.91796875 0.017578125 0.021484375
0 0.3994140625 0.939453125 0.017578125 0.021484375
0 0.431640625 0.9677734375 0.013671875 0.0185546875
0 0.3662109375 0.9736328125 0.0126953125 0.013671875
0 0.390625 0.9912109375 0.0185546875 0.017578125
0 0.2880859375 0.8935546875 0.0126953125 0.013671875
0 0.166015625 0.9169921875 0.0078125 0.009765625
0 0.1123046875 0.892578125 0.009765625 0.0107421875
0 0.0576171875 0.880859375 0.0205078125 0.0234375
0 0.029296875 0.837890625 0.0205078125 0.021484375
0 0.5224609375 0.7744140625 0.025390625 0.029296875
0 0.5927734375 0.796875 0.0107421875 0.0126953125
0 0.4423828125 0.6357421875 0.009765625 0.0107421875
0 0.365234375 0.6943359375 0.015625 0.0185546875
0 0.240234375 0.6796875 0.0576171875 0.0673828125
0 0.2265625 0.69140625 0.037109375 0.046875
0 0.0673828125 0.6806640625 0.0341796875 0.037109375
0 0.0703125 0.4609375 0.0205078125 0.021484375
0 0.0341796875 0.5673828125 0.0205078125 0.0234375
0 0.009765625 0.587890625 0.015625 0.0205078125
0 0.228515625 0.5673828125 0.033203125 0.037109375
0 0.158203125 0.5654296875 0.021484375 0.0234375
0 0.423828125 0.3681640625 0.021484375 0.0234375
0 0.5029296875 0.439453125 0.0283203125 0.029296875
0 0.5048828125 0.408203125 0.029296875 0.03125
0 0.6025390625 0.431640625 0.015625 0.021484375
0 0.564453125 0.412109375 0.232421875 0.224609375
0 0.26171875 0.318359375 0.013671875 0.013671875
0 0.2314453125 0.39453125 0.017578125 0.0185546875
0 0.19140625 0.388671875 0.025390625 0.0283203125
0 0.80078125 0.6240234375 0.0107421875 0.0126953125