0 0.4013671875 0.193359375 0.025390625 0.029296875
0 0.318359375 0.201171875 0.0810546875 0.095703125
0 0.263671875 0.341796875 0.015625 0.021484375
0 0.201171875 0.4091796875 0.0185546875 0.021484375
0 0.634765625 0.322265625 0.0439453125 0.0517578125
0 0.71484375 0.330078125 0.0205078125 0.0234375
0 0.7578125 0.2119140625 0.03125 0.033203125
0 0.42578125 0.21484375 0.0205078125 0.0234375
0 0.458984375 0.263671875 0.0283203125 0.033203125
0 0.55078125 0.328125 0.03125 0.037109375
0 0.58203125 0.412109375 0.015625 0.0205078125
0 0.341796875 0.482421875 0.015625 0.021484375
0 0.4384765625 0.505859375 0.017578125 0.0205078125
0 0.234375 0.107421875 0.015625 0.0185546875
0 0.0791015625 0.548828125 0.017578125 0.0205078125
0 0.1865234375 0.54296875 0.025390625 0.029296875
0 0.345703125 0.541015625 0.037109375 0.046875
0 0.154296875 0.6875 0.017578125 0.0205078125
0 0.1689453125 0.6787109375 0.013671875 0.015625
0 0.2109375 0.7001953125 0.013671875 0.0185546875
0 0.4580078125 0.845703125 0.033203125 0.037109375
0 0.580078125 0.8515625 0.0439453125 0.0517578125
0 0.671875 0.8876953125 0.0341796875 0.041015625
0 0.689453125 0.765625 0.0185546875 0.021484375
0 0.4287109375 0.6669921875 0.041015625 0.044921875
0 0.1083984375 0.8154296875 0.029296875 0.0361328125
0 0.8720703125 0.720703125 0.03125 0.0361328125
0 0.7158203125 0.7548828125 0.0341796875 0.0390625
0 0.9287109375 0.6455078125 0.0185546875 0.0205078125
0 0.806640625 0.619140625 0.0126953125 0.0185546875
0 0.6328125 0.654296875 0.146484375 0.166015625
0 0.86328125 0.3056640625 0.1923828125 0.2158203125
0 0.4052734375 0.30078125 0.03125 0.0361328125
0 0.064453125 0.0185546875 0.013671875 0.0185546875
0 0.013671875 0.193359375 0.021484375 0.025390625
0 0.0556640625 0.2685546875 0.0205078125 0.0234375
0 0.21484375 0.1796875 0.025390625 0.029296875
0 0.357421875 0.15234375 0.015625 0.017578125
0 0.4033203125 0.1474609375 0.0126953125 0.013671875
0 0.341796875 0.32421875 0.0234375 0.029296875
0 0.224609375 0.419921875 0.037109375 0.0439453125
0 0.10546875 0.494140625 0.013671875 0.017578125
0 0.35546875 0.4619140625 0.029296875 0.033203125
0 0.3037109375 0.5029296875 0.0185546875 0.021484375
0 0.291015625 0.5732421875 0.0205078125 0.0205078125
0 0.412109375 0.619140625 0.03125 0.0361328125
0 0.0712890625 0.75 0.025390625 0.0283203125
0 0.09765625 0.728515625 0.033203125 0.0361328125
0 0.111328125 0.7109375 0.0205078125 0.0234375
0 0.1513671875 0.865234375 0.0126953125 0.0126953125
0 0.232421875 0.77734375 0.0234375 0.0263671875
0 0.447265625 0.8759765625 0.013671875 0.017578125
0 0.564453125 0.8720703125 0.1904296875 0.2080078125
0 0.6396484375 0.935546875 0.0126953125 0.013671875
0 0.6015625 0.9853515625 0.03125 0.029296875
0 0.69140625 0.9541015625 0.017578125 0.0185546875
0 0.8896484375 0.9375 0.015625 0.0185546875
0 0.7822265625 0.9931640625 0.017578125 0.013671875
0 0.9873046875 0.9287109375 0.013671875 0.0185546875
0 0.8837890625 0.853515625 0.021484375 0.0234375
0 0.8564453125 0.7421875 0.013671875 0.017578125
0 0.69921875 0.7431640625 0.0205078125 0.021484375
0 0.990234375 0.5517578125 0.009765625 0.0107421875
0 0.9208984375 0.58203125 0.0126953125 0.013671875
0 0.71875 0.587890625 0.0234375 0.0283203125
0 0.7353515625 0.5986328125 0.0126953125 0.0126953125
0 0.6298828125 0.5263671875 0.0107421875 0.0126953125
0 0.517578125 0.568359375 0.1923828125 0.2158203125
0 0.5986328125 0.3486328125 0.0283203125 0.033203125
0 0.65234375 0.2705078125 0.091796875 0.1015625
0 0.8271484375 0.2021484375 0.0751953125 0.0859375
0 0.9638671875 0.205078125 0.013671875 0.017578125
0 0.9833984375 0.3681640625 0.0234375 0.0283203125
0 0.7802734375 0.470703125 0.177734375 0.1953125
0 0.708984375 0.5224609375 0.0185546875 0.021484375
0 0.8427734375 0.53125 0.033203125 0.0419921875
0 0.482421875 0.06640625 0.1455078125 0.1328125
0 0.146484375 0.357421875 0.017578125 0.0205078125
0 0.232421875 0.3896484375 0.0185546875 0.0205078125
0 0.9345703125 0.953125 0.0185546875 0.021484375