0 0.376953125 0.2177734375 0.0126953125 0.013671875
0 0.486328125 0.1787109375 0.013671875 0.017578125
0 0.5537109375 0.1953125 0.0126953125 0.013671875
0 0.6904296875 0.142578125 0.013671875 0.017578125
0 0.169921875 0.3505859375 0.025390625 0.03125
0 0.04296875 0.216796875 0.015625 0.0185546875
0 0.09375 0.486328125 0.0126953125 0.013671875
0 0.125 0.8759765625 0.015625 0.0185546875
0 0.1015625 0.9736328125 0.033203125 0.0390625
0 0.2744140625 0.904296875 0.017578125 0.0205078125
0 0.1044921875 0.8544921875 0.013671875 0.017578125
0 0.6005859375 0.791015625 0.017578125 0.0205078125
0 0.5830078125 0.814453125 0.0078125 0.0107421875
0 0.548828125 0.8212890625 0.009765625 0.0107421875
0 0.546875 0.962890625 0.013671875 0.017578125
0 0.3876953125 0.7705078125 0.013671875 0.017578125
0 0.2607421875 0.427734375 0.021484375 0.0263671875
0 0.361328125 0.322265625 0.015625 0.0185546875
0 0.7919921875 0.1064453125 0.037109375 0.0439453125
0 0.736328125 0.7392578125 0.0078125 0.0078125
0 0.9560546875 0.861328125 0.013671875 0.017578125
0 0.9892578125 0.927734375 0.015625 0.0185546875
0 0.7626953125 0.865234375 0.0048828125 0.0078125
0 0.3095703125 0.7685546875 0.0078125 0.0078125
0 0.2724609375 0.2568359375 0.013671875 0.015625
0 0.3759765625 0.9326171875 0.029296875 0.0341796875
0 0.197265625 0.705078125 0.0673828125 0.078125
0 0.046875 0.5693359375 0.09375 0.236328125
0 0.0244140625 0.802734375 0.048828125 0.234375
0 0.82421875 0.1884765625 0.009765625 0.009765625
0 0.8828125 0.29296875 0.0078125 0.009765625
0 0.7900390625 0.576171875 0.017578125 0.0205078125
0 0.728515625 0.6201171875 0.009765625 0.0107421875
0 0.529296875 0.779296875 0.009765625 0.0107421875
0 0.271484375 0.6982421875 0.0185546875 0.021484375
0 0.388671875 0.392578125 0.015625 0.0185546875
0 0.833984375 0.224609375 0.03125 0.0361328125
0 0.900390625 0.2021484375 0.015625 0.0185546875
0 0.501953125 0.0869140625 0.0107421875 0.0126953125
0 0.12109375 0.498046875 0.0185546875 0.021484375
0 0.2119140625 0.2802734375 0.013671875 0.015625
0 0.3740234375 0.69921875 0.0126953125 0.013671875
0 0.236328125 0.921875 0.0078125 0.009765625
0 0.923828125 0.369140625 0.146484375 0.171875
0 0.3046875 0.205078125 0.015625 0.0185546875
0 0.470703125 0.2392578125 0.0185546875 0.021484375
0 0.5703125 0.2958984375 0.013671875 0.0185546875
0 0.2041015625 0.3798828125 0.0126953125 0.013671875
0 0.09765625 0.3876953125 0.025390625 0.0283203125
0 0.17578125 0.2939453125 0.0234375 0.0283203125
0 0.056640625 0.3583984375 0.0234375 0.0263671875
0 0.4580078125 0.3828125 0.0263671875 0.033203125
0 0.6728515625 0.306640625 0.03125 0.037109375
0 0.9599609375 0.0908203125 0.021484375 0.0234375
0 0.943359375 0.0732421875 0.015625 0.0185546875
0 0.62109375 0.080078125 0.1923828125 0.1591796875
0 0.841796875 0.24609375 0.0263671875 0.03125
0 0.6318359375 0.416015625 0.1455078125 0.162109375
0 0.3896484375 0.427734375 0.013671875 0.015625
0 0.201171875 0.466796875 0.0390625 0.041015625
0 0.3857421875 0.52734375 0.029296875 0.0341796875
0 0.3759765625 0.5673828125 0.228515625 0.234375
0 0.8193359375 0.5791015625 0.017578125 0.0205078125
0 0.720703125 0.544921875 0.021484375 0.0263671875
0 0.740234375 0.564453125 0.015625 0.0185546875
0 0.8076171875 0.544921875 0.017578125 0.0185546875
0 0.7080078125 0.6181640625 0.0126953125 0.017578125
0 0.6552734375 0.7734375 0.015625 0.0185546875
0 0.3994140625 0.748046875 0.017578125 0.0205078125
0 0.25390625 0.7255859375 0.0234375 0.0283203125
0 0.2373046875 0.7783203125 0.017578125 0.0205078125
0 0.474609375 0.970703125 0.021484375 0.0283203125
0 0.5048828125 0.9619140625 0.021484375 0.0263671875
0 0.921875 0.9248046875 0.107421875 0.125
0 0.119140625 0.8046875 0.041015625 0.0439453125
0 0.0673828125 0.935546875 0.017578125 0.0185546875
0 0.443359375 0.88671875 0.013671875 0.015625
0 0.1572265625 0.89453125 0.0234375 0.0283203125
0 0.162109375 0.830078125 0.013671875 0.015625
0 0.8828125 0.2138671875 0.021484375 0.0263671875
0 0.85546875 0.189453125 0.009765625 0.009765625
0 0.2568359375 0.095703125 0.294921875 0.1904296875
0 0.6572265625 0.9169921875 0.2236328125 0.1611328125