0 0.16015625 0.2529296875 0.0205078125 0.0234375
0 0.3251953125 0.1708984375 0.0234375 0.0283203125
0 0.056640625 0.447265625 0.033203125 0.0390625
0 0.0234375 0.3447265625 0.021484375 0.0263671875
0 0.009765625 0.365234375 0.013671875 0.015625
0 0.1533203125 0.466796875 0.029296875 0.0341796875
0 0.2451171875 0.560546875 0.015625 0.0185546875
0 0.4208984375 0.6279296875 0.033203125 0.0390625
0 0.427734375 0.5458984375 0.013671875 0.017578125
0 0.4638671875 0.4716796875 0.013671875 0.015625
0 0.3857421875 0.400390625 0.0078125 0.0078125
0 0.291015625 0.46484375 0.0390625 0.046875
0 0.1201171875 0.646484375 0.021484375 0.0263671875
0 0.130859375 0.62109375 0.0205078125 0.0234375
0 0.05078125 0.716796875 0.0126953125 0.0126953125
0 0.33203125 0.884765625 0.0283203125 0.033203125
0 0.259765625 0.880859375 0.0283203125 0.033203125
0 0.5205078125 0.765625 0.0185546875 0.021484375
0 0.2060546875 0.4375 0.03125 0.0361328125
0 0.7265625 0.486328125 0.0078125 0.009765625
0 0.638671875 0.5517578125 0.013671875 0.017578125
0 0.572265625 0.1005859375 0.0283203125 0.0341796875
0 0.689453125 0.087890625 0.033203125 0.0390625
0 0.771484375 0.1015625 0.013671875 0.017578125
0 0.564453125 0.037109375 0.041015625 0.048828125
0 0.5107421875 0.083984375 0.013671875 0.017578125
0 0.6123046875 0.2353515625 0.0234375 0.0283203125
0 0.6318359375 0.1708984375 0.017578125 0.0205078125
0 0.7109375 0.2265625 0.015625 0.0185546875
0 0.607421875 0.3935546875 0.013671875 0.017578125
0 0.9482421875 0.591796875 0.029296875 0.0341796875
0 0.7880859375 0.5263671875 0.0126953125 0.0126953125
0 0.8447265625 0.486328125 0.013671875 0.015625
0 0.78515625 0.2822265625 0.0205078125 0.0234375
0 0.5498046875 0.30078125 0.0439453125 0.052734375
0 0.498046875 0.275390625 0.0283203125 0.03125
0 0.4853515625 0.2314453125 0.029296875 0.0341796875
0 0.8916015625 0.0732421875 0.0185546875 0.021484375
0 0.841796875 0.025390625 0.0126953125 0.0126953125
0 0.712890625 0.0068359375 0.0078125 0.009765625
0 0.9560546875 0.28125 0.080078125 0.09375
0 0.8583984375 0.2021484375 0.0986328125 0.115234375
0 0.919921875 0.4423828125 0.0185546875 0.021484375
0 0.279296875 0.5615234375 0.0126953125 0.0126953125
0 0.9892578125 0.9296875 0.013671875 0.017578125
0 0.9892578125 0.986328125 0.013671875 0.017578125
0 0.990234375 0.884765625 0.0185546875 0.0263671875
0 0.1435546875 0.017578125 0.052734375 0.03515625
0 0.5322265625 0.5322265625 0.189453125 0.2216796875
0 0.345703125 0.068359375 0.1328125 0.13671875
0 0.455078125 0.095703125 0.0263671875 0.029296875
0 0.1865234375 0.220703125 0.037109375 0.046875
0 0.279296875 0.3798828125 0.0517578125 0.0595703125
0 0.1650390625 0.1240234375 0.013671875 0.015625
0 0.044921875 0.2197265625 0.0234375 0.0283203125
0 0.0390625 0.298828125 0.0263671875 0.03125
0 0.2119140625 0.384765625 0.048828125 0.056640625
0 0.130859375 0.4208984375 0.0234375 0.0263671875
0 0.080078125 0.177734375 0.0126953125 0.015625
0 0.1103515625 0.095703125 0.005859375 0.0107421875
0 0.1650390625 0.1015625 0.029296875 0.033203125
0 0.3076171875 0.240234375 0.017578125 0.0185546875
0 0.1357421875 0.30859375 0.056640625 0.0654296875
0 0.103515625 0.4833984375 0.021484375 0.021484375
0 0.0888671875 0.533203125 0.017578125 0.0205078125
0 0.236328125 0.62890625 0.0185546875 0.0205078125
0 0.146484375 0.6123046875 0.017578125 0.0205078125
0 0.306640625 0.681640625 0.0185546875 0.021484375
0 0.22265625 0.7060546875 0.0751953125 0.0888671875
0 0.099609375 0.7802734375 0.0419921875 0.046875
0 0.044921875 0.78125 0.0283203125 0.03125
0 0.212890625 0.8076171875 0.0205078125 0.0263671875
0 0.373046875 0.814453125 0.017578125 0.0205078125
0 0.404296875 0.78515625 0.0185546875 0.021484375
0 0.0634765625 0.884765625 0.015625 0.017578125
0 0.052734375 0.849609375 0.0107421875 0.0126953125
0 0.02734375 0.951171875 0.0126953125 0.013671875
0 0.009765625 0.9248046875 0.0078125 0.009765625
0 0.0390625 0.9404296875 0.0078125 0.009765625
0 0.3388671875 0.97265625 0.013671875 0.017578125
0 0.30078125 0.994140625 0.009765625 0.009765625
0 0.4619140625 0.9814453125 0.029296875 0.037109375
0 0.275390625 0.080078125 0.158203125 0.1591796875
0 0.1806640625 0.595703125 0.0126953125 0.0126953125
0 0.3388671875 0.6923828125 0.0078125 0.0107421875
0 0.5 0.9765625 0.017578125 0.0205078125
0 0.5654296875 0.904296875 0.017578125 0.0205078125
0 0.568359375 0.7041015625 0.0185546875 0.021484375
0 0.517578125 0.126953125 0.0205078125 0.0234375
0 0.525390625 0.263671875 0.0439453125 0.048828125
0 0.451171875 0.21484375 0.0126953125 0.0126953125
0 0.53125 0.447265625 0.0390625 0.048828125
0 0.583984375 0.3671875 0.0263671875 0.029296875
0 0.5869140625 0.408203125 0.015625 0.017578125
0 0.6123046875 0.572265625 0.0234375 0.0283203125
0 0.5478515625 0.5810546875 0.013671875 0.015625
0 0.3095703125 0.474609375 0.013671875 0.017578125
0 0.498046875 0.5107421875 0.021484375 0.0234375
0 0.216796875 0.2646484375 0.044921875 0.0498046875
0 0.517578125 0.0185546875 0.048828125 0.037109375
0 0.798828125 0.095703125 0.013671875 0.015625
0 0.677734375 0.119140625 0.0078125 0.009765625
0 0.880859375 0.1962890625 0.0107421875 0.0126953125
0 0.931640625 0.150390625 0.017578125 0.0205078125
0 0.88671875 0.033203125 0.013671875 0.015625
0 0.9013671875 0.2685546875 0.013671875 0.017578125
0 0.7392578125 0.3779296875 0.0234375 0.029296875
0 0.8251953125 0.4267578125 0.0263671875 0.0341796875
0 0.765625 0.49609375 0.025390625 0.0283203125
0 0.857421875 0.5439453125 0.013671875 0.015625
0 0.923828125 0.599609375 0.029296875 0.037109375
0 0.970703125 0.2861328125 0.0126953125 0.015625
0 0.6455078125 0.3330078125 0.013671875 0.017578125
0 0.7470703125 0.8583984375 0.0234375 0.029296875
0 0.9873046875 0.6357421875 0.0234375 0.03125
0 0.390625 0.9853515625 0.029296875 0.029296875
0 0.29296875 0.775390625 0.0126953125 0.0126953125
0 0.2568359375 0.763671875 0.0078125 0.0107421875
0 0.2841796875 0.9296875 0.017578125 0.0205078125
0 0.4345703125 0.6728515625 0.0078125 0.0078125
0 0.7578125 0.763671875 0.384765625 0.330078125