0 0.1103515625 0.02734375 0.021484375 0.025390625
0 0.125 0.130859375 0.0517578125 0.0576171875
0 0.119140625 0.1611328125 0.033203125 0.037109375
0 0.0126953125 0.150390625 0.025390625 0.033203125
0 0.1484375 0.189453125 0.017578125 0.0205078125
0 0.080078125 0.3125 0.033203125 0.0361328125
0 0.013671875 0.388671875 0.0263671875 0.0361328125
0 0.1259765625 0.369140625 0.0234375 0.0263671875
0 0.1318359375 0.3525390625 0.0185546875 0.021484375
0 0.16796875 0.41796875 0.021484375 0.0263671875
0 0.0693359375 0.5322265625 0.0185546875 0.021484375
0 0.1376953125 0.51171875 0.0234375 0.0283203125
0 0.2392578125 0.0908203125 0.0234375 0.0263671875
0 0.1884765625 0.076171875 0.0126953125 0.013671875
0 0.291015625 0.1015625 0.0234375 0.0283203125
0 0.3681640625 0.078125 0.0185546875 0.021484375
0 0.283203125 0.2197265625 0.015625 0.017578125
0 0.34375 0.1181640625 0.005859375 0.005859375
0 0.4326171875 0.13671875 0.048828125 0.0546875
0 0.4716796875 0.1767578125 0.0185546875 0.021484375
0 0.490234375 0.0634765625 0.0126953125 0.013671875
0 0.279296875 0.1865234375 0.013671875 0.017578125
0 0.45703125 0.390625 0.021484375 0.025390625
0 0.4404296875 0.4501953125 0.0234375 0.0263671875
0 0.423828125 0.578125 0.0205078125 0.0234375
0 0.240234375 0.626953125 0.0126953125 0.0126953125
0 0.21484375 0.6435546875 0.0205078125 0.0234375
0 0.345703125 0.6572265625 0.015625 0.0185546875
0 0.380859375 0.677734375 0.015625 0.0205078125
0 0.177734375 0.634765625 0.0078125 0.009765625
0 0.0224609375 0.6884765625 0.0107421875 0.0126953125
0 0.041015625 0.701171875 0.0234375 0.0263671875
0 0.123046875 0.740234375 0.0341796875 0.041015625
0 0.080078125 0.638671875 0.0107421875 0.0126953125
0 0.1494140625 0.728515625 0.029296875 0.037109375
0 0.19140625 0.818359375 0.0283203125 0.03125
0 0.029296875 0.8525390625 0.025390625 0.029296875
0 0.111328125 0.904296875 0.0107421875 0.0126953125
0 0.056640625 0.9208984375 0.0234375 0.0263671875
0 0.25 0.990234375 0.013671875 0.017578125
0 0.28515625 0.94921875 0.0126953125 0.015625
0 0.3017578125 0.9541015625 0.013671875 0.017578125
0 0.298828125 0.794921875 0.2578125 0.271484375
0 0.4541015625 0.8671875 0.056640625 0.0673828125
0 0.48046875 0.6328125 0.044921875 0.052734375
0 0.5126953125 0.6484375 0.0234375 0.0283203125
0 0.486328125 0.58984375 0.0263671875 0.029296875
0 0.548828125 0.6181640625 0.03125 0.0361328125
0 0.6220703125 0.626953125 0.0205078125 0.0234375
0 0.4814453125 0.5546875 0.015625 0.0185546875
0 0.609375 0.720703125 0.0234375 0.0263671875
0 0.5888671875 0.8203125 0.0185546875 0.021484375
0 0.4404296875 0.89453125 0.0185546875 0.0205078125
0 0.66796875 0.7900390625 0.009765625 0.0126953125
0 0.654296875 0.349609375 0.0205078125 0.0234375
0 0.5458984375 0.359375 0.03125 0.0361328125
0 0.794921875 0.3232421875 0.025390625 0.029296875
0 0.818359375 0.37890625 0.0283203125 0.0341796875
0 0.65625 0.365234375 0.212890625 0.240234375
0 0.5654296875 0.080078125 0.0126953125 0.0126953125
0 0.6533203125 0.0576171875 0.015625 0.0205078125
0 0.7861328125 0.232421875 0.013671875 0.017578125
0 0.876953125 0.134765625 0.0234375 0.029296875
0 0.9091796875 0.14453125 0.03125 0.0361328125
0 0.89453125 0.4443359375 0.033203125 0.037109375
0 0.9267578125 0.486328125 0.015625 0.0185546875
0 0.9482421875 0.4599609375 0.017578125 0.0185546875
0 0.8759765625 0.7353515625 0.029296875 0.033203125
0 0.78515625 0.732421875 0.017578125 0.0205078125
0 0.826171875 0.64453125 0.0126953125 0.013671875
0 0.8388671875 0.658203125 0.021484375 0.025390625
0 0.873046875 0.7646484375 0.015625 0.0185546875
0 0.892578125 0.9404296875 0.0185546875 0.021484375
0 0.927734375 0.9033203125 0.013671875 0.013671875
0 0.9248046875 0.83984375 0.0078125 0.0107421875
0 0.943359375 0.708984375 0.0234375 0.0283203125
0 0.181640625 0.365234375 0.029296875 0.03125
0 0.330078125 0.4052734375 0.0234375 0.029296875
0 0.4580078125 0.283203125 0.0263671875 0.03125
0 0.5859375 0.13671875 0.015625 0.0185546875
0 0.7724609375 0.126953125 0.025390625 0.029296875
0 0.927734375 0.015625 0.025390625 0.0283203125
0 0.7177734375 0.470703125 0.0078125 0.0078125
0 0.6591796875 0.4775390625 0.0078125 0.009765625
0 0.7392578125 0.4931640625 0.0107421875 0.0126953125
0 0.69140625 0.498046875 0.0234375 0.025390625
0 0.423828125 0.6123046875 0.015625 0.017578125
0 0.39453125 0.603515625 0.0078125 0.009765625
0 0.7060546875 0.8994140625 0.1328125 0.1591796875
0 0.8154296875 0.830078125 0.1064453125 0.1142578125
0 0.52734375 0.8671875 0.1279296875 0.1484375
0 0.6298828125 0.482421875 0.2001953125 0.1923828125
0 0.1669921875 0.607421875 0.021484375 0.025390625
0 0.1474609375 0.654296875 0.021484375 0.025390625
0 0.0283203125 0.7216796875 0.029296875 0.0361328125
0 0.09765625 0.94140625 0.033203125 0.041015625
0 0.2236328125 0.384765625 0.017578125 0.0205078125
0 0.021484375 0.275390625 0.0126953125 0.013671875
0 0.1669921875 0.119140625 0.013671875 0.0185546875
0 0.2998046875 0.1962890625 0.0283203125 0.03125
0 0.2197265625 0.158203125 0.0234375 0.0283203125
0 0.4501953125 0.107421875 0.025390625 0.0283203125
0 0.6708984375 0.7392578125 0.0234375 0.0283203125
0 0.404296875 0.2763671875 0.0341796875 0.0419921875
0 0.3505859375 0.20703125 0.0234375 0.0263671875
0 0.5234375 0.083984375 0.021484375 0.021484375