0 0.1728515625 0.150390625 0.2001953125 0.220703125
0 0.142578125 0.181640625 0.017578125 0.021484375
0 0.322265625 0.14453125 0.0234375 0.0283203125
0 0.3369140625 0.1044921875 0.033203125 0.037109375
0 0.38671875 0.072265625 0.009765625 0.0107421875
0 0.453125 0.0361328125 0.009765625 0.009765625
0 0.5205078125 0.0830078125 0.0126953125 0.013671875
0 0.583984375 0.0107421875 0.033203125 0.021484375
0 0.6328125 0.029296875 0.015625 0.0205078125
0 0.625 0.0556640625 0.015625 0.0185546875
0 0.61328125 0.0537109375 0.0078125 0.009765625
0 0.6982421875 0.072265625 0.015625 0.0185546875
0 0.748046875 0.0322265625 0.009765625 0.0107421875
0 0.7529296875 0.0146484375 0.0234375 0.0263671875
0 0.857421875 0.0634765625 0.0341796875 0.0390625
0 0.9560546875 0.0654296875 0.0234375 0.0283203125
0 0.927734375 0.09375 0.1435546875 0.1875
0 0.728515625 0.1640625 0.009765625 0.009765625
0 0.701171875 0.185546875 0.021484375 0.025390625
0 0.75 0.21484375 0.0361328125 0.041015625
0 0.7783203125 0.275390625 0.0078125 0.009765625
0 0.8603515625 0.29296875 0.015625 0.0185546875
0 0.888671875 0.2431640625 0.0126953125 0.013671875
0 0.951171875 0.2353515625 0.005859375 0.0078125
0 0.9755859375 0.3681640625 0.017578125 0.0185546875
0 0.947265625 0.44921875 0.013671875 0.017578125
0 0.919921875 0.421875 0.0419921875 0.048828125
0 0.8369140625 0.3603515625 0.025390625 0.029296875
0 0.763671875 0.373046875 0.029296875 0.0361328125
0 0.751953125 0.41796875 0.0234375 0.0263671875
0 0.705078125 0.4521484375 0.013671875 0.017578125
0 0.685546875 0.3349609375 0.015625 0.0185546875
0 0.654296875 0.337890625 0.0234375 0.0283203125
0 0.5751953125 0.35546875 0.0205078125 0.0234375
0 0.4794921875 0.337890625 0.037109375 0.0439453125
0 0.580078125 0.234375 0.0078125 0.009765625
0 0.544921875 0.228515625 0.025390625 0.029296875
0 0.5439453125 0.2822265625 0.0126953125 0.015625
0 0.43359375 0.236328125 0.0390625 0.044921875
0 0.3955078125 0.333984375 0.2001953125 0.2138671875
0 0.01171875 0.255859375 0.009765625 0.009765625
0 0.0810546875 0.228515625 0.013671875 0.015625
0 0.21484375 0.3271484375 0.0234375 0.0283203125
0 0.0341796875 0.4482421875 0.037109375 0.0439453125
0 0.046875 0.4619140625 0.0234375 0.0283203125
0 0.078125 0.6201171875 0.0263671875 0.029296875
0 0.283203125 0.6396484375 0.0283203125 0.03125
0 0.314453125 0.669921875 0.0205078125 0.0234375
0 0.279296875 0.6845703125 0.0341796875 0.041015625
0 0.3037109375 0.818359375 0.0126953125 0.0126953125
0 0.291015625 0.7353515625 0.0078125 0.009765625
0 0.150390625 0.787109375 0.2998046875 0.3076171875
0 0.037109375 0.9404296875 0.0732421875 0.0966796875
0 0.298828125 0.958984375 0.015625 0.0205078125
0 0.4892578125 0.931640625 0.0234375 0.0263671875
0 0.404296875 0.67578125 0.015625 0.0205078125
0 0.5009765625 0.716796875 0.0361328125 0.0419921875
0 0.55078125 0.6865234375 0.0205078125 0.0234375
0 0.599609375 0.64453125 0.015625 0.017578125
0 0.6494140625 0.6279296875 0.021484375 0.0263671875
0 0.634765625 0.576171875 0.0126953125 0.015625
0 0.6103515625 0.908203125 0.015625 0.0185546875
0 0.662109375 0.9462890625 0.025390625 0.0283203125
0 0.7265625 0.9931640625 0.0078125 0.009765625
0 0.7998046875 0.9931640625 0.009765625 0.0107421875
0 0.9873046875 0.927734375 0.015625 0.0185546875
0 0.9873046875 0.9873046875 0.015625 0.017578125
0 0.875 0.880859375 0.009765625 0.0107421875
0 0.86328125 0.830078125 0.015625 0.0185546875
0 0.8134765625 0.7802734375 0.0205078125 0.0234375
0 0.724609375 0.84375 0.201171875 0.220703125
0 0.96484375 0.8046875 0.0703125 0.1435546875
0 0.705078125 0.533203125 0.0859375 0.0986328125
0 0.6806640625 0.4833984375 0.013671875 0.017578125
0 0.6474609375 0.50390625 0.021484375 0.025390625
0 0.5859375 0.5263671875 0.021484375 0.0234375
0 0.572265625 0.4365234375 0.0185546875 0.0234375
0 0.5859375 0.490234375 0.1826171875 0.189453125
0 0.423828125 0.5146484375 0.013671875 0.015625
0 0.3955078125 0.48046875 0.0107421875 0.0107421875
0 0.4033203125 0.466796875 0.0205078125 0.0234375
0 0.3466796875 0.4443359375 0.013671875 0.017578125
0 0.361328125 0.4384765625 0.013671875 0.015625
0 0.537109375 0.4033203125 0.0283203125 0.029296875
0 0.6767578125 0.4033203125 0.0283203125 0.0341796875
0 0.228515625 0.576171875 0.005859375 0.0078125
0 0.2958984375 0.5966796875 0.0107421875 0.0126953125