0 0.0947265625 0.0185546875 0.033203125 0.037109375
0 0.05078125 0.1064453125 0.025390625 0.029296875
0 0.0166015625 0.138671875 0.021484375 0.025390625
0 0.109375 0.123046875 0.013671875 0.017578125
0 0.162109375 0.1640625 0.029296875 0.0361328125
0 0.0029296875 0.162109375 0.005859375 0.0205078125
0 0.2412109375 0.177734375 0.0185546875 0.021484375
0 0.234375 0.24609375 0.0185546875 0.0205078125
0 0.232421875 0.2998046875 0.029296875 0.033203125
0 0.0849609375 0.423828125 0.0234375 0.029296875
0 0.193359375 0.455078125 0.017578125 0.0205078125
0 0.14453125 0.470703125 0.0126953125 0.013671875
0 0.2353515625 0.5439453125 0.037109375 0.0390625
0 0.173828125 0.6123046875 0.0361328125 0.041015625
0 0.203125 0.642578125 0.033203125 0.0390625
0 0.08984375 0.6005859375 0.021484375 0.0263671875
0 0.15234375 0.2490234375 0.0078125 0.009765625
0 0.3134765625 0.0576171875 0.0185546875 0.021484375
0 0.330078125 0.095703125 0.0234375 0.0263671875
0 0.427734375 0.037109375 0.0234375 0.0283203125
0 0.455078125 0.1572265625 0.033203125 0.037109375
0 0.31640625 0.568359375 0.033203125 0.0390625
0 0.376953125 0.5947265625 0.0283203125 0.03125
0 0.41015625 0.619140625 0.0234375 0.0283203125
0 0.451171875 0.705078125 0.056640625 0.0654296875
0 0.3701171875 0.8447265625 0.0830078125 0.0986328125
0 0.26171875 0.865234375 0.041015625 0.046875
0 0.2685546875 0.9052734375 0.0234375 0.0263671875
0 0.240234375 0.931640625 0.013671875 0.015625
0 0.4228515625 0.9873046875 0.0126953125 0.015625
0 0.462890625 0.865234375 0.005859375 0.005859375
0 0.5751953125 0.94921875 0.0185546875 0.0185546875
0 0.5966796875 0.8310546875 0.025390625 0.029296875
0 0.564453125 0.779296875 0.0185546875 0.0205078125
0 0.60546875 0.681640625 0.021484375 0.025390625
0 0.5126953125 0.623046875 0.052734375 0.0625
0 0.5244140625 0.587890625 0.009765625 0.0107421875
0 0.568359375 0.5556640625 0.009765625 0.009765625
0 0.626953125 0.453125 0.0390625 0.0439453125
0 0.591796875 0.4033203125 0.046875 0.052734375
0 0.626953125 0.3759765625 0.0263671875 0.029296875
0 0.6142578125 0.349609375 0.033203125 0.0390625
0 0.646484375 0.2333984375 0.033203125 0.037109375
0 0.591796875 0.1796875 0.0078125 0.009765625
0 0.5888671875 0.1259765625 0.0419921875 0.048828125
0 0.5859375 0.0458984375 0.181640625 0.091796875
0 0.7724609375 0.1484375 0.0234375 0.0283203125
0 0.8427734375 0.1455078125 0.025390625 0.03125
0 0.732421875 0.1943359375 0.025390625 0.0283203125
0 0.8076171875 0.2724609375 0.0283203125 0.03125
0 0.9140625 0.287109375 0.033203125 0.037109375
0 0.728515625 0.298828125 0.0205078125 0.0234375
0 0.736328125 0.30859375 0.0263671875 0.029296875
0 0.9580078125 0.4541015625 0.017578125 0.0205078125
0 0.853515625 0.501953125 0.0078125 0.009765625
0 0.728515625 0.474609375 0.015625 0.017578125
0 0.7587890625 0.6767578125 0.015625 0.017578125
0 0.73046875 0.736328125 0.0234375 0.0263671875
0 0.724609375 0.8125 0.029296875 0.037109375
0 0.7333984375 0.8486328125 0.0205078125 0.0234375
0 0.8056640625 0.9384765625 0.009765625 0.0107421875
0 0.876953125 0.98828125 0.029296875 0.0234375
0 0.9033203125 0.8828125 0.0107421875 0.0126953125
0 0.947265625 0.79296875 0.0107421875 0.0126953125
0 0.9326171875 0.5908203125 0.029296875 0.0341796875
0 0.888671875 0.6435546875 0.095703125 0.107421875
0 0.9580078125 0.390625 0.0185546875 0.0205078125
0 0.9853515625 0.0302734375 0.021484375 0.0234375
0 0.9365234375 0.1943359375 0.126953125 0.189453125
0 0.720703125 0.25390625 0.078125 0.091796875
0 0.66796875 0.703125 0.130859375 0.154296875
0 0.5537109375 0.853515625 0.0908203125 0.1044921875
0 0.0107421875 0.755859375 0.021484375 0.0283203125
0 0.1162109375 0.857421875 0.0234375 0.0283203125
0 0.0712890625 0.76171875 0.029296875 0.033203125
0 0.380859375 0.3349609375 0.3173828125 0.3232421875
0 0.740234375 0.0400390625 0.0126953125 0.0126953125
0 0.982421875 0.087890625 0.015625 0.0185546875
0 0.76953125 0.8349609375 0.046875 0.0546875
0 0.9052734375 0.9013671875 0.0185546875 0.0205078125
0 0.7431640625 0.5771484375 0.1279296875 0.140625
0 0.853515625 0.6787109375 0.150390625 0.1669921875
0 0.111328125 0.9462890625 0.158203125 0.107421875
0 0.013671875 0.591796875 0.02734375 0.03515625