0 0.3720703125 0.037109375 0.0205078125 0.0234375
0 0.224609375 0.13671875 0.013671875 0.015625
0 0.2158203125 0.390625 0.015625 0.0185546875
0 0.01953125 0.3759765625 0.025390625 0.029296875
0 0.228515625 0.470703125 0.046875 0.0546875
0 0.365234375 0.505859375 0.0283203125 0.033203125
0 0.470703125 0.37890625 0.0126953125 0.013671875
0 0.3603515625 0.181640625 0.0263671875 0.03125
0 0.697265625 0.052734375 0.0283203125 0.033203125
0 0.6943359375 0.15234375 0.1376953125 0.1484375
0 0.4365234375 0.189453125 0.0341796875 0.0419921875
0 0.6142578125 0.3876953125 0.0341796875 0.0390625
0 0.6240234375 0.572265625 0.0703125 0.078125
0 0.2392578125 0.5595703125 0.013671875 0.0126953125
0 0.2705078125 0.611328125 0.0283203125 0.03125
0 0.1806640625 0.6103515625 0.0185546875 0.021484375
0 0.306640625 0.68359375 0.03125 0.033203125
0 0.130859375 0.7109375 0.0390625 0.0439453125
0 0.263671875 0.853515625 0.013671875 0.017578125
0 0.380859375 0.763671875 0.1201171875 0.1376953125
0 0.537109375 0.41015625 0.0185546875 0.0234375
0 0.8681640625 0.46875 0.033203125 0.037109375
0 0.9423828125 0.439453125 0.029296875 0.0361328125
0 0.81640625 0.46484375 0.033203125 0.0341796875
0 0.9599609375 0.6640625 0.0234375 0.0283203125
0 0.8408203125 0.8310546875 0.033203125 0.0361328125
0 0.8857421875 0.8447265625 0.0283203125 0.03125
0 0.7421875 0.8916015625 0.0205078125 0.0234375
0 0.869140625 0.8994140625 0.021484375 0.021484375
0 0.4248046875 0.9560546875 0.029296875 0.033203125
0 0.5927734375 0.9462890625 0.0361328125 0.0390625
0 0.822265625 0.693359375 0.1533203125 0.162109375
0 0.205078125 0.76171875 0.0107421875 0.0107421875
0 0.228515625 0.7646484375 0.0107421875 0.0126953125
0 0.462890625 0.955078125 0.017578125 0.0185546875
0 0.392578125 0.9677734375 0.025390625 0.03125
0 0.6005859375 0.654296875 0.017578125 0.021484375
0 0.1923828125 0.111328125 0.021484375 0.0283203125
0 0.0732421875 0.1875 0.146484375 0.1748046875
0 0.5107421875 0.1328125 0.021484375 0.0263671875
0 0.5458984375 0.048828125 0.0234375 0.025390625
0 0.4619140625 0.736328125 0.021484375 0.0263671875
0 0.07421875 0.888671875 0.1484375 0.2216796875
0 0.1533203125 0.7685546875 0.0126953125 0.0126953125
0 0.5869140625 0.875 0.0078125 0.0126953125
0 0.349609375 0.0888671875 0.232421875 0.177734375
0 0.8564453125 0.287109375 0.0439453125 0.0517578125
0 0.9775390625 0.2890625 0.0205078125 0.0234375
0 0.638671875 0.35546875 0.0341796875 0.0390625
0 0.9677734375 0.5224609375 0.021484375 0.0263671875
0 0.794921875 0.876953125 0.0205078125 0.0234375
0 0.34765625 0.8759765625 0.015625 0.0185546875
0 0.0087890625 0.333984375 0.017578125 0.0361328125
0 0.8056640625 0.3740234375 0.015625 0.0205078125
0 0.880859375 0.408203125 0.0107421875 0.0126953125
0 0.84765625 0.4228515625 0.013671875 0.017578125
0 0.8544921875 0.5771484375 0.0185546875 0.021484375
0 0.865234375 0.537109375 0.013671875 0.015625
0 0.7060546875 0.3623046875 0.015625 0.0205078125
0 0.6513671875 0.3193359375 0.0126953125 0.015625
0 0.751953125 0.7626953125 0.0078125 0.0107421875
0 0.85546875 0.892578125 0.009765625 0.0107421875
0 0.7802734375 0.287109375 0.013671875 0.0185546875
0 0.1171875 0.3427734375 0.0107421875 0.013671875
0 0.794921875 0.4697265625 0.015625 0.0185546875
0 0.6787109375 0.4267578125 0.0185546875 0.021484375
0 0.9365234375 0.595703125 0.0078125 0.009765625
0 0.6650390625 0.0107421875 0.0126953125 0.017578125
0 0.763671875 0.0869140625 0.009765625 0.0107421875
0 0.0869140625 0.5615234375 0.173828125 0.201171875
0 0.4326171875 0.5615234375 0.314453125 0.3076171875
0 0.8955078125 0.0810546875 0.1796875 0.1611328125