0 0.576171875 0.291015625 0.1328125 0.1484375
0 0.5712890625 0.3876953125 0.009765625 0.0107421875
0 0.59765625 0.404296875 0.0234375 0.029296875
0 0.673828125 0.365234375 0.015625 0.017578125
0 0.640625 0.392578125 0.0126953125 0.013671875
0 0.658203125 0.4267578125 0.015625 0.0185546875
0 0.6806640625 0.408203125 0.015625 0.0185546875
0 0.728515625 0.310546875 0.017578125 0.0205078125
0 0.697265625 0.263671875 0.0390625 0.046875
0 0.86328125 0.1806640625 0.03125 0.0361328125
0 0.888671875 0.029296875 0.017578125 0.0205078125
0 0.9033203125 0.068359375 0.0234375 0.0283203125
0 0.873046875 0.0517578125 0.0234375 0.0263671875
0 0.9736328125 0.203125 0.015625 0.0185546875
0 0.984375 0.13671875 0.0107421875 0.013671875
0 0.8173828125 0.158203125 0.2236328125 0.255859375
0 0.7001953125 0.052734375 0.158203125 0.10546875
0 0.6083984375 0.076171875 0.169921875 0.15234375
0 0.2451171875 0.0966796875 0.255859375 0.193359375
0 0.3984375 0.0615234375 0.228515625 0.123046875
0 0.0712890625 0.1474609375 0.142578125 0.201171875
0 0.21875 0.2353515625 0.013671875 0.015625
0 0.1328125 0.322265625 0.03125 0.0361328125
0 0.27734375 0.474609375 0.015625 0.0185546875
0 0.3564453125 0.4326171875 0.025390625 0.029296875
0 0.3408203125 0.4677734375 0.017578125 0.0205078125
0 0.4599609375 0.43359375 0.0205078125 0.021484375
0 0.482421875 0.5498046875 0.0234375 0.0283203125
0 0.4619140625 0.5927734375 0.017578125 0.0205078125
0 0.4287109375 0.5068359375 0.142578125 0.15625
0 0.044921875 0.576171875 0.015625 0.0185546875
0 0.0888671875 0.5654296875 0.0185546875 0.021484375
0 0.076171875 0.6416015625 0.0263671875 0.0283203125
0 0.1103515625 0.646484375 0.041015625 0.044921875
0 0.1171875 0.705078125 0.0107421875 0.0126953125
0 0.07421875 0.759765625 0.025390625 0.029296875
0 0.08203125 0.8359375 0.0283203125 0.03125
0 0.1025390625 0.892578125 0.013671875 0.017578125
0 0.12890625 0.9443359375 0.025390625 0.0283203125
0 0.134765625 0.9892578125 0.0234375 0.021484375
0 0.2109375 0.97265625 0.009765625 0.0107421875
0 0.2880859375 0.8291015625 0.0205078125 0.0234375
0 0.263671875 0.82421875 0.0126953125 0.013671875
0 0.3857421875 0.9833984375 0.013671875 0.017578125
0 0.59765625 0.8564453125 0.017578125 0.0205078125
0 0.4619140625 0.734375 0.162109375 0.185546875
0 0.6328125 0.7060546875 0.015625 0.0185546875
0 0.611328125 0.7041015625 0.0185546875 0.0205078125
0 0.763671875 0.7705078125 0.0263671875 0.029296875
0 0.693359375 0.9619140625 0.013671875 0.017578125
0 0.7119140625 0.9736328125 0.015625 0.0185546875
0 0.818359375 0.91015625 0.0283203125 0.033203125
0 0.7841796875 0.912109375 0.013671875 0.015625
0 0.986328125 0.8623046875 0.0107421875 0.0126953125
0 0.890625 0.8798828125 0.005859375 0.0078125
0 0.89453125 0.767578125 0.1748046875 0.1923828125
0 0.7666015625 0.66015625 0.0126953125 0.013671875
0 0.6962890625 0.5673828125 0.1298828125 0.150390625
0 0.619140625 0.501953125 0.033203125 0.0361328125
0 0.890625 0.359375 0.21875 0.294921875
0 0.5849609375 0.494140625 0.0126953125 0.013671875
0 0.2236328125 0.65234375 0.0234375 0.0263671875
0 0.2841796875 0.5712890625 0.111328125 0.125
0 0.3974609375 0.2978515625 0.0205078125 0.021484375
0 0.6796875 0.775390625 0.0517578125 0.0625
0 0.7509765625 0.484375 0.0283203125 0.0361328125
0 0.115234375 0.357421875 0.0126953125 0.015625
0 0.2431640625 0.3505859375 0.009765625 0.0107421875