0 0.0458984375 0.501953125 0.0419921875 0.0498046875
0 0.2138671875 0.423828125 0.0107421875 0.0126953125
0 0.341796875 0.9462890625 0.009765625 0.0126953125
0 0.1103515625 0.873046875 0.0185546875 0.021484375
0 0.4375 0.794921875 0.013671875 0.015625
0 0.470703125 0.712890625 0.033203125 0.0390625
0 0.380859375 0.96875 0.0078125 0.0107421875
0 0.7802734375 0.357421875 0.0126953125 0.015625
0 0.771484375 0.5185546875 0.0107421875 0.0126953125
0 0.818359375 0.6005859375 0.017578125 0.0205078125
0 0.77734375 0.728515625 0.0126953125 0.0126953125
0 0.91015625 0.8935546875 0.021484375 0.0263671875
0 0.859375 0.9365234375 0.03125 0.0361328125
0 0.9462890625 0.9677734375 0.0078125 0.009765625
0 0.6953125 0.91015625 0.033203125 0.037109375
0 0.9873046875 0.9287109375 0.015625 0.0185546875
0 0.5625 0.712890625 0.015625 0.0185546875
0 0.134765625 0.73046875 0.021484375 0.0263671875
0 0.1728515625 0.0185546875 0.037109375 0.037109375
0 0.1337890625 0.02734375 0.017578125 0.0205078125
0 0.1376953125 0.0810546875 0.0234375 0.0283203125
0 0.318359375 0.0107421875 0.015625 0.0185546875
0 0.0830078125 0.0869140625 0.013671875 0.015625
0 0.3271484375 0.654296875 0.017578125 0.0205078125
0 0.8056640625 0.12890625 0.013671875 0.015625
0 0.9072265625 0.580078125 0.017578125 0.0205078125
0 0.7783203125 0.8583984375 0.03125 0.037109375
0 0.458984375 0.6064453125 0.0078125 0.0078125
0 0.4375 0.572265625 0.025390625 0.0283203125
0 0.5 0.5478515625 0.0126953125 0.0126953125
0 0.6181640625 0.48828125 0.017578125 0.0205078125
0 0.685546875 0.6767578125 0.0126953125 0.015625
0 0.4873046875 0.923828125 0.0263671875 0.03125
0 0.4072265625 0.9677734375 0.015625 0.0185546875
0 0.25 0.7822265625 0.0263671875 0.03125
0 0.041015625 0.439453125 0.013671875 0.017578125
0 0.021484375 0.12109375 0.04296875 0.12109375
0 0.3564453125 0.158203125 0.0234375 0.0283203125
0 0.158203125 0.0927734375 0.025390625 0.0263671875
0 0.052734375 0.365234375 0.0107421875 0.0126953125
0 0.1572265625 0.5029296875 0.013671875 0.017578125
0 0.439453125 0.3583984375 0.0263671875 0.03125
0 0.6025390625 0.3779296875 0.0234375 0.0263671875
0 0.583984375 0.4013671875 0.0185546875 0.021484375
0 0.4853515625 0.41015625 0.0234375 0.0283203125
0 0.525390625 0.3701171875 0.0107421875 0.0107421875
0 0.2255859375 0.611328125 0.2138671875 0.224609375
0 0.111328125 0.578125 0.013671875 0.015625
0 0.201171875 0.873046875 0.046875 0.0576171875
0 0.4287109375 0.689453125 0.0234375 0.0263671875
0 0.578125 0.650390625 0.060546875 0.0703125
0 0.6162109375 0.6484375 0.015625 0.0185546875
0 0.7080078125 0.525390625 0.037109375 0.041015625
0 0.181640625 0.779296875 0.0205078125 0.0234375
0 0.3408203125 0.5166015625 0.0234375 0.0263671875
0 0.07421875 0.54296875 0.0185546875 0.021484375
0 0.0341796875 0.5732421875 0.021484375 0.0263671875
0 0.0419921875 0.53515625 0.0341796875 0.0361328125
0 0.06640625 0.037109375 0.046875 0.052734375
0 0.705078125 0.224609375 0.015625 0.0185546875
0 0.876953125 0.134765625 0.025390625 0.03125
0 0.9306640625 0.3798828125 0.033203125 0.0390625
0 0.798828125 0.4306640625 0.037109375 0.0439453125
0 0.9501953125 0.2880859375 0.0498046875 0.056640625
0 0.759765625 0.34375 0.0283203125 0.033203125
0 0.833984375 0.271484375 0.017578125 0.0185546875
0 0.642578125 0.369140625 0.015625 0.0185546875
0 0.76171875 0.5966796875 0.0439453125 0.0517578125
0 0.818359375 0.6650390625 0.0517578125 0.0576171875
0 0.818359375 0.548828125 0.0234375 0.0283203125
0 0.94140625 0.1298828125 0.0126953125 0.013671875
0 0.7900390625 0.048828125 0.0341796875 0.041015625
0 0.2548828125 0.94140625 0.025390625 0.029296875
0 0.013671875 0.912109375 0.0263671875 0.041015625
0 0.52734375 0.947265625 0.03125 0.033203125
0 0.7001953125 0.865234375 0.0185546875 0.021484375
0 0.716796875 0.80078125 0.1220703125 0.134765625
0 0.837890625 0.873046875 0.013671875 0.017578125
0 0.6328125 0.9443359375 0.013671875 0.0185546875
0 0.748046875 0.2529296875 0.0126953125 0.015625
0 0.123046875 0.681640625 0.013671875 0.0126953125
0 0.201171875 0.263671875 0.314453125 0.2919921875
0 0.4345703125 0.228515625 0.1982421875 0.248046875
0 0.619140625 0.080078125 0.279296875 0.15625