0 0.216796875 0.189453125 0.009765625 0.009765625
0 0.2900390625 0.1904296875 0.0078125 0.009765625
0 0.439453125 0.2373046875 0.017578125 0.0205078125
0 0.0146484375 0.28125 0.029296875 0.052734375
0 0.134765625 0.1982421875 0.013671875 0.017578125
0 0.16015625 0.240234375 0.0185546875 0.021484375
0 0.3447265625 0.37109375 0.021484375 0.0263671875
0 0.38671875 0.46875 0.013671875 0.017578125
0 0.193359375 0.486328125 0.0205078125 0.0234375
0 0.2724609375 0.4970703125 0.013671875 0.015625
0 0.0419921875 0.5029296875 0.015625 0.0185546875
0 0.021484375 0.4833984375 0.0126953125 0.013671875
0 0.583984375 0.087890625 0.025390625 0.0283203125
0 0.568359375 0.013671875 0.0234375 0.0263671875
0 0.5498046875 0.2197265625 0.013671875 0.017578125
0 0.474609375 0.3125 0.013671875 0.017578125
0 0.466796875 0.2998046875 0.013671875 0.017578125
0 0.6015625 0.2958984375 0.0126953125 0.013671875
0 0.658203125 0.0078125 0.0205078125 0.015625
0 0.505859375 0.5947265625 0.0126953125 0.015625
0 0.5 0.755859375 0.025390625 0.0283203125
0 0.591796875 0.9404296875 0.0126953125 0.015625
0 0.6123046875 0.91796875 0.0078125 0.0107421875
0 0.208984375 0.9716796875 0.0185546875 0.021484375
0 0.484375 0.86328125 0.009765625 0.0107421875
0 0.279296875 0.5810546875 0.0126953125 0.0126953125
0 0.4677734375 0.142578125 0.0234375 0.0283203125
0 0.16015625 0.841796875 0.017578125 0.0205078125
0 0.5654296875 0.923828125 0.0048828125 0.0078125
0 0.6875 0.9873046875 0.0078125 0.009765625
0 0.58984375 0.763671875 0.015625 0.0185546875
0 0.716796875 0.7568359375 0.15625 0.1845703125
0 0.2783203125 0.087890625 0.0078125 0.009765625
0 0.7939453125 0.2333984375 0.03125 0.0361328125
0 0.7392578125 0.2412109375 0.0234375 0.0283203125
0 0.7880859375 0.2734375 0.0263671875 0.03125
0 0.8037109375 0.0732421875 0.0185546875 0.021484375
0 0.8916015625 0.7734375 0.0126953125 0.013671875
0 0.9892578125 0.666015625 0.021484375 0.02734375
0 0.986328125 0.53125 0.025390625 0.029296875
0 0.9375 0.462890625 0.0126953125 0.013671875
0 0.9873046875 0.9296875 0.0126953125 0.013671875
0 0.94921875 0.2783203125 0.009765625 0.0107421875
0 0.8935546875 0.1572265625 0.013671875 0.017578125
0 0.8193359375 0.197265625 0.009765625 0.009765625
0 0.326171875 0.205078125 0.0126953125 0.013671875
0 0.732421875 0.115234375 0.0126953125 0.015625
0 0.294921875 0.6328125 0.0126953125 0.013671875
0 0.638671875 0.6455078125 0.0185546875 0.021484375
0 0.10546875 0.1357421875 0.0234375 0.0263671875
0 0.0419921875 0.126953125 0.03125 0.033203125
0 0.189453125 0.126953125 0.025390625 0.025390625
0 0.251953125 0.0478515625 0.0185546875 0.021484375
0 0.017578125 0.384765625 0.0283203125 0.03125
0 0.669921875 0.248046875 0.0419921875 0.0517578125
0 0.537109375 0.2822265625 0.03125 0.03125
0 0.494140625 0.279296875 0.0234375 0.029296875
0 0.1171875 0.6806640625 0.193359375 0.201171875
0 0.3291015625 0.642578125 0.0283203125 0.033203125
0 0.384765625 0.6064453125 0.025390625 0.0283203125
0 0.2421875 0.693359375 0.0185546875 0.0205078125
0 0.2607421875 0.6748046875 0.017578125 0.0185546875
0 0.033203125 0.783203125 0.03125 0.037109375
0 0.1572265625 0.537109375 0.0185546875 0.0205078125
0 0.119140625 0.4599609375 0.015625 0.0205078125
0 0.6123046875 0.458984375 0.2001953125 0.220703125
0 0.80078125 0.041015625 0.033203125 0.0390625
0 0.8046875 0.115234375 0.0390625 0.0439453125
0 0.7255859375 0.208984375 0.021484375 0.025390625
0 0.583984375 0.2041015625 0.03125 0.033203125
0 0.7724609375 0.29296875 0.0126953125 0.015625
0 0.892578125 0.349609375 0.017578125 0.0205078125
0 0.9853515625 0.0810546875 0.029296875 0.029296875
0 0.81640625 0.4482421875 0.0185546875 0.0185546875
0 0.8662109375 0.443359375 0.013671875 0.017578125
0 0.818359375 0.5927734375 0.033203125 0.0341796875
0 0.7578125 0.591796875 0.029296875 0.0283203125
0 0.5419921875 0.6123046875 0.0185546875 0.021484375
0 0.75 0.89453125 0.021484375 0.0263671875
0 0.275390625 0.7646484375 0.0234375 0.0283203125
0 0.775390625 0.7763671875 0.0107421875 0.0126953125
0 0.1748046875 0.9365234375 0.009765625 0.0126953125
0 0.9658203125 0.6982421875 0.013671875 0.015625
0 0.205078125 0.361328125 0.201171875 0.2080078125