0 0.0419921875 0.033203125 0.021484375 0.0263671875
0 0.2548828125 0.076171875 0.130859375 0.15234375
0 0.1015625 0.2646484375 0.013671875 0.015625
0 0.109375 0.34765625 0.015625 0.0185546875
0 0.5078125 0.3974609375 0.017578125 0.0205078125
0 0.46875 0.447265625 0.013671875 0.015625
0 0.65234375 0.478515625 0.0234375 0.0283203125
0 0.349609375 0.17578125 0.029296875 0.0341796875
0 0.392578125 0.2021484375 0.037109375 0.0439453125
0 0.287109375 0.744140625 0.1904296875 0.2265625
0 0.060546875 0.6796875 0.015625 0.0185546875
0 0.3984375 0.41796875 0.1484375 0.1748046875
0 0.6904296875 0.572265625 0.0205078125 0.0234375
0 0.666015625 0.951171875 0.021484375 0.0263671875
0 0.169921875 0.712890625 0.0078125 0.009765625
0 0.0703125 0.466796875 0.0283203125 0.033203125
0 0.748046875 0.150390625 0.03125 0.0361328125
0 0.927734375 0.833984375 0.0341796875 0.041015625
0 0.9892578125 0.927734375 0.0126953125 0.013671875
0 0.865234375 0.818359375 0.0234375 0.0283203125
0 0.986328125 0.986328125 0.013671875 0.017578125
0 0.837890625 0.9794921875 0.0107421875 0.0126953125
0 0.6884765625 0.9189453125 0.0126953125 0.013671875
0 0.7734375 0.5009765625 0.017578125 0.0205078125
0 0.796875 0.5244140625 0.013671875 0.015625
0 0.962890625 0.5625 0.015625 0.0185546875
0 0.939453125 0.240234375 0.021484375 0.0263671875
0 0.7705078125 0.3525390625 0.0126953125 0.013671875
0 0.6044921875 0.611328125 0.0126953125 0.0126953125
0 0.599609375 0.517578125 0.0078125 0.009765625
0 0.3046875 0.4736328125 0.0126953125 0.013671875
0 0.693359375 0.1708984375 0.0283203125 0.033203125
0 0.7626953125 0.951171875 0.0361328125 0.0419921875
0 0.822265625 0.9111328125 0.0341796875 0.041015625
0 0.49609375 0.7958984375 0.025390625 0.0283203125
0 0.3154296875 0.716796875 0.029296875 0.0341796875
0 0.7060546875 0.4345703125 0.03125 0.0361328125
0 0.12890625 0.171875 0.033203125 0.0390625
0 0.712890625 0.259765625 0.0126953125 0.013671875
0 0.4150390625 0.19921875 0.013671875 0.017578125
0 0.4052734375 0.65234375 0.017578125 0.0205078125
0 0.4443359375 0.185546875 0.025390625 0.029296875
0 0.6025390625 0.2197265625 0.0126953125 0.013671875
0 0.115234375 0.5283203125 0.025390625 0.03125
0 0.16015625 0.2080078125 0.0126953125 0.013671875
0 0.6220703125 0.2490234375 0.0283203125 0.03125
0 0.318359375 0.142578125 0.013671875 0.0185546875
0 0.25390625 0.2548828125 0.021484375 0.0263671875
0 0.0146484375 0.115234375 0.029296875 0.0419921875
0 0.2392578125 0.31640625 0.0283203125 0.0341796875
0 0.328125 0.326171875 0.0185546875 0.0205078125
0 0.095703125 0.38671875 0.0283203125 0.033203125
0 0.1455078125 0.46875 0.009765625 0.0107421875
0 0.2568359375 0.478515625 0.03125 0.0361328125
0 0.2138671875 0.5634765625 0.0205078125 0.021484375
0 0.0068359375 0.4794921875 0.013671875 0.0263671875
0 0.08203125 0.771484375 0.0390625 0.046875
0 0.1142578125 0.732421875 0.009765625 0.0126953125
0 0.1240234375 0.66015625 0.013671875 0.015625
0 0.173828125 0.892578125 0.025390625 0.03125
0 0.1123046875 0.9111328125 0.025390625 0.0283203125
0 0.365234375 0.2353515625 0.076171875 0.087890625
0 0.513671875 0.2314453125 0.015625 0.0205078125
0 0.4765625 0.3427734375 0.0263671875 0.03125
0 0.529296875 0.951171875 0.0126953125 0.013671875
0 0.533203125 0.7568359375 0.021484375 0.0234375
0 0.5048828125 0.662109375 0.021484375 0.0283203125
0 0.3916015625 0.0625 0.0234375 0.0234375
0 0.53125 0.419921875 0.0107421875 0.0126953125
0 0.5771484375 0.318359375 0.0126953125 0.015625
0 0.453125 0.365234375 0.0205078125 0.0234375
0 0.87109375 0.263671875 0.013671875 0.017578125
0 0.8916015625 0.26953125 0.017578125 0.0185546875
0 0.822265625 0.029296875 0.021484375 0.0234375
0 0.72265625 0.0205078125 0.0390625 0.041015625
0 0.689453125 0.541015625 0.017578125 0.0205078125
0 0.7451171875 0.3916015625 0.0126953125 0.013671875
0 0.822265625 0.3623046875 0.0126953125 0.013671875
0 0.791015625 0.244140625 0.0126953125 0.013671875
0 0.6826171875 0.748046875 0.171875 0.1875
0 0.5771484375 0.7529296875 0.017578125 0.0205078125
0 0.7861328125 0.80078125 0.1376953125 0.166015625
0 0.349609375 0.630859375 0.005859375 0.009765625
0 0.4091796875 0.7822265625 0.0185546875 0.0234375
0 0.8876953125 0.966796875 0.0126953125 0.0126953125
0 0.939453125 0.4501953125 0.013671875 0.0185546875
0 0.88671875 0.0673828125 0.013671875 0.015625
0 0.162109375 0.10546875 0.123046875 0.146484375
0 0.294921875 0.388671875 0.1826171875 0.1875
0 0.857421875 0.060546875 0.1826171875 0.1201171875
0 0.5849609375 0.0888671875 0.267578125 0.1748046875
0 0.1787109375 0.8818359375 0.314453125 0.2314453125