0 0.123046875 0.08203125 0.0341796875 0.041015625
0 0.0517578125 0.0673828125 0.013671875 0.017578125
0 0.21484375 0.044921875 0.013671875 0.017578125
0 0.2119140625 0.099609375 0.015625 0.0185546875
0 0.0595703125 0.279296875 0.013671875 0.015625
0 0.1435546875 0.462890625 0.013671875 0.017578125
0 0.3154296875 0.375 0.0185546875 0.021484375
0 0.357421875 0.37890625 0.0576171875 0.068359375
0 0.099609375 0.533203125 0.017578125 0.0205078125
0 0.0537109375 0.7021484375 0.0107421875 0.0126953125
0 0.1162109375 0.810546875 0.015625 0.0185546875
0 0.0419921875 0.90234375 0.029296875 0.0341796875
0 0.28515625 0.837890625 0.009765625 0.0107421875
0 0.4248046875 0.9189453125 0.0341796875 0.041015625
0 0.4580078125 0.94921875 0.029296875 0.0341796875
0 0.3232421875 0.783203125 0.0078125 0.0107421875
0 0.009765625 0.6484375 0.0126953125 0.013671875
0 0.3623046875 0.5205078125 0.0078125 0.0107421875
0 0.3271484375 0.3984375 0.0078125 0.0107421875
0 0.2802734375 0.275390625 0.0078125 0.009765625
0 0.2099609375 0.2548828125 0.0078125 0.0078125
0 0.037109375 0.4404296875 0.013671875 0.017578125
0 0.134765625 0.4130859375 0.009765625 0.0107421875
0 0.7607421875 0.0751953125 0.013671875 0.017578125
0 0.7265625 0.0458984375 0.015625 0.0185546875
0 0.865234375 0.046875 0.013671875 0.017578125
0 0.884765625 0.1044921875 0.013671875 0.015625
0 0.8916015625 0.2939453125 0.0185546875 0.021484375
0 0.427734375 0.087890625 0.0078125 0.009765625
0 0.4248046875 0.0087890625 0.0205078125 0.017578125
0 0.599609375 0.01171875 0.021484375 0.0234375
0 0.751953125 0.283203125 0.009765625 0.009765625
0 0.5654296875 0.0654296875 0.0126953125 0.013671875
0 0.837890625 0.498046875 0.0205078125 0.0234375
0 0.8603515625 0.4365234375 0.0107421875 0.0126953125
0 0.6748046875 0.666015625 0.015625 0.0185546875
0 0.6162109375 0.6328125 0.0078125 0.0107421875
0 0.75390625 0.8583984375 0.029296875 0.0341796875
0 0.5712890625 0.9814453125 0.0126953125 0.013671875
0 0.85546875 0.958984375 0.0078125 0.009765625
0 0.796875 0.9970703125 0.0078125 0.005859375
0 0.6123046875 0.923828125 0.03125 0.037109375
0 0.6083984375 0.958984375 0.0107421875 0.0126953125
0 0.4912109375 0.85546875 0.0078125 0.009765625
0 0.5400390625 0.7353515625 0.013671875 0.017578125
0 0.802734375 0.7470703125 0.009765625 0.0107421875
0 0.59375 0.3896484375 0.0234375 0.0283203125
0 0.6123046875 0.443359375 0.0078125 0.0107421875
0 0.720703125 0.3271484375 0.0078125 0.0078125
0 0.7548828125 0.322265625 0.0078125 0.0078125
0 0.712890625 0.611328125 0.0078125 0.009765625
0 0.578125 0.642578125 0.0078125 0.009765625
0 0.5654296875 0.3388671875 0.0126953125 0.015625
0 0.2958984375 0.119140625 0.021484375 0.0263671875
0 0.439453125 0.560546875 0.0205078125 0.0234375
0 0.5185546875 0.7509765625 0.0126953125 0.0126953125
0 0.23046875 0.9287109375 0.013671875 0.017578125
0 0.974609375 0.9091796875 0.021484375 0.0263671875
0 0.98828125 0.927734375 0.013671875 0.017578125
0 0.9892578125 0.986328125 0.013671875 0.017578125
0 0.916015625 0.6591796875 0.0078125 0.0078125
0 0.951171875 0.5927734375 0.0439453125 0.0517578125
0 0.9482421875 0.4755859375 0.0126953125 0.013671875
0 0.7880859375 0.28125 0.0205078125 0.0234375
0 0.0791015625 0.8447265625 0.013671875 0.015625
0 0.6455078125 0.572265625 0.0185546875 0.021484375
0 0.326171875 0.5908203125 0.0185546875 0.021484375
0 0.3134765625 0.521484375 0.0078125 0.0107421875
0 0.2998046875 0.0458984375 0.029296875 0.03125
0 0.3212890625 0.0849609375 0.015625 0.0205078125
0 0.357421875 0.255859375 0.046875 0.0517578125
0 0.1962890625 0.201171875 0.025390625 0.0283203125
0 0.029296875 0.107421875 0.033203125 0.0390625
0 0.2314453125 0.095703125 0.013671875 0.0185546875
0 0.185546875 0.361328125 0.029296875 0.033203125
0 0.11328125 0.537109375 0.0263671875 0.03125
0 0.1943359375 0.51171875 0.025390625 0.0283203125
0 0.275390625 0.490234375 0.025390625 0.03125
0 0.298828125 0.595703125 0.021484375 0.0263671875
0 0.2353515625 0.65625 0.017578125 0.021484375
0 0.330078125 0.716796875 0.013671875 0.015625
0 0.478515625 0.466796875 0.021484375 0.0263671875
0 0.474609375 0.349609375 0.013671875 0.015625
0 0.017578125 0.5888671875 0.017578125 0.0185546875
0 0.3681640625 0.7548828125 0.0234375 0.0263671875
0 0.2568359375 0.826171875 0.021484375 0.0263671875
0 0.1474609375 0.900390625 0.021484375 0.0283203125
0 0.208984375 0.93359375 0.0234375 0.0263671875
0 0.3779296875 0.1552734375 0.0078125 0.009765625
0 0.322265625 0.755859375 0.013671875 0.0126953125
0 0.4775390625 0.923828125 0.017578125 0.0205078125
0 0.5751953125 0.927734375 0.0234375 0.0263671875
0 0.5244140625 0.9462890625 0.013671875 0.017578125
0 0.369140625 0.888671875 0.0078125 0.0107421875
0 0.0205078125 0.935546875 0.0126953125 0.013671875
0 0.599609375 0.0439453125 0.0185546875 0.0234375
0 0.8935546875 0.228515625 0.0234375 0.0283203125
0 0.9326171875 0.3251953125 0.029296875 0.03125
0 0.767578125 0.2939453125 0.0283203125 0.0341796875
0 0.8974609375 0.1064453125 0.013671875 0.017578125
0 0.76171875 0.1103515625 0.017578125 0.0185546875
0 0.5830078125 0.50390625 0.0283203125 0.03125
0 0.791015625 0.6123046875 0.046875 0.0546875
0 0.8427734375 0.5244140625 0.0263671875 0.03125
0 0.810546875 0.6875 0.013671875 0.017578125
0 0.94140625 0.7216796875 0.013671875 0.017578125
0 0.9150390625 0.7958984375 0.021484375 0.0234375
0 0.857421875 0.7900390625 0.0126953125 0.0126953125
0 0.6865234375 0.75390625 0.015625 0.017578125
0 0.826171875 0.873046875 0.033203125 0.0341796875
0 0.767578125 0.927734375 0.017578125 0.0185546875
0 0.748046875 0.94140625 0.009765625 0.0107421875
0 0.8720703125 0.833984375 0.0205078125 0.021484375
0 0.955078125 0.5615234375 0.037109375 0.0419921875
0 0.771484375 0.3583984375 0.013671875 0.017578125
0 0.5703125 0.4248046875 0.015625 0.017578125
0 0.552734375 0.3642578125 0.025390625 0.03125
0 0.009765625 0.4931640625 0.0185546875 0.0341796875