0 0.14453125 0.357421875 0.017578125 0.0205078125
0 0.234375 0.107421875 0.013671875 0.017578125
0 0.2138671875 0.1796875 0.0263671875 0.03125
0 0.3828125 0.3447265625 0.029296875 0.0341796875
0 0.3935546875 0.37890625 0.0126953125 0.013671875
0 0.224609375 0.4208984375 0.0341796875 0.041015625
0 0.341796875 0.482421875 0.013671875 0.015625
0 0.4814453125 0.06640625 0.140625 0.1328125
0 0.01171875 0.1923828125 0.021484375 0.025390625
0 0.080078125 0.548828125 0.015625 0.0185546875
0 0.107421875 0.818359375 0.0283203125 0.0341796875
0 0.0966796875 0.728515625 0.029296875 0.0341796875
0 0.2099609375 0.69921875 0.013671875 0.015625
0 0.232421875 0.779296875 0.0234375 0.0283203125
0 0.0888671875 0.958984375 0.0263671875 0.03125
0 0.197265625 0.888671875 0.0185546875 0.021484375
0 0.15234375 0.865234375 0.0107421875 0.0126953125
0 0.4462890625 0.876953125 0.013671875 0.015625
0 0.0712890625 0.7490234375 0.0234375 0.0283203125
0 0.4267578125 0.21484375 0.0205078125 0.0234375
0 0.052734375 0.2666015625 0.0205078125 0.0234375
0 0.458984375 0.263671875 0.0263671875 0.03125
0 0.5517578125 0.3291015625 0.0283203125 0.0341796875
0 0.4384765625 0.50390625 0.015625 0.0185546875
0 0.1689453125 0.6787109375 0.009765625 0.0126953125
0 0.357421875 0.15234375 0.013671875 0.017578125
0 0.40234375 0.146484375 0.013671875 0.017578125
0 0.6533203125 0.271484375 0.0859375 0.099609375
0 0.71484375 0.3310546875 0.0185546875 0.021484375
0 0.7080078125 0.5224609375 0.015625 0.0185546875
0 0.71875 0.5888671875 0.021484375 0.0263671875
0 0.919921875 0.5830078125 0.009765625 0.0107421875
0 0.806640625 0.6201171875 0.0126953125 0.0126953125
0 0.7353515625 0.599609375 0.0078125 0.0107421875
0 0.8271484375 0.201171875 0.0732421875 0.087890625
0 0.96484375 0.205078125 0.013671875 0.017578125
0 0.9833984375 0.369140625 0.0234375 0.0283203125
0 0.69140625 0.955078125 0.013671875 0.017578125
0 0.6396484375 0.935546875 0.0107421875 0.0126953125
0 0.935546875 0.9541015625 0.013671875 0.015625
0 0.890625 0.9375 0.0126953125 0.013671875
0 0.7822265625 0.9931640625 0.017578125 0.013671875
0 0.689453125 0.7666015625 0.017578125 0.0205078125
0 0.7001953125 0.744140625 0.0205078125 0.0234375
0 0.8564453125 0.7412109375 0.0126953125 0.0126953125
0 0.98828125 0.9296875 0.015625 0.0185546875
0 0.630859375 0.525390625 0.009765625 0.0107421875
0 0.0625 0.017578125 0.017578125 0.0205078125
0 0.2900390625 0.5732421875 0.017578125 0.0205078125
0 0.3037109375 0.505859375 0.0185546875 0.021484375
0 0.1044921875 0.494140625 0.0107421875 0.0126953125
0 0.779296875 0.4677734375 0.166015625 0.1953125
0 0.599609375 0.3505859375 0.0234375 0.0283203125
0 0.4140625 0.6181640625 0.0283203125 0.03125
0 0.880859375 0.8525390625 0.015625 0.0185546875
0 0.8623046875 0.306640625 0.1845703125 0.205078125
0 0.6337890625 0.654296875 0.140625 0.166015625
0 0.51953125 0.5703125 0.1875 0.2109375
0 0.3154296875 0.201171875 0.078125 0.095703125
0 0.5634765625 0.873046875 0.1748046875 0.193359375
0 0.669921875 0.888671875 0.033203125 0.037109375
0 0.716796875 0.7529296875 0.033203125 0.0390625
0 0.873046875 0.71875 0.029296875 0.0341796875
0 0.345703125 0.5400390625 0.0341796875 0.041015625
0 0.4287109375 0.6669921875 0.033203125 0.0439453125
0 0.4560546875 0.845703125 0.0283203125 0.033203125
0 0.580078125 0.849609375 0.041015625 0.052734375
0 0.6376953125 0.3203125 0.046875 0.052734375
0 0.1865234375 0.5439453125 0.021484375 0.0283203125
0 0.201171875 0.41015625 0.015625 0.0205078125
0 0.263671875 0.341796875 0.015625 0.017578125
0 0.7578125 0.2119140625 0.033203125 0.0361328125
0 0.154296875 0.6875 0.013671875 0.0185546875
0 0.400390625 0.1923828125 0.021484375 0.025390625
0 0.58203125 0.412109375 0.017578125 0.021484375
0 0.341796875 0.3251953125 0.0234375 0.03125
0 0.109375 0.7119140625 0.0185546875 0.021484375
0 0.8447265625 0.5302734375 0.029296875 0.0361328125
0 0.9296875 0.64453125 0.015625 0.015625
0 0.9912109375 0.5498046875 0.009765625 0.0107421875
0 0.35546875 0.4619140625 0.029296875 0.0361328125
0 0.7412109375 0.234375 0.0234375 0.03125