0 0.3583984375 0.068359375 0.015625 0.0185546875
0 0.388671875 0.1484375 0.033203125 0.037109375
0 0.419921875 0.142578125 0.0205078125 0.0234375
0 0.3681640625 0.185546875 0.013671875 0.015625
0 0.4345703125 0.255859375 0.021484375 0.025390625
0 0.236328125 0.220703125 0.0126953125 0.013671875
0 0.052734375 0.228515625 0.0341796875 0.041015625
0 0.05859375 0.095703125 0.005859375 0.005859375
0 0.1630859375 0.083984375 0.009765625 0.0126953125
0 0.296875 0.0283203125 0.0185546875 0.021484375
0 0.2998046875 0.37109375 0.0107421875 0.0126953125
0 0.392578125 0.283203125 0.013671875 0.017578125
0 0.1083984375 0.396484375 0.021484375 0.0263671875
0 0.1455078125 0.404296875 0.0048828125 0.005859375
0 0.193359375 0.3095703125 0.0185546875 0.021484375
0 0.009765625 0.380859375 0.0185546875 0.041015625
0 0.404296875 0.5224609375 0.017578125 0.0205078125
0 0.4794921875 0.427734375 0.0234375 0.0283203125
0 0.31640625 0.4140625 0.013671875 0.015625
0 0.1279296875 0.4892578125 0.0234375 0.0283203125
0 0.1376953125 0.6796875 0.0205078125 0.0234375
0 0.380859375 0.912109375 0.029296875 0.0341796875
0 0.3935546875 0.953125 0.0078125 0.009765625
0 0.0849609375 0.974609375 0.0126953125 0.013671875
0 0.412109375 0.630859375 0.009765625 0.0107421875
0 0.197265625 0.62109375 0.0078125 0.009765625
0 0.283203125 0.5498046875 0.0126953125 0.0126953125
0 0.3271484375 0.419921875 0.017578125 0.0205078125
0 0.3876953125 0.361328125 0.013671875 0.015625
0 0.458984375 0.302734375 0.009765625 0.009765625
0 0.505859375 0.33203125 0.025390625 0.029296875
0 0.552734375 0.388671875 0.0078125 0.0078125
0 0.6162109375 0.3740234375 0.0263671875 0.03125
0 0.583984375 0.447265625 0.0126953125 0.013671875
0 0.435546875 0.201171875 0.0078125 0.009765625
0 0.009765625 0.1416015625 0.01953125 0.025390625
0 0.4716796875 0.013671875 0.068359375 0.02734375
0 0.431640625 0.0234375 0.0234375 0.0283203125
0 0.552734375 0.0166015625 0.013671875 0.017578125
0 0.6240234375 0.248046875 0.0126953125 0.015625
0 0.4931640625 0.634765625 0.0263671875 0.03125
0 0.46875 0.7119140625 0.013671875 0.017578125
0 0.0048828125 0.587890625 0.009765625 0.017578125
0 0.43359375 0.166015625 0.017578125 0.0205078125
0 0.794921875 0.8505859375 0.0234375 0.0283203125
0 0.9873046875 0.927734375 0.0126953125 0.013671875
0 0.658203125 0.8291015625 0.0126953125 0.013671875
0 0.41796875 0.6728515625 0.021484375 0.0263671875
0 0.953125 0.537109375 0.0234375 0.0283203125
0 0.837890625 0.48046875 0.005859375 0.0078125
0 0.8759765625 0.4970703125 0.0263671875 0.03125
0 0.734375 0.150390625 0.0263671875 0.03125
0 0.6982421875 0.1767578125 0.03125 0.0361328125
0 0.6396484375 0.0595703125 0.0283203125 0.03125
0 0.6708984375 0.3271484375 0.021484375 0.0263671875
0 0.7861328125 0.46484375 0.046875 0.0546875
0 0.912109375 0.16796875 0.029296875 0.0341796875
0 0.9833984375 0.193359375 0.017578125 0.0205078125
0 0.236328125 0.48828125 0.0234375 0.0283203125
0 0.33203125 0.13671875 0.037109375 0.0439453125
0 0.4951171875 0.255859375 0.056640625 0.064453125
0 0.546875 0.1591796875 0.0234375 0.0283203125
0 0.5908203125 0.1015625 0.03125 0.0361328125
0 0.5693359375 0.0517578125 0.0517578125 0.0595703125
0 0.201171875 0.2705078125 0.025390625 0.0283203125
0 0.2900390625 0.2880859375 0.0185546875 0.0205078125
0 0.2763671875 0.26953125 0.017578125 0.0205078125
0 0.1044921875 0.197265625 0.021484375 0.025390625
0 0.154296875 0.244140625 0.0205078125 0.0234375
0 0.279296875 0.0869140625 0.021484375 0.0263671875
0 0.28515625 0.123046875 0.0234375 0.0283203125
0 0.2431640625 0.0654296875 0.013671875 0.017578125
0 0.2275390625 0.15234375 0.009765625 0.0107421875
0 0.2138671875 0.412109375 0.021484375 0.0283203125
0 0.142578125 0.5107421875 0.0185546875 0.021484375
0 0.158203125 0.4423828125 0.005859375 0.0078125
0 0.3017578125 0.5830078125 0.0205078125 0.0234375
0 0.3046875 0.646484375 0.013671875 0.015625
0 0.2734375 0.646484375 0.03125 0.0390625
0 0.1728515625 0.619140625 0.0126953125 0.0126953125
0 0.185546875 0.689453125 0.0185546875 0.0234375
0 0.2421875 0.7236328125 0.0126953125 0.015625
0 0.1103515625 0.7431640625 0.013671875 0.0126953125
0 0.1357421875 0.6474609375 0.0205078125 0.0234375
0 0.037109375 0.677734375 0.009765625 0.0126953125
0 0.080078125 0.873046875 0.029296875 0.0361328125
0 0.1103515625 0.818359375 0.009765625 0.0126953125
0 0.021484375 0.908203125 0.013671875 0.0185546875
0 0.154296875 0.912109375 0.015625 0.0205078125
0 0.3427734375 0.970703125 0.033203125 0.037109375
0 0.3671875 0.8408203125 0.015625 0.0185546875
0 0.3291015625 0.8935546875 0.0078125 0.0107421875
0 0.423828125 0.1015625 0.0361328125 0.0419921875
0 0.3505859375 0.2412109375 0.0234375 0.029296875
0 0.654296875 0.2333984375 0.013671875 0.017578125
0 0.662109375 0.1865234375 0.0126953125 0.013671875
0 0.515625 0.1904296875 0.0234375 0.0283203125
0 0.65234375 0.3984375 0.013671875 0.017578125
0 0.701171875 0.4052734375 0.0263671875 0.03125
0 0.5498046875 0.46484375 0.021484375 0.0263671875
0 0.6181640625 0.521484375 0.021484375 0.0263671875
0 0.4921875 0.60546875 0.017578125 0.0205078125
0 0.6220703125 0.01171875 0.0185546875 0.0205078125
0 0.724609375 0.1044921875 0.0107421875 0.0126953125
0 0.8408203125 0.0625 0.068359375 0.078125
0 0.814453125 0.169921875 0.025390625 0.029296875
0 0.78125 0.1962890625 0.046875 0.052734375
0 0.966796875 0.2685546875 0.005859375 0.005859375
0 0.923828125 0.041015625 0.041015625 0.0439453125
0 0.880859375 0.416015625 0.0263671875 0.03125
0 0.7939453125 0.08984375 0.015625 0.017578125
0 0.955078125 0.4736328125 0.017578125 0.0205078125
0 0.876953125 0.4716796875 0.0263671875 0.029296875
0 0.775390625 0.5234375 0.013671875 0.0185546875
0 0.8125 0.630859375 0.021484375 0.0283203125
0 0.71875 0.5966796875 0.015625 0.0185546875
0 0.7744140625 0.666015625 0.015625 0.0185546875
0 0.80859375 0.5771484375 0.015625 0.0185546875
0 0.884765625 0.5751953125 0.009765625 0.0107421875
0 0.896484375 0.6162109375 0.009765625 0.0107421875
0 0.85546875 0.419921875 0.013671875 0.015625
0 0.7373046875 0.4404296875 0.0234375 0.0283203125
0 0.931640625 0.7138671875 0.0283203125 0.03125
0 0.9365234375 0.7861328125 0.0126953125 0.0126953125
0 0.853515625 0.939453125 0.0048828125 0.005859375
0 0.5693359375 0.9296875 0.017578125 0.021484375
0 0.5068359375 0.9267578125 0.0107421875 0.013671875
0 0.4755859375 0.91796875 0.0126953125 0.0126953125
0 0.458984375 0.861328125 0.0361328125 0.037109375
0 0.505859375 0.779296875 0.0419921875 0.0498046875
0 0.59375 0.7744140625 0.029296875 0.0341796875
0 0.84765625 0.2470703125 0.0205078125 0.021484375
0 0.9306640625 0.1865234375 0.0126953125 0.013671875
0 0.447265625 0.638671875 0.021484375 0.0283203125
0 0.232421875 0.3154296875 0.013671875 0.015625
0 0.1669921875 0.533203125 0.009765625 0.0107421875
0 0.515625 0.58203125 0.0078125 0.0107421875
0 0.572265625 0.607421875 0.0078125 0.009765625
0 0.2197265625 0.8583984375 0.2109375 0.2109375
0 0.5869140625 0.7021484375 0.203125 0.2001953125