0 0.0537109375 0.2294921875 0.0341796875 0.041015625
0 0.1044921875 0.197265625 0.021484375 0.0263671875
0 0.1552734375 0.244140625 0.0205078125 0.025390625
0 0.2021484375 0.26953125 0.0234375 0.0283203125
0 0.27734375 0.2705078125 0.0185546875 0.0205078125
0 0.2900390625 0.2880859375 0.0205078125 0.0234375
0 0.3505859375 0.240234375 0.0263671875 0.03125
0 0.2275390625 0.1533203125 0.009765625 0.009765625
0 0.2431640625 0.0654296875 0.013671875 0.017578125
0 0.2978515625 0.0283203125 0.017578125 0.0205078125
0 0.359375 0.068359375 0.013671875 0.017578125
0 0.279296875 0.087890625 0.021484375 0.025390625
0 0.2841796875 0.123046875 0.0234375 0.0283203125
0 0.3310546875 0.1357421875 0.037109375 0.0439453125
0 0.3681640625 0.185546875 0.0107421875 0.0126953125
0 0.388671875 0.1484375 0.033203125 0.0390625
0 0.419921875 0.142578125 0.021484375 0.0234375
0 0.423828125 0.1015625 0.0361328125 0.0419921875
0 0.623046875 0.0126953125 0.0185546875 0.021484375
0 0.552734375 0.0166015625 0.0126953125 0.013671875
0 0.5703125 0.052734375 0.052734375 0.060546875
0 0.591796875 0.1005859375 0.03125 0.037109375
0 0.6396484375 0.05859375 0.0263671875 0.03125
0 0.5478515625 0.158203125 0.0234375 0.0283203125
0 0.515625 0.1904296875 0.0234375 0.0263671875
0 0.4951171875 0.255859375 0.0576171875 0.0654296875
0 0.4345703125 0.2568359375 0.0205078125 0.0234375
0 0.654296875 0.232421875 0.013671875 0.017578125
0 0.6630859375 0.185546875 0.0126953125 0.015625
0 0.697265625 0.17578125 0.03125 0.0361328125
0 0.736328125 0.150390625 0.0283203125 0.033203125
0 0.724609375 0.103515625 0.009765625 0.0107421875
0 0.7939453125 0.0888671875 0.015625 0.0185546875
0 0.83984375 0.064453125 0.068359375 0.080078125
0 0.923828125 0.041015625 0.041015625 0.046875
0 0.9306640625 0.185546875 0.0126953125 0.013671875
0 0.814453125 0.169921875 0.025390625 0.029296875
0 0.783203125 0.1962890625 0.046875 0.052734375
0 0.84765625 0.2470703125 0.021484375 0.025390625
0 0.880859375 0.4150390625 0.0263671875 0.03125
0 0.8564453125 0.4189453125 0.015625 0.0185546875
0 0.8779296875 0.4716796875 0.025390625 0.029296875
0 0.955078125 0.47265625 0.015625 0.0185546875
0 0.884765625 0.57421875 0.0078125 0.009765625
0 0.896484375 0.6162109375 0.0107421875 0.0107421875
0 0.931640625 0.712890625 0.029296875 0.0341796875
0 0.9365234375 0.7861328125 0.0107421875 0.0126953125
0 0.7958984375 0.849609375 0.0234375 0.0283203125
0 0.728515625 0.7158203125 0.041015625 0.046875
0 0.7734375 0.666015625 0.017578125 0.0205078125
0 0.8125 0.630859375 0.0234375 0.0263671875
0 0.80859375 0.576171875 0.017578125 0.0205078125
0 0.775390625 0.5234375 0.017578125 0.0205078125
0 0.71875 0.595703125 0.017578125 0.0205078125
0 0.7392578125 0.439453125 0.0234375 0.0283203125
0 0.701171875 0.404296875 0.0283203125 0.033203125
0 0.65234375 0.396484375 0.015625 0.0185546875
0 0.669921875 0.3271484375 0.0234375 0.0283203125
0 0.615234375 0.375 0.0263671875 0.03125
0 0.505859375 0.33203125 0.0234375 0.0283203125
0 0.478515625 0.427734375 0.021484375 0.0263671875
0 0.4853515625 0.412109375 0.0107421875 0.0126953125
0 0.5498046875 0.4638671875 0.0234375 0.0263671875
0 0.6181640625 0.521484375 0.0234375 0.0263671875
0 0.5947265625 0.7734375 0.0283203125 0.033203125
0 0.505859375 0.7802734375 0.0419921875 0.0498046875
0 0.5693359375 0.9287109375 0.0185546875 0.0205078125
0 0.505859375 0.9248046875 0.0107421875 0.0126953125
0 0.4765625 0.9169921875 0.013671875 0.015625
0 0.4814453125 0.908203125 0.0107421875 0.0126953125
0 0.458984375 0.859375 0.033203125 0.0390625
0 0.3671875 0.83984375 0.015625 0.0185546875
0 0.3291015625 0.892578125 0.009765625 0.0107421875
0 0.3046875 0.8974609375 0.015625 0.0185546875
0 0.3427734375 0.9697265625 0.033203125 0.037109375
0 0.154296875 0.912109375 0.017578125 0.0205078125
0 0.0849609375 0.974609375 0.0107421875 0.0126953125
0 0.021484375 0.908203125 0.017578125 0.0185546875
0 0.080078125 0.87109375 0.033203125 0.037109375
0 0.1103515625 0.8154296875 0.009765625 0.0126953125
0 0.2236328125 0.857421875 0.216796875 0.201171875
0 0.037109375 0.677734375 0.0107421875 0.0126953125
0 0.111328125 0.7412109375 0.013671875 0.015625
0 0.185546875 0.689453125 0.021484375 0.0263671875
0 0.2431640625 0.7236328125 0.013671875 0.015625
0 0.1357421875 0.646484375 0.021484375 0.025390625
0 0.1728515625 0.6181640625 0.013671875 0.015625
0 0.138671875 0.6787109375 0.021484375 0.0263671875
0 0.2724609375 0.646484375 0.0361328125 0.041015625
0 0.3046875 0.6455078125 0.015625 0.0185546875
0 0.3017578125 0.58203125 0.021484375 0.025390625
0 0.0048828125 0.58984375 0.009765625 0.013671875
0 0.1416015625 0.509765625 0.0205078125 0.0234375
0 0.12890625 0.4892578125 0.0234375 0.0283203125
0 0.2138671875 0.4111328125 0.0234375 0.0283203125
0 0.1455078125 0.404296875 0.005859375 0.0078125
0 0.158203125 0.4423828125 0.005859375 0.009765625
0 0.1669921875 0.5341796875 0.005859375 0.0078125
0 0.009765625 0.3798828125 0.01953125 0.041015625
0 0.2998046875 0.37109375 0.0126953125 0.013671875
0 0.31640625 0.4130859375 0.013671875 0.017578125
0 0.404296875 0.5224609375 0.021484375 0.0234375
0 0.4931640625 0.60546875 0.017578125 0.0205078125
0 0.447265625 0.638671875 0.021484375 0.0263671875
0 0.658203125 0.8271484375 0.0126953125 0.013671875
0 0.587890625 0.705078125 0.212890625 0.2080078125
0 0.583984375 0.4482421875 0.0107421875 0.0126953125