0 0.29296875 0.056640625 0.021484375 0.0263671875
0 0.59375 0.2021484375 0.0283203125 0.033203125
0 0.6953125 0.10546875 0.029296875 0.0341796875
0 0.705078125 0.1552734375 0.0185546875 0.021484375
0 0.669921875 0.1328125 0.015625 0.0185546875
0 0.6611328125 0.115234375 0.0205078125 0.0234375
0 0.4716796875 0.25390625 0.015625 0.0185546875
0 0.408203125 0.083984375 0.0205078125 0.0234375
0 0.0654296875 0.1513671875 0.015625 0.0185546875
0 0.1982421875 0.404296875 0.0185546875 0.021484375
0 0.080078125 0.5224609375 0.021484375 0.0263671875
0 0.205078125 0.525390625 0.015625 0.0185546875
0 0.4833984375 0.591796875 0.033203125 0.0390625
0 0.068359375 0.5751953125 0.0205078125 0.0234375
0 0.248046875 0.0078125 0.0283203125 0.015625
0 0.5419921875 0.3681640625 0.0205078125 0.0234375
0 0.2763671875 0.88671875 0.015625 0.0185546875
0 0.115234375 0.892578125 0.013671875 0.015625
0 0.5654296875 0.8642578125 0.021484375 0.0263671875
0 0.5283203125 0.7392578125 0.017578125 0.0205078125
0 0.48828125 0.69921875 0.013671875 0.015625
0 0.513671875 0.2763671875 0.0185546875 0.021484375
0 0.6025390625 0.298828125 0.0107421875 0.0126953125
0 0.6181640625 0.408203125 0.013671875 0.017578125
0 0.5458984375 0.529296875 0.0126953125 0.015625
0 0.2236328125 0.548828125 0.0205078125 0.0234375
0 0.1435546875 0.80859375 0.041015625 0.048828125
0 0.853515625 0.0224609375 0.033203125 0.0390625
0 0.7529296875 0.0771484375 0.0107421875 0.0126953125
0 0.908203125 0.37109375 0.146484375 0.173828125
0 0.990234375 0.158203125 0.0126953125 0.013671875
0 0.525390625 0.0087890625 0.0283203125 0.017578125
0 0.8515625 0.509765625 0.0205078125 0.0234375
0 0.919921875 0.5810546875 0.021484375 0.0263671875
0 0.876953125 0.58203125 0.013671875 0.017578125
0 0.9892578125 0.9287109375 0.015625 0.0185546875
0 0.3017578125 0.6171875 0.220703125 0.259765625
0 0.8896484375 0.1171875 0.0576171875 0.068359375
0 0.8271484375 0.373046875 0.03125 0.0361328125
0 0.62890625 0.451171875 0.013671875 0.015625
0 0.4033203125 0.7705078125 0.017578125 0.0205078125
0 0.7919921875 0.64453125 0.0185546875 0.021484375
0 0.783203125 0.318359375 0.0283203125 0.03125
0 0.03125 0.7861328125 0.0185546875 0.021484375
0 0.404296875 0.8701171875 0.138671875 0.162109375
0 0.279296875 0.333984375 0.025390625 0.03125
0 0.228515625 0.8583984375 0.025390625 0.029296875
0 0.6728515625 0.759765625 0.0205078125 0.0234375
0 0.0546875 0.939453125 0.015625 0.0185546875
0 0.1953125 0.1806640625 0.154296875 0.1796875
0 0.115234375 0.1318359375 0.0205078125 0.0234375
0 0.4423828125 0.146484375 0.111328125 0.125
0 0.1435546875 0.3447265625 0.025390625 0.03125
0 0.396484375 0.3349609375 0.107421875 0.1279296875
0 0.3134765625 0.3779296875 0.037109375 0.0439453125
0 0.267578125 0.3544921875 0.0185546875 0.0205078125
0 0.111328125 0.408203125 0.0390625 0.041015625
0 0.0419921875 0.4384765625 0.0234375 0.0283203125
0 0.0986328125 0.248046875 0.046875 0.056640625
0 0.1689453125 0.7353515625 0.0185546875 0.021484375
0 0.2265625 0.740234375 0.0185546875 0.0205078125
0 0.3466796875 0.6318359375 0.029296875 0.03125
0 0.248046875 0.6015625 0.0107421875 0.013671875
0 0.13671875 0.6650390625 0.0185546875 0.021484375
0 0.025390625 0.5615234375 0.013671875 0.015625
0 0.0791015625 0.7861328125 0.029296875 0.033203125
0 0.0712890625 0.8427734375 0.017578125 0.0205078125
0 0.2763671875 0.8486328125 0.0234375 0.0283203125
0 0.3466796875 0.5458984375 0.03125 0.03125
0 0.4892578125 0.447265625 0.021484375 0.0234375
0 0.4990234375 0.052734375 0.0185546875 0.021484375
0 0.5126953125 0.18359375 0.0205078125 0.021484375
0 0.166015625 0.0849609375 0.025390625 0.029296875
0 0.83203125 0.1201171875 0.029296875 0.03125
0 0.8564453125 0.255859375 0.015625 0.0205078125
0 0.6748046875 0.173828125 0.021484375 0.0234375
0 0.591796875 0.421875 0.021484375 0.0263671875
0 0.724609375 0.451171875 0.0234375 0.0283203125
0 0.6396484375 0.45703125 0.017578125 0.0185546875
0 0.6572265625 0.5888671875 0.0234375 0.0283203125
0 0.716796875 0.595703125 0.021484375 0.0263671875
0 0.8125 0.63671875 0.021484375 0.0263671875
0 0.85546875 0.556640625 0.025390625 0.0283203125
0 0.7626953125 0.5009765625 0.03125 0.0341796875
0 0.8876953125 0.2705078125 0.025390625 0.0263671875
0 0.90625 0.021484375 0.05078125 0.04296875
0 0.599609375 0.716796875 0.021484375 0.0263671875
0 0.658203125 0.6611328125 0.017578125 0.0205078125
0 0.634765625 0.6708984375 0.015625 0.0185546875
0 0.7060546875 0.927734375 0.0126953125 0.015625
0 0.474609375 0.3837890625 0.025390625 0.029296875
0 0.5703125 0.638671875 0.099609375 0.1171875
0 0.841796875 0.7763671875 0.1455078125 0.158203125
0 0.9287109375 0.802734375 0.025390625 0.029296875
0 0.6767578125 0.822265625 0.0546875 0.0673828125
0 0.6494140625 0.48046875 0.013671875 0.017578125
0 0.2705078125 0.169921875 0.283203125 0.2705078125
0 0.1015625 0.484375 0.2001953125 0.28125
0 0.439453125 0.431640625 0.236328125 0.234375
0 0.6015625 0.873046875 0.2294921875 0.25