0 0.2158203125 0.099609375 0.021484375 0.0263671875
0 0.2119140625 0.072265625 0.021484375 0.0263671875
0 0.2431640625 0.166015625 0.0205078125 0.0234375
0 0.3388671875 0.341796875 0.021484375 0.025390625
0 0.2607421875 0.28515625 0.013671875 0.017578125
0 0.4111328125 0.0732421875 0.033203125 0.0390625
0 0.5078125 0.041015625 0.15625 0.08203125
0 0.0859375 0.103515625 0.015625 0.0185546875
0 0.37109375 0.30859375 0.0107421875 0.0126953125
0 0.490234375 0.5068359375 0.025390625 0.029296875
0 0.5654296875 0.359375 0.0107421875 0.0126953125
0 0.67578125 0.4052734375 0.017578125 0.0205078125
0 0.240234375 0.4091796875 0.0126953125 0.013671875
0 0.099609375 0.462890625 0.013671875 0.017578125
0 0.5634765625 0.087890625 0.0126953125 0.0126953125
0 0.4482421875 0.337890625 0.0263671875 0.03125
0 0.501953125 0.322265625 0.0078125 0.0078125
0 0.5234375 0.591796875 0.017578125 0.0205078125
0 0.576171875 0.6376953125 0.0234375 0.0283203125
0 0.5185546875 0.7412109375 0.0234375 0.0283203125
0 0.5322265625 0.7978515625 0.015625 0.0185546875
0 0.59765625 0.794921875 0.0126953125 0.0126953125
0 0.65234375 0.87890625 0.037109375 0.0439453125
0 0.677734375 0.833984375 0.0078125 0.009765625
0 0.900390625 0.6953125 0.015625 0.0185546875
0 0.5693359375 0.7060546875 0.0283203125 0.0341796875
0 0.4814453125 0.146484375 0.021484375 0.025390625
0 0.376953125 0.130859375 0.0185546875 0.021484375
0 0.12890625 0.6552734375 0.0107421875 0.0126953125
0 0.88671875 0.072265625 0.0283203125 0.033203125
0 0.8955078125 0.341796875 0.048828125 0.056640625
0 0.9208984375 0.373046875 0.033203125 0.0390625
0 0.9912109375 0.439453125 0.017578125 0.029296875
0 0.662109375 0.6787109375 0.0185546875 0.021484375
0 0.927734375 0.9794921875 0.0126953125 0.013671875
0 0.900390625 0.94921875 0.03125 0.0361328125
0 0.7509765625 0.46875 0.013671875 0.017578125
0 0.62109375 0.2978515625 0.0361328125 0.0419921875
0 0.88671875 0.458984375 0.0263671875 0.03125
0 0.0703125 0.263671875 0.0419921875 0.048828125
0 0.24609375 0.2626953125 0.037109375 0.046875
0 0.4267578125 0.3193359375 0.021484375 0.0263671875
0 0.419921875 0.0986328125 0.013671875 0.015625
0 0.5380859375 0.3154296875 0.0205078125 0.0234375
0 0.5703125 0.4365234375 0.021484375 0.0263671875
0 0.5888671875 0.4775390625 0.0185546875 0.021484375
0 0.587890625 0.1416015625 0.017578125 0.025390625
0 0.7763671875 0.259765625 0.0185546875 0.021484375
0 0.736328125 0.2763671875 0.021484375 0.0263671875
0 0.265625 0.46875 0.0283203125 0.033203125
0 0.4228515625 0.4716796875 0.0205078125 0.0234375
0 0.6357421875 0.576171875 0.0498046875 0.0576171875
0 0.71875 0.6123046875 0.052734375 0.060546875
0 0.7138671875 0.5302734375 0.0283203125 0.03125
0 0.4638671875 0.521484375 0.0185546875 0.0205078125
0 0.1181640625 0.1416015625 0.046875 0.0498046875
0 0.3779296875 0.66796875 0.03125 0.037109375
0 0.6630859375 0.119140625 0.0263671875 0.029296875
0 0.55078125 0.794921875 0.0283203125 0.0361328125
0 0.697265625 0.853515625 0.0185546875 0.021484375
0 0.724609375 0.9521484375 0.025390625 0.029296875
0 0.0634765625 0.908203125 0.0498046875 0.0546875
0 0.068359375 0.947265625 0.0185546875 0.021484375
0 0.025390625 0.9404296875 0.015625 0.0185546875
0 0.544921875 0.9404296875 0.025390625 0.0263671875
0 0.71484375 0.6689453125 0.029296875 0.03125
0 0.52734375 0.650390625 0.017578125 0.0185546875
0 0.9033203125 0.388671875 0.033203125 0.0390625
0 0.92578125 0.48046875 0.021484375 0.0263671875
0 0.9677734375 0.1787109375 0.033203125 0.037109375
0 0.427734375 0.37109375 0.013671875 0.017578125
0 0.806640625 0.3955078125 0.0126953125 0.017578125
0 0.837890625 0.54296875 0.1435546875 0.162109375
0 0.8955078125 0.8837890625 0.0205078125 0.021484375
0 0.4619140625 0.7080078125 0.0517578125 0.0625
0 0.59765625 0.2373046875 0.0341796875 0.0390625
0 0.6328125 0.056640625 0.013671875 0.015625
0 0.02734375 0.2060546875 0.0341796875 0.0361328125
0 0.08203125 0.228515625 0.0185546875 0.021484375
0 0.3349609375 0.521484375 0.220703125 0.21875
0 0.3876953125 0.876953125 0.2626953125 0.244140625
0 0.103515625 0.2890625 0.203125 0.2998046875
0 0.78125 0.228515625 0.279296875 0.259765625