0 0.130859375 0.01953125 0.025390625 0.029296875
0 0.1142578125 0.068359375 0.0205078125 0.0234375
0 0.232421875 0.025390625 0.015625 0.0205078125
0 0.3876953125 0.1435546875 0.03125 0.037109375
0 0.4150390625 0.1787109375 0.029296875 0.0361328125
0 0.4287109375 0.3447265625 0.025390625 0.029296875
0 0.2041015625 0.513671875 0.0234375 0.0283203125
0 0.201171875 0.8017578125 0.0234375 0.0263671875
0 0.541015625 0.7109375 0.0185546875 0.021484375
0 0.5546875 0.6572265625 0.0205078125 0.0234375
0 0.849609375 0.578125 0.0185546875 0.021484375
0 0.9560546875 0.3974609375 0.025390625 0.0283203125
0 0.439453125 0.572265625 0.0390625 0.044921875
0 0.697265625 0.2705078125 0.0263671875 0.03125
0 0.67578125 0.107421875 0.0205078125 0.025390625
0 0.853515625 0.083984375 0.0234375 0.0283203125
0 0.9443359375 0.1396484375 0.0419921875 0.048828125
0 0.64453125 0.255859375 0.025390625 0.029296875
0 0.392578125 0.236328125 0.017578125 0.0205078125
0 0.2998046875 0.3447265625 0.015625 0.0205078125
0 0.30859375 0.3681640625 0.013671875 0.015625
0 0.6708984375 0.703125 0.015625 0.0185546875
0 0.6298828125 0.755859375 0.015625 0.0185546875
0 0.1396484375 0.3955078125 0.0205078125 0.0234375
0 0.0966796875 0.4814453125 0.025390625 0.03125
0 0.212890625 0.4638671875 0.029296875 0.0341796875
0 0.3349609375 0.9150390625 0.0234375 0.033203125
0 0.548828125 0.4677734375 0.1923828125 0.2236328125
0 0.2158203125 0.1884765625 0.2001953125 0.220703125
0 0.0185546875 0.107421875 0.037109375 0.056640625
0 0.111328125 0.095703125 0.013671875 0.017578125
0 0.2490234375 0.0185546875 0.015625 0.0205078125
0 0.216796875 0.0478515625 0.025390625 0.029296875
0 0.2587890625 0.0712890625 0.037109375 0.0419921875
0 0.310546875 0.080078125 0.013671875 0.013671875
0 0.3740234375 0.0732421875 0.015625 0.017578125
0 0.4326171875 0.05859375 0.0185546875 0.021484375
0 0.4130859375 0.119140625 0.041015625 0.044921875
0 0.4384765625 0.294921875 0.037109375 0.046875
0 0.53125 0.1669921875 0.0234375 0.029296875
0 0.5830078125 0.107421875 0.1279296875 0.140625
0 0.6123046875 0.2109375 0.021484375 0.0263671875
0 0.9755859375 0.111328125 0.0419921875 0.0498046875
0 0.830078125 0.1767578125 0.0390625 0.0439453125
0 0.845703125 0.2978515625 0.1953125 0.197265625
0 0.8408203125 0.4853515625 0.017578125 0.0205078125
0 0.7470703125 0.408203125 0.015625 0.021484375
0 0.4765625 0.5517578125 0.033203125 0.0361328125
0 0.513671875 0.654296875 0.0205078125 0.025390625
0 0.666015625 0.583984375 0.0732421875 0.087890625
0 0.9560546875 0.6005859375 0.0185546875 0.021484375
0 0.8056640625 0.63671875 0.21875 0.244140625
0 0.892578125 0.865234375 0.1201171875 0.140625
0 0.7685546875 0.9228515625 0.0126953125 0.017578125
0 0.7421875 0.7880859375 0.158203125 0.181640625
0 0.62109375 0.9150390625 0.201171875 0.169921875
0 0.521484375 0.7900390625 0.0126953125 0.017578125
0 0.52734375 0.857421875 0.009765625 0.0107421875
0 0.3388671875 0.8603515625 0.0234375 0.03125
0 0.1650390625 0.92578125 0.013671875 0.015625
0 0.0185546875 0.828125 0.025390625 0.029296875
0 0.0712890625 0.744140625 0.013671875 0.017578125
0 0.1162109375 0.5771484375 0.033203125 0.037109375
0 0.0439453125 0.59765625 0.0234375 0.0263671875
0 0.0263671875 0.609375 0.0185546875 0.0234375
0 0.240234375 0.6455078125 0.029296875 0.0341796875
0 0.2548828125 0.5537109375 0.017578125 0.0205078125
0 0.28125 0.482421875 0.0107421875 0.013671875
0 0.0634765625 0.4462890625 0.0283203125 0.03125
0 0.025390625 0.4853515625 0.009765625 0.0107421875
0 0.1259765625 0.3447265625 0.013671875 0.017578125
0 0.244140625 0.310546875 0.1123046875 0.126953125
0 0.431640625 0.6748046875 0.0126953125 0.0126953125
0 0.4072265625 0.6708984375 0.021484375 0.0263671875
0 0.353515625 0.7314453125 0.009765625 0.0107421875
0 0.306640625 0.7578125 0.015625 0.0185546875