0 0.166015625 0.1455078125 0.0361328125 0.0419921875
0 0.0341796875 0.0537109375 0.029296875 0.0341796875
0 0.03515625 0.130859375 0.029296875 0.0361328125
0 0.107421875 0.0869140625 0.029296875 0.033203125
0 0.0595703125 0.078125 0.017578125 0.0205078125
0 0.16015625 0.2041015625 0.169921875 0.197265625
0 0.04296875 0.33203125 0.013671875 0.013671875
0 0.1142578125 0.30859375 0.009765625 0.0126953125
0 0.111328125 0.3544921875 0.0126953125 0.0126953125
0 0.1455078125 0.408203125 0.017578125 0.0205078125
0 0.083984375 0.484375 0.015625 0.0185546875
0 0.181640625 0.564453125 0.0234375 0.0283203125
0 0.162109375 0.6298828125 0.013671875 0.017578125
0 0.140625 0.6396484375 0.0126953125 0.0126953125
0 0.201171875 0.701171875 0.0390625 0.046875
0 0.0859375 0.9560546875 0.0234375 0.0283203125
0 0.169921875 0.9501953125 0.029296875 0.033203125
0 0.2236328125 0.9736328125 0.0126953125 0.013671875
0 0.228515625 0.91796875 0.013671875 0.017578125
0 0.220703125 0.8984375 0.025390625 0.029296875
0 0.2412109375 0.865234375 0.0126953125 0.013671875
0 0.271484375 0.857421875 0.0185546875 0.021484375
0 0.419921875 0.9306640625 0.0126953125 0.017578125
0 0.462890625 0.9365234375 0.0107421875 0.0126953125
0 0.513671875 0.85546875 0.0126953125 0.013671875
0 0.5341796875 0.888671875 0.025390625 0.029296875
0 0.80078125 0.80078125 0.0283203125 0.03125
0 0.759765625 0.8232421875 0.029296875 0.0361328125
0 0.91015625 0.75390625 0.015625 0.0185546875
0 0.8125 0.685546875 0.015625 0.0185546875
0 0.76171875 0.6806640625 0.029296875 0.0341796875
0 0.6884765625 0.658203125 0.021484375 0.0263671875
0 0.70703125 0.544921875 0.033203125 0.0390625
0 0.720703125 0.482421875 0.015625 0.0185546875
0 0.9033203125 0.5634765625 0.0205078125 0.021484375
0 0.884765625 0.443359375 0.015625 0.0185546875
0 0.9423828125 0.1337890625 0.115234375 0.193359375
0 0.75 0.046875 0.0263671875 0.03125
0 0.763671875 0.130859375 0.0185546875 0.0205078125
0 0.76171875 0.1943359375 0.017578125 0.021484375
0 0.7353515625 0.1982421875 0.0263671875 0.03125
0 0.794921875 0.36328125 0.013671875 0.015625
0 0.5849609375 0.388671875 0.017578125 0.0205078125
0 0.470703125 0.4580078125 0.0341796875 0.041015625
0 0.62890625 0.4482421875 0.013671875 0.017578125
0 0.572265625 0.513671875 0.103515625 0.1171875
0 0.5517578125 0.583984375 0.013671875 0.017578125
0 0.5185546875 0.6201171875 0.015625 0.0185546875
0 0.3603515625 0.5361328125 0.0234375 0.0283203125
0 0.3525390625 0.5849609375 0.021484375 0.0263671875
0 0.298828125 0.7255859375 0.15625 0.1689453125
0 0.255859375 0.5263671875 0.1513671875 0.171875
0 0.3056640625 0.412109375 0.013671875 0.017578125
0 0.416015625 0.388671875 0.0126953125 0.013671875
0 0.3701171875 0.32421875 0.0234375 0.0263671875
0 0.412109375 0.1630859375 0.013671875 0.017578125
0 0.3388671875 0.201171875 0.021484375 0.0263671875
0 0.333984375 0.244140625 0.017578125 0.021484375
0 0.3740234375 0.236328125 0.015625 0.0205078125
0 0.5048828125 0.2392578125 0.0498046875 0.056640625
0 0.5634765625 0.265625 0.0185546875 0.0205078125
0 0.638671875 0.0400390625 0.1796875 0.080078125
0 0.6826171875 0.419921875 0.0234375 0.0283203125
0 0.9287109375 0.3505859375 0.142578125 0.1669921875
0 0.826171875 0.3603515625 0.015625 0.0205078125
0 0.9013671875 0.7236328125 0.0234375 0.0283203125
0 0.912109375 0.7900390625 0.0205078125 0.0234375
0 0.408203125 0.470703125 0.013671875 0.015625
0 0.423828125 0.474609375 0.0126953125 0.015625
0 0.3984375 0.548828125 0.0263671875 0.033203125