0 0.056640625 0.033203125 0.0234375 0.0283203125
0 0.0078125 0.07421875 0.015625 0.041015625
0 0.09375 0.1103515625 0.0283203125 0.03125
0 0.1474609375 0.0927734375 0.0078125 0.009765625
0 0.130859375 0.1298828125 0.0126953125 0.013671875
0 0.0927734375 0.189453125 0.0185546875 0.021484375
0 0.068359375 0.1796875 0.0185546875 0.021484375
0 0.044921875 0.1533203125 0.005859375 0.009765625
0 0.0068359375 0.1572265625 0.013671875 0.03125
0 0.15625 0.2548828125 0.03125 0.037109375
0 0.1953125 0.2470703125 0.0283203125 0.033203125
0 0.1943359375 0.279296875 0.0205078125 0.021484375
0 0.166015625 0.314453125 0.013671875 0.015625
0 0.11328125 0.224609375 0.013671875 0.017578125
0 0.109375 0.263671875 0.005859375 0.0078125
0 0.005859375 0.369140625 0.0107421875 0.0126953125
0 0.072265625 0.359375 0.017578125 0.0205078125
0 0.083984375 0.4326171875 0.0390625 0.046875
0 0.1494140625 0.4658203125 0.0234375 0.0283203125
0 0.103515625 0.5126953125 0.021484375 0.0263671875
0 0.203125 0.58203125 0.0361328125 0.041015625
0 0.2255859375 0.728515625 0.0263671875 0.03125
0 0.1181640625 0.7216796875 0.013671875 0.015625
0 0.0673828125 0.767578125 0.0107421875 0.0126953125
0 0.046875 0.80859375 0.013671875 0.017578125
0 0.181640625 0.947265625 0.0283203125 0.0341796875
0 0.2802734375 0.94921875 0.0234375 0.0283203125
0 0.294921875 0.91015625 0.037109375 0.0439453125
0 0.384765625 0.7734375 0.0361328125 0.0419921875
0 0.404296875 0.8154296875 0.015625 0.0185546875
0 0.341796875 0.79296875 0.1845703125 0.201171875
0 0.5029296875 0.88671875 0.0263671875 0.03125
0 0.517578125 0.830078125 0.060546875 0.0703125
0 0.5849609375 0.791015625 0.0234375 0.0263671875
0 0.5693359375 0.8291015625 0.0283203125 0.033203125
0 0.556640625 0.986328125 0.0234375 0.025390625
0 0.62109375 0.9443359375 0.0126953125 0.013671875
0 0.6259765625 0.876953125 0.015625 0.0185546875
0 0.654296875 0.767578125 0.0234375 0.0283203125
0 0.7080078125 0.74609375 0.033203125 0.037109375
0 0.736328125 0.7255859375 0.0283203125 0.033203125
0 0.7666015625 0.673828125 0.0361328125 0.041015625
0 0.712890625 0.7080078125 0.0078125 0.0078125
0 0.9130859375 0.908203125 0.033203125 0.0390625
0 0.9052734375 0.8818359375 0.017578125 0.0185546875
0 0.8701171875 0.794921875 0.033203125 0.037109375
0 0.921875 0.7451171875 0.015625 0.0185546875
0 0.9375 0.7685546875 0.009765625 0.0107421875
0 0.859375 0.685546875 0.0205078125 0.0234375
0 0.9833984375 0.5830078125 0.013671875 0.0185546875
0 0.974609375 0.509765625 0.021484375 0.025390625
0 0.96875 0.4404296875 0.0625 0.078125
0 0.9384765625 0.404296875 0.029296875 0.033203125
0 0.95703125 0.298828125 0.0185546875 0.0205078125
0 0.9814453125 0.279296875 0.037109375 0.046875
0 0.9921875 0.1826171875 0.009765625 0.009765625
0 0.8916015625 0.0673828125 0.041015625 0.046875
0 0.845703125 0.255859375 0.0419921875 0.052734375
0 0.888671875 0.3046875 0.0234375 0.0263671875
0 0.8388671875 0.212890625 0.015625 0.0185546875
0 0.7822265625 0.21484375 0.0126953125 0.0126953125
0 0.7578125 0.1748046875 0.0107421875 0.0126953125
0 0.728515625 0.244140625 0.0751953125 0.087890625
0 0.7490234375 0.2744140625 0.109375 0.126953125
0 0.8359375 0.6162109375 0.0078125 0.009765625
0 0.765625 0.5732421875 0.0263671875 0.03125
0 0.7333984375 0.5673828125 0.0419921875 0.048828125
0 0.646484375 0.6328125 0.015625 0.0185546875
0 0.63671875 0.658203125 0.0263671875 0.029296875
0 0.666015625 0.5673828125 0.025390625 0.0283203125
0 0.5859375 0.5400390625 0.041015625 0.046875
0 0.4296875 0.60546875 0.3017578125 0.291015625
0 0.6728515625 0.439453125 0.015625 0.0185546875
0 0.6376953125 0.42578125 0.0205078125 0.0234375
0 0.60546875 0.4248046875 0.0107421875 0.0126953125
0 0.5166015625 0.443359375 0.0126953125 0.013671875
0 0.4189453125 0.3935546875 0.033203125 0.041015625
0 0.333984375 0.423828125 0.041015625 0.044921875
0 0.3046875 0.3642578125 0.060546875 0.0703125
0 0.28515625 0.298828125 0.0205078125 0.0234375
0 0.271484375 0.287109375 0.015625 0.0185546875
0 0.3212890625 0.255859375 0.025390625 0.029296875
0 0.423828125 0.181640625 0.0341796875 0.0419921875
0 0.3779296875 0.150390625 0.021484375 0.0263671875
0 0.3427734375 0.0673828125 0.029296875 0.0361328125
0 0.419921875 0.0068359375 0.013671875 0.013671875
0 0.435546875 0.0078125 0.017578125 0.015625
0 0.501953125 0.1416015625 0.013671875 0.017578125
0 0.4921875 0.1484375 0.013671875 0.017578125
0 0.5263671875 0.220703125 0.0234375 0.0283203125
0 0.646484375 0.275390625 0.0205078125 0.0234375
0 0.693359375 0.1044921875 0.0263671875 0.029296875
0 0.6748046875 0.095703125 0.0126953125 0.013671875
0 0.666015625 0.041015625 0.033203125 0.0361328125
0 0.63671875 0.013671875 0.03125 0.02734375
0 0.6083984375 0.0498046875 0.0205078125 0.0234375
0 0.603515625 0.0224609375 0.0341796875 0.0390625
0 0.5859375 0.060546875 0.015625 0.0185546875
0 0.568359375 0.037109375 0.0107421875 0.0126953125
0 0.791015625 0.0478515625 0.181640625 0.095703125