0 0.4765625 0.0625 0.015625 0.0185546875
0 0.447265625 0.021484375 0.0205078125 0.0234375
0 0.3662109375 0.0234375 0.0126953125 0.013671875
0 0.15234375 0.0244140625 0.017578125 0.0205078125
0 0.333984375 0.1474609375 0.0234375 0.029296875
0 0.080078125 0.486328125 0.0107421875 0.0126953125
0 0.23046875 0.7919921875 0.013671875 0.015625
0 0.3466796875 0.78515625 0.0205078125 0.0234375
0 0.37109375 0.56640625 0.0234375 0.0283203125
0 0.3876953125 0.458984375 0.0078125 0.0107421875
0 0.404296875 0.3583984375 0.013671875 0.017578125
0 0.283203125 0.0185546875 0.005859375 0.0078125
0 0.8388671875 0.1328125 0.009765625 0.0107421875
0 0.9443359375 0.107421875 0.0283203125 0.033203125
0 0.724609375 0.0107421875 0.0205078125 0.021484375
0 0.580078125 0.44140625 0.033203125 0.0390625
0 0.9013671875 0.73828125 0.0205078125 0.0234375
0 0.884765625 0.7900390625 0.0185546875 0.021484375
0 0.8583984375 0.8203125 0.013671875 0.017578125
0 0.814453125 0.9423828125 0.009765625 0.0107421875
0 0.9873046875 0.931640625 0.013671875 0.015625
0 0.9169921875 0.658203125 0.0078125 0.009765625
0 0.7734375 0.5224609375 0.03125 0.0361328125
0 0.681640625 0.0625 0.0078125 0.009765625
0 0.4873046875 0.310546875 0.021484375 0.025390625
0 0.474609375 0.4775390625 0.015625 0.0185546875
0 0.923828125 0.0458984375 0.1455078125 0.091796875
0 0.408203125 0.90625 0.1640625 0.1875
0 0.068359375 0.6025390625 0.015625 0.0185546875
0 0.7685546875 0.7802734375 0.0107421875 0.0126953125
0 0.748046875 0.7509765625 0.015625 0.0185546875
0 0.87109375 0.75390625 0.013671875 0.017578125
0 0.541015625 0.228515625 0.0078125 0.009765625
0 0.3310546875 0.5810546875 0.013671875 0.015625
0 0.130859375 0.20703125 0.021484375 0.021484375
0 0.345703125 0.048828125 0.017578125 0.021484375
0 0.158203125 0.05078125 0.0283203125 0.033203125
0 0.7314453125 0.1181640625 0.046875 0.056640625
0 0.720703125 0.1962890625 0.0185546875 0.0205078125
0 0.54296875 0.38671875 0.037109375 0.0390625
0 0.6015625 0.4638671875 0.0234375 0.029296875
0 0.548828125 0.44921875 0.009765625 0.0126953125
0 0.345703125 0.5166015625 0.015625 0.017578125
0 0.380859375 0.490234375 0.0126953125 0.0126953125
0 0.4248046875 0.458984375 0.0126953125 0.0126953125
0 0.3857421875 0.353515625 0.0126953125 0.0126953125
0 0.1689453125 0.544921875 0.0283203125 0.0341796875
0 0.119140625 0.501953125 0.025390625 0.0283203125
0 0.1826171875 0.689453125 0.025390625 0.0283203125
0 0.0185546875 0.728515625 0.037109375 0.0439453125
0 0.1162109375 0.654296875 0.015625 0.017578125
0 0.158203125 0.7041015625 0.0126953125 0.0126953125
0 0.2294921875 0.556640625 0.1923828125 0.2265625
0 0.576171875 0.748046875 0.025390625 0.0283203125
0 0.5927734375 0.7099609375 0.0234375 0.0263671875
0 0.677734375 0.751953125 0.025390625 0.0263671875
0 0.318359375 0.86328125 0.0234375 0.029296875
0 0.2001953125 0.8955078125 0.0390625 0.046875
0 0.1630859375 0.9267578125 0.0205078125 0.0234375
0 0.6181640625 0.9267578125 0.0830078125 0.1015625
0 0.763671875 0.9580078125 0.017578125 0.021484375
0 0.5244140625 0.94921875 0.0126953125 0.015625
0 0.58203125 0.9892578125 0.0126953125 0.015625
0 0.3291015625 0.708984375 0.0107421875 0.0126953125
0 0.3984375 0.103515625 0.0107421875 0.009765625
0 0.505859375 0.75390625 0.015625 0.0185546875
0 0.982421875 0.1640625 0.021484375 0.021484375
0 0.7666015625 0.126953125 0.03125 0.0341796875
0 0.8759765625 0.2802734375 0.0234375 0.0263671875
0 0.84375 0.6259765625 0.033203125 0.0341796875
0 0.8828125 0.595703125 0.013671875 0.017578125
0 0.798828125 0.759765625 0.017578125 0.0205078125
0 0.94921875 0.84765625 0.0234375 0.0283203125
0 0.7392578125 0.767578125 0.015625 0.0185546875
0 0.388671875 0.6767578125 0.0078125 0.0107421875
0 0.5791015625 0.302734375 0.0078125 0.0078125
0 0.802734375 0.169921875 0.009765625 0.009765625
0 0.9765625 0.2978515625 0.013671875 0.017578125
0 0.689453125 0.666015625 0.0126953125 0.015625
0 0.759765625 0.357421875 0.294921875 0.2861328125
0 0.1708984375 0.234375 0.3359375 0.3095703125
0 0.650390625 0.5673828125 0.1767578125 0.2060546875
0 0.494140625 0.650390625 0.1796875 0.203125