0 0.193359375 0.0537109375 0.0751953125 0.0888671875
0 0.078125 0.0439453125 0.033203125 0.0390625
0 0.2841796875 0.1591796875 0.0517578125 0.060546875
0 0.1474609375 0.2861328125 0.041015625 0.0517578125
0 0.2333984375 0.43359375 0.0390625 0.046875
0 0.1220703125 0.39453125 0.029296875 0.0361328125
0 0.107421875 0.478515625 0.029296875 0.0341796875
0 0.3544921875 0.212890625 0.0390625 0.046875
0 0.330078125 0.0556640625 0.013671875 0.017578125
0 0.61328125 0.083984375 0.033203125 0.0390625
0 0.642578125 0.068359375 0.0185546875 0.021484375
0 0.9296875 0.1123046875 0.1171875 0.130859375
0 0.92578125 0.181640625 0.0283203125 0.03125
0 0.78515625 0.259765625 0.029296875 0.033203125
0 0.759765625 0.271484375 0.033203125 0.0390625
0 0.6494140625 0.2470703125 0.0498046875 0.0595703125
0 0.41796875 0.107421875 0.029296875 0.0341796875
0 0.21484375 0.5224609375 0.0263671875 0.03125
0 0.26953125 0.5087890625 0.0234375 0.03125
0 0.2001953125 0.666015625 0.029296875 0.037109375
0 0.6044921875 0.5634765625 0.0439453125 0.0517578125
0 0.76171875 0.57421875 0.052734375 0.064453125
0 0.8662109375 0.65234375 0.033203125 0.037109375
0 0.8955078125 0.5927734375 0.0263671875 0.03125
0 0.951171875 0.6123046875 0.025390625 0.0263671875
0 0.951171875 0.375 0.033203125 0.0390625
0 0.7509765625 0.4228515625 0.0546875 0.0576171875
0 0.7041015625 0.373046875 0.033203125 0.0390625
0 0.2626953125 0.330078125 0.03125 0.037109375
0 0.3681640625 0.32421875 0.021484375 0.0263671875
0 0.529296875 0.2685546875 0.0185546875 0.0263671875
0 0.435546875 0.654296875 0.029296875 0.0361328125
0 0.490234375 0.716796875 0.021484375 0.0283203125
0 0.8427734375 0.892578125 0.046875 0.052734375
0 0.09765625 0.892578125 0.0234375 0.0283203125
0 0.697265625 0.9794921875 0.0283203125 0.033203125
0 0.7705078125 0.845703125 0.0263671875 0.029296875
0 0.759765625 0.806640625 0.017578125 0.0205078125
0 0.90625 0.7314453125 0.0263671875 0.033203125
0 0.9736328125 0.7587890625 0.0341796875 0.0390625
0 0.533203125 0.513671875 0.0185546875 0.0205078125
0 0.4951171875 0.4365234375 0.03125 0.037109375
0 0.3623046875 0.4619140625 0.03125 0.0390625
0 0.849609375 0.455078125 0.0234375 0.0283203125
0 0.853515625 0.498046875 0.021484375 0.0234375
0 0.955078125 0.490234375 0.0234375 0.0283203125
0 0.0048828125 0.1357421875 0.009765625 0.021484375
0 0.0078125 0.1044921875 0.013671875 0.017578125
0 0.0380859375 0.1357421875 0.0205078125 0.021484375
0 0.087890625 0.193359375 0.0263671875 0.029296875
0 0.1025390625 0.119140625 0.0205078125 0.021484375
0 0.23828125 0.02734375 0.0234375 0.0263671875
0 0.2255859375 0.1484375 0.0078125 0.0078125
0 0.3046875 0.1826171875 0.0205078125 0.0234375
0 0.3095703125 0.150390625 0.0185546875 0.0205078125
0 0.3291015625 0.181640625 0.015625 0.0205078125
0 0.4248046875 0.2109375 0.0107421875 0.0126953125
0 0.482421875 0.130859375 0.1123046875 0.1298828125
0 0.46484375 0.015625 0.0576171875 0.03125
0 0.720703125 0.0693359375 0.0361328125 0.0419921875
0 0.86328125 0.1826171875 0.013671875 0.017578125
0 0.8681640625 0.0693359375 0.0234375 0.029296875
0 0.84765625 0.0166015625 0.013671875 0.013671875
0 0.8466796875 0.248046875 0.017578125 0.0205078125
0 0.947265625 0.283203125 0.0234375 0.0283203125
0 0.9833984375 0.4951171875 0.013671875 0.015625
0 0.861328125 0.498046875 0.0107421875 0.0126953125
0 0.8837890625 0.51171875 0.015625 0.0185546875
0 0.953125 0.6875 0.0185546875 0.021484375
0 0.939453125 0.7138671875 0.0205078125 0.0205078125
0 0.978515625 0.84375 0.0234375 0.029296875
0 0.798828125 0.978515625 0.013671875 0.017578125
0 0.82421875 0.931640625 0.015625 0.0185546875
0 0.634765625 0.9931640625 0.015625 0.013671875
0 0.6298828125 0.822265625 0.013671875 0.013671875
0 0.7109375 0.7373046875 0.0185546875 0.0205078125
0 0.701171875 0.73046875 0.013671875 0.017578125
0 0.693359375 0.599609375 0.0234375 0.0263671875
0 0.7265625 0.56640625 0.0185546875 0.021484375
0 0.669921875 0.505859375 0.017578125 0.021484375
0 0.6025390625 0.62109375 0.0126953125 0.013671875
0 0.388671875 0.673828125 0.0234375 0.0263671875
0 0.4453125 0.701171875 0.0185546875 0.021484375
0 0.4384765625 0.7490234375 0.0126953125 0.013671875
0 0.49609375 0.791015625 0.013671875 0.017578125
0 0.537109375 0.939453125 0.0263671875 0.029296875
0 0.486328125 0.94921875 0.0205078125 0.021484375
0 0.3603515625 0.908203125 0.0078125 0.009765625
0 0.1904296875 0.9287109375 0.013671875 0.013671875
0 0.15625 0.9912109375 0.021484375 0.017578125
0 0.123046875 0.9931640625 0.01171875 0.013671875
0 0.0322265625 0.943359375 0.0126953125 0.013671875
0 0.029296875 0.91015625 0.0390625 0.0439453125
0 0.037109375 0.880859375 0.017578125 0.0185546875
0 0.111328125 0.681640625 0.015625 0.0205078125
0 0.076171875 0.6171875 0.017578125 0.0234375
0 0.125 0.521484375 0.0107421875 0.0126953125
0 0.2802734375 0.4345703125 0.013671875 0.017578125
0 0.0390625 0.416015625 0.013671875 0.017578125
0 0.1572265625 0.240234375 0.0126953125 0.013671875
0 0.603515625 0.19921875 0.0283203125 0.0341796875
0 0.59375 0.3017578125 0.009765625 0.0126953125
0 0.55078125 0.3408203125 0.0751953125 0.0830078125
0 0.5224609375 0.318359375 0.0205078125 0.0234375
0 0.5302734375 0.390625 0.033203125 0.037109375
0 0.5966796875 0.46875 0.0263671875 0.03125
0 0.654296875 0.412109375 0.0126953125 0.017578125
0 0.328125 0.779296875 0.0126953125 0.013671875