0 0.2138671875 0.1708984375 0.0263671875 0.029296875
0 0.365234375 0.142578125 0.017578125 0.0205078125
0 0.3662109375 0.158203125 0.013671875 0.013671875
0 0.455078125 0.142578125 0.025390625 0.029296875
0 0.365234375 0.060546875 0.033203125 0.0390625
0 0.306640625 0.044921875 0.109375 0.08984375
0 0.53515625 0.033203125 0.1171875 0.06640625
0 0.5703125 0.189453125 0.095703125 0.111328125
0 0.673828125 0.267578125 0.03125 0.0361328125
0 0.814453125 0.2509765625 0.025390625 0.029296875
0 0.79296875 0.279296875 0.025390625 0.029296875
0 0.810546875 0.2021484375 0.0234375 0.0263671875
0 0.9638671875 0.2197265625 0.0341796875 0.041015625
0 0.814453125 0.0615234375 0.041015625 0.046875
0 0.9072265625 0.060546875 0.029296875 0.033203125
0 0.951171875 0.0693359375 0.029296875 0.0341796875
0 0.8681640625 0.0888671875 0.015625 0.0185546875
0 0.630859375 0.0517578125 0.03125 0.0341796875
0 0.6376953125 0.0791015625 0.0126953125 0.015625
0 0.669921875 0.1572265625 0.009765625 0.0107421875
0 0.7958984375 0.3642578125 0.0205078125 0.0234375
0 0.833984375 0.3974609375 0.021484375 0.025390625
0 0.931640625 0.3544921875 0.015625 0.0185546875
0 0.9296875 0.3740234375 0.0205078125 0.0234375
0 0.9560546875 0.4736328125 0.03125 0.0361328125
0 0.908203125 0.4755859375 0.021484375 0.0234375
0 0.912109375 0.4931640625 0.025390625 0.0283203125
0 0.8837890625 0.6240234375 0.013671875 0.015625
0 0.8740234375 0.7109375 0.0205078125 0.021484375
0 0.8740234375 0.826171875 0.021484375 0.025390625
0 0.98828125 0.927734375 0.015625 0.0185546875
0 0.8388671875 0.962890625 0.0283203125 0.033203125
0 0.810546875 0.947265625 0.0126953125 0.013671875
0 0.603515625 0.90234375 0.037109375 0.0439453125
0 0.708984375 0.939453125 0.0283203125 0.033203125
0 0.654296875 0.984375 0.0263671875 0.03125
0 0.6416015625 0.794921875 0.0185546875 0.021484375
0 0.634765625 0.8330078125 0.013671875 0.017578125
0 0.5654296875 0.736328125 0.0517578125 0.0595703125
0 0.5390625 0.6884765625 0.033203125 0.037109375
0 0.501953125 0.794921875 0.0234375 0.0263671875
0 0.4287109375 0.775390625 0.0234375 0.0283203125
0 0.416015625 0.7958984375 0.0283203125 0.033203125
0 0.4296875 0.8271484375 0.0234375 0.0283203125
0 0.353515625 0.8310546875 0.03125 0.0361328125
0 0.2685546875 0.7998046875 0.013671875 0.013671875
0 0.255859375 0.783203125 0.0263671875 0.03125
0 0.216796875 0.755859375 0.015625 0.0185546875
0 0.1884765625 0.7548828125 0.017578125 0.0205078125
0 0.189453125 0.8017578125 0.013671875 0.017578125
0 0.185546875 0.85546875 0.0078125 0.009765625
0 0.0771484375 0.685546875 0.041015625 0.046875
0 0.029296875 0.673828125 0.03125 0.0361328125
0 0.0283203125 0.73828125 0.0390625 0.046875
0 0.1015625 0.615234375 0.029296875 0.033203125
0 0.224609375 0.6103515625 0.046875 0.0546875
0 0.193359375 0.5712890625 0.03125 0.0361328125
0 0.2421875 0.712890625 0.013671875 0.015625
0 0.33984375 0.681640625 0.021484375 0.0263671875
0 0.45703125 0.6025390625 0.013671875 0.015625
0 0.458984375 0.580078125 0.025390625 0.0283203125
0 0.3896484375 0.599609375 0.1123046875 0.1298828125
0 0.259765625 0.404296875 0.013671875 0.017578125
0 0.2109375 0.466796875 0.0234375 0.0283203125
0 0.224609375 0.458984375 0.0234375 0.0283203125
0 0.2783203125 0.447265625 0.029296875 0.0341796875
0 0.3681640625 0.3994140625 0.0185546875 0.0205078125
0 0.357421875 0.384765625 0.013671875 0.015625
0 0.318359375 0.337890625 0.029296875 0.033203125
0 0.4482421875 0.3828125 0.013671875 0.015625
0 0.595703125 0.3740234375 0.0234375 0.0283203125
0 0.6162109375 0.404296875 0.015625 0.0205078125
0 0.66796875 0.408203125 0.021484375 0.0234375
0 0.6494140625 0.4287109375 0.015625 0.0185546875
0 0.6484375 0.4873046875 0.0234375 0.0283203125
0 0.71484375 0.4970703125 0.041015625 0.046875
0 0.7822265625 0.4677734375 0.017578125 0.0205078125
0 0.7392578125 0.556640625 0.015625 0.0185546875
0 0.689453125 0.552734375 0.0205078125 0.025390625
0 0.716796875 0.654296875 0.0234375 0.0263671875
0 0.603515625 0.46875 0.0234375 0.0263671875
0 0.119140625 0.322265625 0.021484375 0.0234375
0 0.1455078125 0.404296875 0.025390625 0.0283203125
0 0.154296875 0.4443359375 0.017578125 0.0205078125
0 0.162109375 0.650390625 0.015625 0.0185546875
0 0.1533203125 0.916015625 0.021484375 0.0263671875
0 0.27734375 0.8681640625 0.0205078125 0.0234375
0 0.2666015625 0.984375 0.0107421875 0.0126953125
0 0.4248046875 0.92578125 0.009765625 0.0107421875
0 0.455078125 0.791015625 0.017578125 0.0185546875
0 0.310546875 0.423828125 0.009765625 0.0107421875
0 0.0927734375 0.400390625 0.046875 0.0546875
0 0.060546875 0.1435546875 0.0126953125 0.013671875
0 0.361328125 0.2890625 0.0341796875 0.0390625
0 0.560546875 0.369140625 0.033203125 0.0390625
0 0.7880859375 0.3876953125 0.015625 0.017578125