0 0.662109375 0.0498046875 0.046875 0.056640625
0 0.2119140625 0.08203125 0.048828125 0.0576171875
0 0.126953125 0.01953125 0.0341796875 0.0390625
0 0.224609375 0.27734375 0.029296875 0.037109375
0 0.5380859375 0.2529296875 0.0341796875 0.037109375
0 0.4091796875 0.43359375 0.0419921875 0.0498046875
0 0.4814453125 0.4541015625 0.0390625 0.046875
0 0.498046875 0.5322265625 0.0361328125 0.0419921875
0 0.666015625 0.576171875 0.0498046875 0.0595703125
0 0.685546875 0.5234375 0.0341796875 0.041015625
0 0.580078125 0.3525390625 0.033203125 0.037109375
0 0.611328125 0.3408203125 0.0205078125 0.0234375
0 0.677734375 0.3486328125 0.033203125 0.037109375
0 0.69921875 0.259765625 0.0205078125 0.0234375
0 0.837890625 0.376953125 0.150390625 0.1689453125
0 0.3974609375 0.03125 0.060546875 0.0625
0 0.10546875 0.3505859375 0.025390625 0.029296875
0 0.201171875 0.4306640625 0.0205078125 0.0263671875
0 0.2509765625 0.4814453125 0.0234375 0.0283203125
0 0.158203125 0.474609375 0.0263671875 0.03125
0 0.1142578125 0.50390625 0.0205078125 0.021484375
0 0.21484375 0.521484375 0.017578125 0.021484375
0 0.5380859375 0.7001953125 0.0234375 0.0283203125
0 0.630859375 0.6904296875 0.0185546875 0.0263671875
0 0.705078125 0.736328125 0.0205078125 0.025390625
0 0.380859375 0.3837890625 0.021484375 0.0263671875
0 0.181640625 0.1611328125 0.025390625 0.0283203125
0 0.8798828125 0.068359375 0.021484375 0.0283203125
0 0.9130859375 0.0341796875 0.0205078125 0.0234375
0 0.947265625 0.5185546875 0.013671875 0.0185546875
0 0.923828125 0.7197265625 0.017578125 0.0205078125
0 0.91015625 0.6953125 0.0185546875 0.021484375
0 0.486328125 0.7529296875 0.021484375 0.0263671875
0 0.1875 0.771484375 0.1376953125 0.154296875
0 0.09375 0.8564453125 0.0263671875 0.03125
0 0.044921875 0.8671875 0.021484375 0.0263671875
0 0.689453125 0.935546875 0.0283203125 0.0361328125
0 0.751953125 0.3359375 0.0234375 0.029296875
0 0.0673828125 0.755859375 0.134765625 0.181640625
0 0.466796875 0.373046875 0.076171875 0.0888671875
0 0.4345703125 0.630859375 0.017578125 0.0205078125
0 0.3515625 0.71484375 0.0205078125 0.025390625
0 0.61328125 0.9267578125 0.041015625 0.046875
0 0.7548828125 0.697265625 0.015625 0.021484375
0 0.55078125 0.4736328125 0.03125 0.0390625
0 0.0478515625 0.091796875 0.0126953125 0.0126953125
0 0.103515625 0.0927734375 0.017578125 0.021484375
0 0.1025390625 0.046875 0.0078125 0.009765625
0 0.1435546875 0.005859375 0.017578125 0.01171875
0 0.0771484375 0.220703125 0.033203125 0.0390625
0 0.091796875 0.2529296875 0.009765625 0.009765625
0 0.017578125 0.181640625 0.0126953125 0.013671875
0 0.2568359375 0.2099609375 0.021484375 0.029296875
0 0.236328125 0.1884765625 0.029296875 0.037109375
0 0.138671875 0.333984375 0.0126953125 0.013671875
0 0.21484375 0.3193359375 0.0263671875 0.029296875
0 0.3271484375 0.328125 0.029296875 0.0341796875
0 0.3564453125 0.458984375 0.0234375 0.0263671875
0 0.53125 0.478515625 0.0234375 0.029296875
0 0.587890625 0.5615234375 0.0126953125 0.015625
0 0.6123046875 0.5166015625 0.0185546875 0.0205078125
0 0.486328125 0.716796875 0.0185546875 0.0205078125
0 0.427734375 0.771484375 0.017578125 0.0205078125
0 0.4453125 0.7705078125 0.015625 0.0185546875
0 0.2900390625 0.5146484375 0.0107421875 0.0126953125
0 0.009765625 0.5634765625 0.01953125 0.041015625
0 0.09375 0.572265625 0.013671875 0.017578125
0 0.1630859375 0.6943359375 0.0234375 0.0283203125
0 0.115234375 0.9296875 0.1201171875 0.1376953125
0 0.2666015625 0.814453125 0.0185546875 0.0234375
0 0.216796875 0.7841796875 0.0205078125 0.0234375
0 0.1572265625 0.8349609375 0.029296875 0.0361328125
0 0.251953125 0.8525390625 0.017578125 0.021484375
0 0.4140625 0.8564453125 0.0263671875 0.029296875
0 0.474609375 0.984375 0.015625 0.0185546875
0 0.533203125 0.9677734375 0.033203125 0.037109375
0 0.509765625 0.9482421875 0.03125 0.0341796875
0 0.533203125 0.900390625 0.041015625 0.0439453125
0 0.337890625 0.857421875 0.224609375 0.2294921875
0 0.6484375 0.8056640625 0.025390625 0.0263671875
0 0.669921875 0.896484375 0.2685546875 0.2060546875
0 0.9560546875 0.6591796875 0.087890625 0.216796875
0 0.8837890625 0.6279296875 0.0107421875 0.0126953125
0 0.9091796875 0.607421875 0.025390625 0.0283203125
0 0.90625 0.4677734375 0.021484375 0.0263671875
0 0.521484375 0.2978515625 0.025390625 0.029296875
0 0.7734375 0.271484375 0.0205078125 0.0234375
0 0.845703125 0.208984375 0.0126953125 0.013671875
0 0.76171875 0.1962890625 0.015625 0.0205078125
0 0.7197265625 0.083984375 0.03125 0.037109375
0 0.859375 0.0419921875 0.029296875 0.03125
0 0.990234375 0.0361328125 0.0185546875 0.029296875
0 0.361328125 0.033203125 0.03125 0.0390625
0 0.333984375 0.08203125 0.0126953125 0.015625
0 0.4375 0.150390625 0.0107421875 0.0126953125
0 0.5048828125 0.142578125 0.0205078125 0.0234375
0 0.607421875 0.1298828125 0.0107421875 0.0126953125
0 0.654296875 0.220703125 0.0439453125 0.0517578125