0 0.1953125 0.3583984375 0.0205078125 0.0234375
0 0.0888671875 0.4091796875 0.0185546875 0.021484375
0 0.09375 0.3349609375 0.0185546875 0.021484375
0 0.173828125 0.30859375 0.0126953125 0.013671875
0 0.4609375 0.0361328125 0.0185546875 0.021484375
0 0.6005859375 0.1259765625 0.017578125 0.0205078125
0 0.5654296875 0.138671875 0.013671875 0.017578125
0 0.5126953125 0.142578125 0.013671875 0.017578125
0 0.330078125 0.052734375 0.0205078125 0.0234375
0 0.05859375 0.4765625 0.009765625 0.0107421875
0 0.0859375 0.5751953125 0.0107421875 0.0126953125
0 0.392578125 0.8134765625 0.021484375 0.0263671875
0 0.1484375 0.0078125 0.0185546875 0.015625
0 0.822265625 0.4267578125 0.033203125 0.0390625
0 0.216796875 0.4482421875 0.0078125 0.009765625
0 0.5576171875 0.923828125 0.0126953125 0.015625
0 0.4931640625 0.4013671875 0.0126953125 0.013671875
0 0.439453125 0.349609375 0.013671875 0.015625
0 0.720703125 0.2333984375 0.0126953125 0.015625
0 0.755859375 0.3046875 0.0107421875 0.0126953125
0 0.4345703125 0.4931640625 0.0205078125 0.0234375
0 0.583984375 0.6474609375 0.013671875 0.017578125
0 0.6357421875 0.7333984375 0.0078125 0.0107421875
0 0.630859375 0.70703125 0.0048828125 0.0078125
0 0.619140625 0.76171875 0.0126953125 0.015625
0 0.4931640625 0.775390625 0.029296875 0.0341796875
0 0.837890625 0.6748046875 0.017578125 0.0205078125
0 0.77734375 0.5810546875 0.0205078125 0.0234375
0 0.9345703125 0.517578125 0.0126953125 0.0126953125
0 0.8154296875 0.51171875 0.0126953125 0.013671875
0 0.6650390625 0.5068359375 0.0048828125 0.0078125
0 0.7451171875 0.8408203125 0.0126953125 0.015625
0 0.9482421875 0.1513671875 0.0185546875 0.021484375
0 0.802734375 0.6357421875 0.041015625 0.046875
0 0.666015625 0.5458984375 0.021484375 0.0263671875
0 0.72265625 0.576171875 0.009765625 0.0107421875
0 0.62109375 0.1591796875 0.009765625 0.009765625
0 0.4072265625 0.142578125 0.0107421875 0.0126953125
0 0.5458984375 0.220703125 0.0751953125 0.0888671875
0 0.427734375 0.224609375 0.0185546875 0.021484375
0 0.6767578125 0.068359375 0.046875 0.0517578125
0 0.31640625 0.232421875 0.017578125 0.0185546875
0 0.3203125 0.2646484375 0.025390625 0.0263671875
0 0.2529296875 0.3125 0.0234375 0.0283203125
0 0.373046875 0.3779296875 0.0185546875 0.0205078125
0 0.162109375 0.384765625 0.013671875 0.017578125
0 0.0166015625 0.2919921875 0.0205078125 0.0234375
0 0.55859375 0.5361328125 0.1904296875 0.201171875
0 0.177734375 0.728515625 0.203125 0.2470703125
0 0.154296875 0.880859375 0.0361328125 0.0419921875
0 0.482421875 0.638671875 0.0732421875 0.078125
0 0.513671875 0.814453125 0.041015625 0.046875
0 0.4521484375 0.83203125 0.0283203125 0.033203125
0 0.265625 0.205078125 0.013671875 0.013671875
0 0.158203125 0.0400390625 0.015625 0.0185546875
0 0.384765625 0.7626953125 0.0234375 0.0283203125
0 0.728515625 0.869140625 0.0126953125 0.015625
0 0.5390625 0.927734375 0.0107421875 0.0126953125
0 0.763671875 0.73828125 0.013671875 0.013671875
0 0.412109375 0.189453125 0.0234375 0.0263671875
0 0.9072265625 0.294921875 0.0234375 0.0283203125
0 0.9892578125 0.328125 0.0185546875 0.021484375
0 0.990234375 0.2744140625 0.015625 0.0185546875
0 0.779296875 0.384765625 0.015625 0.017578125
0 0.5791015625 0.28125 0.0283203125 0.033203125
0 0.943359375 0.810546875 0.09375 0.0986328125
0 0.9228515625 0.9814453125 0.03125 0.033203125
0 0.7958984375 0.326171875 0.0205078125 0.025390625
0 0.794921875 0.06640625 0.205078125 0.1328125
0 0.69140625 0.1982421875 0.0185546875 0.0205078125
0 0.833984375 0.8349609375 0.1640625 0.171875
0 0.9873046875 0.927734375 0.015625 0.017578125
0 0.091796875 0.197265625 0.177734375 0.2763671875
0 0.470703125 0.2509765625 0.1689453125 0.185546875