0 0.2021484375 0.255859375 0.0908203125 0.107421875
0 0.3466796875 0.298828125 0.119140625 0.1357421875
0 0.763671875 0.2744140625 0.048828125 0.056640625
0 0.8291015625 0.294921875 0.0263671875 0.0283203125
0 0.6162109375 0.240234375 0.125 0.138671875
0 0.4140625 0.451171875 0.0341796875 0.0390625
0 0.4248046875 0.3671875 0.0185546875 0.021484375
0 0.3759765625 0.134765625 0.0263671875 0.03125
0 0.4560546875 0.14453125 0.015625 0.0205078125
0 0.501953125 0.4404296875 0.0263671875 0.029296875
0 0.58984375 0.662109375 0.0390625 0.046875
0 0.958984375 0.3935546875 0.041015625 0.048828125
0 0.0693359375 0.4609375 0.015625 0.0205078125
0 0.8271484375 0.0439453125 0.0517578125 0.060546875
0 0.236328125 0.763671875 0.0517578125 0.0654296875
0 0.498046875 0.900390625 0.029296875 0.033203125
0 0.36328125 0.771484375 0.0341796875 0.041015625
0 0.05859375 0.880859375 0.0185546875 0.021484375
0 0.701171875 0.91796875 0.03125 0.0341796875
0 0.8974609375 0.591796875 0.0517578125 0.056640625
0 0.9306640625 0.9306640625 0.0185546875 0.021484375
0 0.8935546875 0.888671875 0.017578125 0.0205078125
0 0.98828125 0.802734375 0.0234375 0.0283203125
0 0.537109375 0.0986328125 0.0810546875 0.087890625
0 0.486328125 0.1201171875 0.025390625 0.0283203125
0 0.033203125 0.56640625 0.0185546875 0.021484375
0 0.751953125 0.71875 0.0439453125 0.0517578125
0 0.7431640625 0.46875 0.017578125 0.0185546875
0 0.6298828125 0.51171875 0.0673828125 0.0703125
0 0.369140625 0.53515625 0.025390625 0.03125
0 0.224609375 0.693359375 0.0390625 0.0439453125
0 0.7568359375 0.7890625 0.021484375 0.0263671875
0 0.521484375 0.7744140625 0.025390625 0.0283203125
0 0.3642578125 0.6962890625 0.0185546875 0.0205078125
0 0.1259765625 0.095703125 0.0107421875 0.0126953125
0 0.26171875 0.11328125 0.0126953125 0.013671875
0 0.345703125 0.0556640625 0.1845703125 0.111328125
0 0.169921875 0.173828125 0.015625 0.0185546875
0 0.1259765625 0.142578125 0.025390625 0.029296875
0 0.0595703125 0.1318359375 0.009765625 0.009765625
0 0.01171875 0.0810546875 0.013671875 0.015625
0 0.0087890625 0.5888671875 0.013671875 0.015625
0 0.2880859375 0.89453125 0.0107421875 0.0126953125
0 0.240234375 0.6787109375 0.0517578125 0.0654296875
0 0.4921875 0.720703125 0.125 0.1484375
0 0.7060546875 0.845703125 0.0126953125 0.015625
0 0.57421875 0.9853515625 0.0234375 0.029296875
0 0.7763671875 0.9912109375 0.0205078125 0.017578125
0 0.77734375 0.7353515625 0.0185546875 0.0205078125
0 0.751953125 0.681640625 0.0283203125 0.033203125
0 0.5927734375 0.1083984375 0.0126953125 0.015625
0 0.4775390625 0.185546875 0.013671875 0.015625
0 0.50390625 0.408203125 0.0283203125 0.033203125
0 0.724609375 0.318359375 0.0185546875 0.0234375
0 0.2314453125 0.39453125 0.013671875 0.015625
0 0.19140625 0.390625 0.021484375 0.021484375
0 0.390625 0.9921875 0.015625 0.015625
0 0.44140625 0.6357421875 0.0078125 0.0078125
0 0.029296875 0.8388671875 0.015625 0.0185546875
0 0.8955078125 0.2822265625 0.025390625 0.029296875
0 0.9287109375 0.2880859375 0.017578125 0.0185546875
0 0.904296875 0.2626953125 0.021484375 0.0263671875
0 0.9619140625 0.1767578125 0.025390625 0.029296875
0 0.9013671875 0.74609375 0.0126953125 0.013671875
0 0.806640625 0.94140625 0.0107421875 0.013671875
0 0.833984375 0.7431640625 0.0126953125 0.0126953125
0 0.80078125 0.6240234375 0.009765625 0.0107421875
0 0.666015625 0.556640625 0.021484375 0.0263671875
0 0.5771484375 0.6259765625 0.0263671875 0.03125
0 0.8232421875 0.4326171875 0.013671875 0.013671875
0 0.2275390625 0.568359375 0.033203125 0.037109375
0 0.166015625 0.9189453125 0.005859375 0.0078125
0 0.1123046875 0.892578125 0.0078125 0.009765625
0 0.3662109375 0.9736328125 0.0107421875 0.0126953125
0 0.2626953125 0.3193359375 0.0107421875 0.0107421875
0 0.5654296875 0.4130859375 0.228515625 0.224609375
0 0.8583984375 0.1162109375 0.2578125 0.232421875
0 0.1572265625 0.56640625 0.0185546875 0.021484375
0 0.0673828125 0.681640625 0.029296875 0.033203125
0 0.3994140625 0.939453125 0.015625 0.017578125
0 0.625 0.919921875 0.0185546875 0.021484375
0 0.59375 0.7958984375 0.009765625 0.0107421875
0 0.431640625 0.9677734375 0.013671875 0.013671875
0 0.908203125 0.3544921875 0.009765625 0.0078125
0 0.5986328125 0.1611328125 0.015625 0.0185546875
0 0.5791015625 0.5712890625 0.015625 0.0185546875
0 0.9638671875 0.568359375 0.0703125 0.095703125