0 0.2412109375 0.3095703125 0.109375 0.1298828125
0 0.53125 0.1669921875 0.025390625 0.029296875
0 0.2158203125 0.0478515625 0.0234375 0.0283203125
0 0.740234375 0.7890625 0.1533203125 0.1796875
0 0.95703125 0.6015625 0.017578125 0.0205078125
0 0.83984375 0.486328125 0.013671875 0.017578125
0 0.669921875 0.7041015625 0.015625 0.0185546875
0 0.541015625 0.7109375 0.017578125 0.0205078125
0 0.5126953125 0.65625 0.0185546875 0.021484375
0 0.853515625 0.083984375 0.0205078125 0.0234375
0 0.8251953125 0.208984375 0.0205078125 0.0234375
0 0.6484375 0.3525390625 0.033203125 0.037109375
0 0.38671875 0.142578125 0.029296875 0.033203125
0 0.43359375 0.060546875 0.015625 0.0185546875
0 0.64453125 0.255859375 0.0234375 0.0283203125
0 0.376953125 0.740234375 0.017578125 0.0205078125
0 0.353515625 0.7314453125 0.0078125 0.0107421875
0 0.0263671875 0.611328125 0.0185546875 0.021484375
0 0.0244140625 0.486328125 0.0078125 0.009765625
0 0.6640625 0.58203125 0.076171875 0.0908203125
0 0.8173828125 0.845703125 0.013671875 0.017578125
0 0.767578125 0.923828125 0.013671875 0.017578125
0 0.373046875 0.0732421875 0.015625 0.0185546875
0 0.4140625 0.1201171875 0.033203125 0.0390625
0 0.310546875 0.3681640625 0.013671875 0.017578125
0 0.216796875 0.1865234375 0.1904296875 0.2138671875
0 0.4150390625 0.177734375 0.0263671875 0.033203125
0 0.4365234375 0.294921875 0.037109375 0.041015625
0 0.427734375 0.34375 0.0234375 0.029296875
0 0.2998046875 0.3447265625 0.013671875 0.017578125
0 0.1396484375 0.396484375 0.0205078125 0.0205078125
0 0.212890625 0.46484375 0.0283203125 0.033203125
0 0.09765625 0.482421875 0.0205078125 0.0263671875
0 0.130859375 0.017578125 0.0234375 0.0283203125
0 0.1142578125 0.068359375 0.0185546875 0.0234375
0 0.2314453125 0.0234375 0.013671875 0.017578125
0 0.392578125 0.236328125 0.015625 0.0185546875
0 0.4384765625 0.572265625 0.0361328125 0.048828125
0 0.203125 0.513671875 0.0234375 0.0263671875
0 0.04296875 0.5986328125 0.021484375 0.0234375
0 0.3359375 0.916015625 0.0234375 0.0263671875
0 0.33984375 0.8623046875 0.025390625 0.0263671875
0 0.201171875 0.802734375 0.017578125 0.021484375
0 0.5537109375 0.658203125 0.0185546875 0.021484375
0 0.630859375 0.7568359375 0.0126953125 0.015625
0 0.5498046875 0.46875 0.185546875 0.216796875
0 0.5810546875 0.1103515625 0.126953125 0.138671875
0 0.8291015625 0.17578125 0.037109375 0.0419921875
0 0.9453125 0.1396484375 0.0390625 0.048828125
0 0.6748046875 0.1064453125 0.0185546875 0.021484375
0 0.697265625 0.271484375 0.0263671875 0.0283203125
0 0.95703125 0.3974609375 0.025390625 0.0283203125
0 0.748046875 0.41015625 0.013671875 0.0185546875
0 0.6123046875 0.2099609375 0.021484375 0.0234375
0 0.9775390625 0.1103515625 0.0439453125 0.0439453125
0 0.892578125 0.865234375 0.1201171875 0.1357421875
0 0.4072265625 0.671875 0.0185546875 0.0234375
0 0.0185546875 0.830078125 0.0234375 0.0283203125
0 0.1640625 0.9267578125 0.009765625 0.0126953125
0 0.2529296875 0.5537109375 0.015625 0.0185546875
0 0.017578125 0.1083984375 0.0341796875 0.046875
0 0.087890625 0.185546875 0.013671875 0.0185546875
0 0.2568359375 0.0703125 0.0361328125 0.041015625
0 0.111328125 0.09765625 0.013671875 0.015625
0 0.310546875 0.080078125 0.009765625 0.0126953125
0 0.0625 0.447265625 0.025390625 0.029296875
0 0.115234375 0.5791015625 0.0283203125 0.03125
0 0.2802734375 0.482421875 0.0126953125 0.013671875
0 0.427734375 0.423828125 0.0126953125 0.013671875
0 0.474609375 0.55078125 0.0283203125 0.0341796875
0 0.0703125 0.744140625 0.0126953125 0.0126953125
0 0.2802734375 0.630859375 0.021484375 0.0263671875
0 0.240234375 0.646484375 0.025390625 0.0283203125
0 0.5263671875 0.8583984375 0.0107421875 0.0126953125
0 0.521484375 0.791015625 0.0126953125 0.015625
0 0.4306640625 0.6748046875 0.013671875 0.015625
0 0.125 0.3447265625 0.013671875 0.015625
0 0.84375 0.294921875 0.1875 0.193359375
0 0.8046875 0.63671875 0.212890625 0.2373046875
0 0.6220703125 0.916015625 0.1923828125 0.166015625