0 0.490234375 0.0634765625 0.013671875 0.015625
0 0.1103515625 0.02734375 0.021484375 0.0263671875
0 0.189453125 0.076171875 0.009765625 0.0126953125
0 0.0126953125 0.150390625 0.025390625 0.0361328125
0 0.4580078125 0.283203125 0.0263671875 0.03125
0 0.1376953125 0.51171875 0.021484375 0.0263671875
0 0.240234375 0.626953125 0.0107421875 0.0126953125
0 0.080078125 0.638671875 0.0126953125 0.0126953125
0 0.177734375 0.6357421875 0.005859375 0.0078125
0 0.423828125 0.61328125 0.013671875 0.017578125
0 0.44140625 0.892578125 0.0205078125 0.0234375
0 0.44140625 0.451171875 0.0205078125 0.0234375
0 0.181640625 0.365234375 0.025390625 0.029296875
0 0.021484375 0.275390625 0.0107421875 0.0126953125
0 0.0166015625 0.2158203125 0.005859375 0.0078125
0 0.1669921875 0.1201171875 0.013671875 0.017578125
0 0.3505859375 0.2080078125 0.0185546875 0.021484375
0 0.279296875 0.1875 0.013671875 0.015625
0 0.7724609375 0.126953125 0.0263671875 0.03125
0 0.787109375 0.2314453125 0.0126953125 0.015625
0 0.5849609375 0.1376953125 0.013671875 0.017578125
0 0.65234375 0.05859375 0.0185546875 0.021484375
0 0.5654296875 0.080078125 0.0107421875 0.0126953125
0 0.638671875 0.087890625 0.0078125 0.009765625
0 0.9267578125 0.486328125 0.015625 0.0185546875
0 0.818359375 0.830078125 0.0986328125 0.1171875
0 0.73828125 0.4931640625 0.0107421875 0.0126953125
0 0.69140625 0.498046875 0.0185546875 0.021484375
0 0.876953125 0.134765625 0.0263671875 0.03125
0 0.6552734375 0.3642578125 0.2001953125 0.236328125
0 0.93359375 0.353515625 0.0078125 0.0078125
0 0.9443359375 0.708984375 0.025390625 0.0283203125
0 0.8720703125 0.765625 0.013671875 0.017578125
0 0.3427734375 0.119140625 0.005859375 0.0078125
0 0.4169921875 0.732421875 0.005859375 0.0078125
0 0.39453125 0.6044921875 0.0078125 0.0078125
0 0.826171875 0.64453125 0.0126953125 0.013671875
0 0.4501953125 0.1083984375 0.0234375 0.0283203125
0 0.2998046875 0.197265625 0.0283203125 0.033203125
0 0.224609375 0.384765625 0.015625 0.0185546875
0 0.453125 0.7216796875 0.033203125 0.037109375
0 0.166015625 0.6064453125 0.0185546875 0.021484375
0 0.146484375 0.654296875 0.015625 0.0185546875
0 0.3310546875 0.4052734375 0.021484375 0.0263671875
0 0.404296875 0.2783203125 0.029296875 0.0341796875
0 0.671875 0.7392578125 0.0205078125 0.0234375
0 0.98828125 0.927734375 0.013671875 0.017578125
0 0.5283203125 0.869140625 0.123046875 0.1455078125
0 0.6337890625 0.4638671875 0.1904296875 0.224609375
0 0.2197265625 0.158203125 0.025390625 0.029296875
0 0.125 0.2158203125 0.013671875 0.017578125
0 0.5244140625 0.083984375 0.0205078125 0.0234375
0 0.2822265625 0.2197265625 0.013671875 0.017578125
0 0.0703125 0.4169921875 0.009765625 0.0107421875
0 0.0234375 0.6884765625 0.0126953125 0.0126953125
0 0.291015625 0.1005859375 0.021484375 0.0263671875
0 0.4326171875 0.1376953125 0.0439453125 0.052734375
0 0.2392578125 0.08984375 0.021484375 0.0234375
0 0.1259765625 0.130859375 0.0517578125 0.060546875
0 0.080078125 0.3134765625 0.0283203125 0.03125
0 0.1328125 0.3515625 0.015625 0.0205078125
0 0.3681640625 0.078125 0.0185546875 0.021484375
0 0.1201171875 0.16015625 0.033203125 0.0390625
0 0.146484375 0.189453125 0.013671875 0.0185546875
0 0.16796875 0.4169921875 0.0185546875 0.0234375
0 0.45703125 0.392578125 0.0205078125 0.025390625
0 0.5458984375 0.359375 0.03125 0.037109375
0 0.47265625 0.1767578125 0.0185546875 0.021484375
0 0.013671875 0.390625 0.0263671875 0.033203125
0 0.1259765625 0.3701171875 0.021484375 0.0283203125
0 0.0693359375 0.533203125 0.015625 0.021484375
0 0.1220703125 0.7412109375 0.033203125 0.0390625
0 0.1484375 0.728515625 0.0283203125 0.033203125
0 0.2158203125 0.64453125 0.021484375 0.0234375
0 0.3447265625 0.658203125 0.013671875 0.0185546875
0 0.380859375 0.677734375 0.017578125 0.0185546875
0 0.48046875 0.634765625 0.0439453125 0.0517578125
0 0.5126953125 0.6484375 0.021484375 0.0263671875
0 0.548828125 0.6171875 0.033203125 0.037109375
0 0.6220703125 0.626953125 0.017578125 0.021484375
0 0.6083984375 0.720703125 0.0234375 0.0263671875
0 0.423828125 0.578125 0.0205078125 0.0263671875
0 0.4853515625 0.58984375 0.0234375 0.029296875
0 0.041015625 0.7001953125 0.021484375 0.0283203125
0 0.029296875 0.853515625 0.0234375 0.03125
0 0.056640625 0.9208984375 0.0205078125 0.0263671875
0 0.0966796875 0.943359375 0.03125 0.041015625
0 0.111328125 0.904296875 0.0107421875 0.0126953125
0 0.220703125 0.970703125 0.0107421875 0.0126953125
0 0.30078125 0.9541015625 0.013671875 0.017578125
0 0.2841796875 0.951171875 0.0107421875 0.013671875
0 0.2490234375 0.9912109375 0.013671875 0.015625
0 0.4541015625 0.865234375 0.0546875 0.0673828125
0 0.5888671875 0.8203125 0.0185546875 0.0205078125
0 0.66796875 0.7900390625 0.0107421875 0.0107421875
0 0.1923828125 0.818359375 0.025390625 0.029296875
0 0.02734375 0.724609375 0.0283203125 0.033203125
0 0.9091796875 0.1455078125 0.033203125 0.037109375
0 0.927734375 0.0166015625 0.0283203125 0.029296875
0 0.7939453125 0.3232421875 0.0263671875 0.029296875
0 0.892578125 0.4443359375 0.033203125 0.0361328125
0 0.818359375 0.380859375 0.0283203125 0.029296875
0 0.65234375 0.349609375 0.017578125 0.021484375
0 0.9482421875 0.458984375 0.015625 0.0205078125
0 0.689453125 0.5322265625 0.0107421875 0.0126953125
0 0.716796875 0.470703125 0.009765625 0.009765625
0 0.8759765625 0.736328125 0.029296875 0.0283203125
0 0.78515625 0.7333984375 0.0185546875 0.0205078125
0 0.8681640625 0.802734375 0.009765625 0.0126953125
0 0.837890625 0.658203125 0.0205078125 0.0234375
0 0.892578125 0.939453125 0.0185546875 0.0263671875
0 0.7060546875 0.8984375 0.1279296875 0.1591796875
0 0.927734375 0.90234375 0.0126953125 0.0185546875
0 0.923828125 0.841796875 0.0078125 0.009765625
0 0.298828125 0.798828125 0.255859375 0.267578125