0 0.369140625 0.44921875 0.0283203125 0.033203125
0 0.40625 0.49609375 0.017578125 0.0205078125
0 0.4814453125 0.4921875 0.013671875 0.015625
0 0.5771484375 0.6318359375 0.0126953125 0.015625
0 0.6259765625 0.591796875 0.0205078125 0.0234375
0 0.595703125 0.498046875 0.013671875 0.017578125
0 0.361328125 0.7138671875 0.0126953125 0.0126953125
0 0.2783203125 0.6455078125 0.0107421875 0.0126953125
0 0.1064453125 0.6669921875 0.013671875 0.015625
0 0.1181640625 0.484375 0.0185546875 0.021484375
0 0.072265625 0.46484375 0.017578125 0.0205078125
0 0.201171875 0.501953125 0.0107421875 0.0126953125
0 0.41015625 0.775390625 0.017578125 0.0205078125
0 0.2841796875 0.8896484375 0.015625 0.0185546875
0 0.3876953125 0.8876953125 0.0107421875 0.0126953125
0 0.056640625 0.94140625 0.0107421875 0.0126953125
0 0.068359375 0.875 0.0107421875 0.0126953125
0 0.314453125 0.984375 0.0078125 0.009765625
0 0.193359375 0.7333984375 0.009765625 0.0107421875
0 0.1669921875 0.65234375 0.017578125 0.0205078125
0 0.3701171875 0.62890625 0.029296875 0.0341796875
0 0.11328125 0.2939453125 0.0078125 0.0078125
0 0.19140625 0.365234375 0.013671875 0.017578125
0 0.1572265625 0.369140625 0.005859375 0.0078125
0 0.2412109375 0.08984375 0.021484375 0.0263671875
0 0.7353515625 0.158203125 0.015625 0.0185546875
0 0.6376953125 0.1171875 0.0107421875 0.0126953125
0 0.5673828125 0.2294921875 0.0205078125 0.0234375
0 0.6640625 0.318359375 0.017578125 0.0205078125
0 0.86328125 0.2998046875 0.0107421875 0.0126953125
0 0.513671875 0.291015625 0.0205078125 0.0234375
0 0.689453125 0.2333984375 0.0390625 0.046875
0 0.7802734375 0.046875 0.115234375 0.09375
0 0.798828125 0.3505859375 0.046875 0.0546875
0 0.720703125 0.404296875 0.0234375 0.0283203125
0 0.6328125 0.35546875 0.015625 0.0185546875
0 0.548828125 0.4052734375 0.033203125 0.0390625
0 0.642578125 0.4296875 0.0185546875 0.021484375
0 0.751953125 0.533203125 0.015625 0.0185546875
0 0.759765625 0.6162109375 0.017578125 0.0205078125
0 0.79296875 0.7822265625 0.0126953125 0.0126953125
0 0.791015625 0.73828125 0.015625 0.0185546875
0 0.568359375 0.837890625 0.0126953125 0.015625
0 0.525390625 0.9013671875 0.0205078125 0.0234375
0 0.626953125 0.990234375 0.0185546875 0.0185546875
0 0.7802734375 0.9716796875 0.0126953125 0.013671875
0 0.9091796875 0.9716796875 0.0185546875 0.021484375
0 0.662109375 0.2177734375 0.0283203125 0.033203125
0 0.7080078125 0.572265625 0.015625 0.0185546875
0 0.04296875 0.53515625 0.017578125 0.0205078125
0 0.1630859375 0.994140625 0.009765625 0.0107421875
0 0.3291015625 0.7607421875 0.017578125 0.0205078125
0 0.3466796875 0.501953125 0.0107421875 0.0126953125
0 0.3046875 0.4970703125 0.0107421875 0.0126953125
0 0.2607421875 0.0537109375 0.037109375 0.0390625
0 0.15625 0.248046875 0.044921875 0.048828125
0 0.2099609375 0.2490234375 0.021484375 0.0263671875
0 0.203125 0.2919921875 0.017578125 0.021484375
0 0.3818359375 0.3232421875 0.126953125 0.146484375
0 0.5166015625 0.333984375 0.0126953125 0.0185546875
0 0.73828125 0.2705078125 0.0283203125 0.0361328125
0 0.029296875 0.248046875 0.015625 0.0185546875
0 0.595703125 0.142578125 0.0361328125 0.046875
0 0.4345703125 0.2568359375 0.0283203125 0.03125
0 0.587890625 0.322265625 0.0263671875 0.03125
0 0.623046875 0.4443359375 0.0419921875 0.0517578125
0 0.529296875 0.462890625 0.0126953125 0.015625
0 0.224609375 0.419921875 0.0126953125 0.015625
0 0.048828125 0.4150390625 0.0185546875 0.0234375
0 0.2197265625 0.5263671875 0.025390625 0.0263671875
0 0.3310546875 0.560546875 0.0234375 0.0283203125
0 0.3369140625 0.0361328125 0.0205078125 0.021484375
0 0.466796875 0.4638671875 0.013671875 0.017578125
0 0.6162109375 0.5712890625 0.0107421875 0.0107421875
0 0.51171875 0.54296875 0.013671875 0.015625
0 0.1513671875 0.505859375 0.0341796875 0.037109375
0 0.3076171875 0.728515625 0.021484375 0.0283203125
0 0.0693359375 0.763671875 0.015625 0.0185546875
0 0.080078125 0.91015625 0.033203125 0.037109375
0 0.4521484375 0.88671875 0.0234375 0.029296875
0 0.587890625 0.9111328125 0.037109375 0.0439453125
0 0.6455078125 0.9033203125 0.0205078125 0.0234375
0 0.6484375 0.857421875 0.0205078125 0.021484375
0 0.76171875 0.7587890625 0.033203125 0.037109375
0 0.490234375 0.736328125 0.017578125 0.0205078125
0 0.2978515625 0.791015625 0.021484375 0.0263671875
0 0.287109375 0.8046875 0.0185546875 0.0185546875
0 0.447265625 0.2080078125 0.0205078125 0.021484375
0 0.490234375 0.1162109375 0.1376953125 0.1484375
0 0.85546875 0.15625 0.044921875 0.0517578125
0 0.8076171875 0.251953125 0.0205078125 0.0234375
0 0.845703125 0.3974609375 0.029296875 0.0361328125
0 0.953125 0.279296875 0.0888671875 0.0966796875
0 0.947265625 0.529296875 0.0439453125 0.0517578125
0 0.8154296875 0.861328125 0.0703125 0.0810546875
0 0.9638671875 0.96484375 0.044921875 0.052734375
0 0.873046875 0.978515625 0.0107421875 0.013671875
0 0.826171875 0.681640625 0.021484375 0.021484375
0 0.775390625 0.53515625 0.025390625 0.029296875
0 0.146484375 0.986328125 0.017578125 0.017578125
0 0.013671875 0.1923828125 0.02734375 0.052734375
0 0.130859375 0.09765625 0.1904296875 0.1953125