0 0.015625 0.0146484375 0.0263671875 0.029296875
0 0.087890625 0.060546875 0.0205078125 0.0234375
0 0.12890625 0.115234375 0.0419921875 0.048828125
0 0.03125 0.146484375 0.0205078125 0.021484375
0 0.19140625 0.0771484375 0.056640625 0.0625
0 0.2431640625 0.126953125 0.0419921875 0.0498046875
0 0.251953125 0.154296875 0.033203125 0.037109375
0 0.298828125 0.103515625 0.015625 0.0185546875
0 0.2607421875 0.1025390625 0.0185546875 0.021484375
0 0.1904296875 0.103515625 0.03125 0.037109375
0 0.1357421875 0.033203125 0.021484375 0.0234375
0 0.1162109375 0.0205078125 0.0234375 0.0283203125
0 0.341796875 0.0166015625 0.0185546875 0.021484375
0 0.4189453125 0.0361328125 0.0283203125 0.03125
0 0.375 0.111328125 0.0234375 0.0283203125
0 0.4189453125 0.1572265625 0.03125 0.0361328125
0 0.3232421875 0.1943359375 0.0205078125 0.0234375
0 0.123046875 0.26171875 0.0185546875 0.021484375
0 0.0185546875 0.3720703125 0.021484375 0.0263671875
0 0.099609375 0.36328125 0.0185546875 0.0234375
0 0.0732421875 0.36328125 0.041015625 0.046875
0 0.1533203125 0.431640625 0.013671875 0.017578125
0 0.2109375 0.361328125 0.0234375 0.0283203125
0 0.2744140625 0.2880859375 0.0263671875 0.03125
0 0.3857421875 0.3271484375 0.0185546875 0.021484375
0 0.2890625 0.26953125 0.0263671875 0.029296875
0 0.3388671875 0.251953125 0.015625 0.0205078125
0 0.373046875 0.2412109375 0.0205078125 0.0234375
0 0.46484375 0.26953125 0.025390625 0.029296875
0 0.583984375 0.087890625 0.009765625 0.0107421875
0 0.6630859375 0.125 0.0439453125 0.0498046875
0 0.544921875 0.205078125 0.041015625 0.048828125
0 0.5703125 0.1728515625 0.025390625 0.029296875
0 0.6171875 0.169921875 0.0419921875 0.046875
0 0.6904296875 0.232421875 0.0283203125 0.033203125
0 0.64453125 0.279296875 0.013671875 0.015625
0 0.810546875 0.20703125 0.0341796875 0.041015625
0 0.78515625 0.255859375 0.015625 0.017578125
0 0.8095703125 0.296875 0.0283203125 0.03125
0 0.822265625 0.2607421875 0.021484375 0.0234375
0 0.830078125 0.23828125 0.0126953125 0.013671875
0 0.8671875 0.232421875 0.013671875 0.017578125
0 0.8603515625 0.185546875 0.0234375 0.0283203125
0 0.9853515625 0.1708984375 0.029296875 0.037109375
0 0.943359375 0.0849609375 0.0341796875 0.041015625
0 0.888671875 0.044921875 0.017578125 0.0205078125
0 0.828125 0.087890625 0.0185546875 0.021484375
0 0.775390625 0.0166015625 0.0185546875 0.0234375
0 0.8017578125 0.1064453125 0.0126953125 0.015625
0 0.9912109375 0.275390625 0.0107421875 0.0107421875
0 0.9931640625 0.3642578125 0.0126953125 0.013671875
0 0.966796875 0.392578125 0.015625 0.017578125
0 0.876953125 0.3935546875 0.0234375 0.0263671875
0 0.76171875 0.392578125 0.015625 0.017578125
0 0.68359375 0.396484375 0.029296875 0.0341796875
0 0.7685546875 0.484375 0.0390625 0.046875
0 0.6923828125 0.4365234375 0.013671875 0.017578125
0 0.826171875 0.46875 0.009765625 0.0107421875
0 0.9287109375 0.556640625 0.017578125 0.0205078125
0 0.76953125 0.5654296875 0.0185546875 0.0205078125
0 0.830078125 0.67578125 0.0439453125 0.0498046875
0 0.8046875 0.595703125 0.048828125 0.0546875
0 0.919921875 0.638671875 0.052734375 0.0595703125
0 0.8203125 0.6298828125 0.2314453125 0.2451171875
0 0.666015625 0.611328125 0.0390625 0.0439453125
0 0.669921875 0.58984375 0.0205078125 0.021484375
0 0.826171875 0.798828125 0.033203125 0.037109375
0 0.7314453125 0.8134765625 0.013671875 0.017578125
0 0.677734375 0.873046875 0.013671875 0.017578125
0 0.7275390625 0.93359375 0.0234375 0.0283203125
0 0.8076171875 0.8720703125 0.0185546875 0.0234375
0 0.83203125 0.908203125 0.0234375 0.0283203125
0 0.849609375 0.9228515625 0.0185546875 0.021484375
0 0.8701171875 0.9384765625 0.0234375 0.0263671875
0 0.5712890625 0.82421875 0.03125 0.037109375
0 0.5654296875 0.7685546875 0.015625 0.0185546875
0 0.447265625 0.892578125 0.015625 0.0185546875
0 0.455078125 0.7841796875 0.0205078125 0.0234375
0 0.4609375 0.7412109375 0.0185546875 0.0205078125
0 0.2216796875 0.958984375 0.021484375 0.025390625
0 0.1025390625 0.802734375 0.013671875 0.017578125
0 0.140625 0.828125 0.0126953125 0.013671875
0 0.2255859375 0.7578125 0.0205078125 0.0234375
0 0.2646484375 0.794921875 0.0234375 0.0263671875
0 0.28515625 0.7763671875 0.013671875 0.015625
0 0.3017578125 0.740234375 0.0283203125 0.033203125
0 0.2509765625 0.6943359375 0.0205078125 0.0234375
0 0.20703125 0.671875 0.0234375 0.0283203125
0 0.060546875 0.744140625 0.013671875 0.017578125
0 0.115234375 0.65625 0.025390625 0.029296875
0 0.0673828125 0.6923828125 0.025390625 0.0283203125
0 0.0537109375 0.615234375 0.013671875 0.017578125
0 0.1357421875 0.5732421875 0.013671875 0.015625
0 0.17578125 0.5078125 0.0234375 0.029296875
0 0.21484375 0.5361328125 0.0205078125 0.0234375
0 0.3564453125 0.6259765625 0.013671875 0.0185546875
0 0.408203125 0.6162109375 0.0234375 0.0263671875
0 0.5400390625 0.638671875 0.0234375 0.0263671875
0 0.4853515625 0.5947265625 0.021484375 0.0234375
0 0.49609375 0.576171875 0.025390625 0.0283203125
0 0.5693359375 0.533203125 0.013671875 0.017578125
0 0.322265625 0.47265625 0.0205078125 0.025390625
0 0.3544921875 0.4580078125 0.0498046875 0.0576171875
0 0.42578125 0.4150390625 0.0625 0.0732421875
0 0.404296875 0.380859375 0.013671875 0.015625
0 0.529296875 0.3310546875 0.0361328125 0.0419921875
0 0.626953125 0.4423828125 0.017578125 0.021484375
0 0.771484375 0.376953125 0.0205078125 0.0234375