0 0.763671875 0.5751953125 0.0546875 0.060546875
0 0.193359375 0.0537109375 0.0732421875 0.087890625
0 0.23828125 0.0283203125 0.0234375 0.0263671875
0 0.28515625 0.16015625 0.048828125 0.0576171875
0 0.26171875 0.3310546875 0.0283203125 0.03125
0 0.146484375 0.2861328125 0.0390625 0.046875
0 0.076171875 0.0439453125 0.0283203125 0.037109375
0 0.087890625 0.1943359375 0.0263671875 0.029296875
0 0.12109375 0.396484375 0.0263671875 0.029296875
0 0.2333984375 0.4345703125 0.0361328125 0.0439453125
0 0.3681640625 0.32421875 0.0185546875 0.021484375
0 0.3271484375 0.181640625 0.015625 0.0185546875
0 0.482421875 0.130859375 0.109375 0.1279296875
0 0.6123046875 0.0830078125 0.03125 0.0361328125
0 0.642578125 0.0673828125 0.017578125 0.0185546875
0 0.646484375 0.2470703125 0.0439453125 0.052734375
0 0.76171875 0.271484375 0.033203125 0.0390625
0 0.5302734375 0.26953125 0.0185546875 0.021484375
0 0.4169921875 0.1064453125 0.0283203125 0.029296875
0 0.705078125 0.376953125 0.03125 0.03125
0 0.7470703125 0.4248046875 0.046875 0.0517578125
0 0.494140625 0.4365234375 0.03125 0.0341796875
0 0.595703125 0.4697265625 0.021484375 0.0263671875
0 0.669921875 0.505859375 0.015625 0.0185546875
0 0.654296875 0.4140625 0.0107421875 0.015625
0 0.6943359375 0.6005859375 0.0185546875 0.0205078125
0 0.6044921875 0.5625 0.041015625 0.048828125
0 0.267578125 0.5087890625 0.021484375 0.0263671875
0 0.21484375 0.5224609375 0.025390625 0.0283203125
0 0.3291015625 0.0537109375 0.013671875 0.0126953125
0 0.533203125 0.513671875 0.013671875 0.017578125
0 0.4365234375 0.65234375 0.0283203125 0.033203125
0 0.490234375 0.716796875 0.0205078125 0.0234375
0 0.19921875 0.666015625 0.0283203125 0.033203125
0 0.111328125 0.681640625 0.013671875 0.015625
0 0.0751953125 0.6171875 0.015625 0.0185546875
0 0.6962890625 0.982421875 0.0283203125 0.03125
0 0.771484375 0.845703125 0.0205078125 0.0283203125
0 0.759765625 0.806640625 0.015625 0.015625
0 0.09765625 0.892578125 0.0185546875 0.0263671875
0 0.5517578125 0.341796875 0.0703125 0.080078125
0 0.1015625 0.119140625 0.017578125 0.021484375
0 0.037109375 0.13671875 0.0185546875 0.0205078125
0 0.3037109375 0.181640625 0.0205078125 0.021484375
0 0.4248046875 0.2099609375 0.0107421875 0.0126953125
0 0.15625 0.2392578125 0.009765625 0.0107421875
0 0.111328125 0.337890625 0.0078125 0.0078125
0 0.107421875 0.478515625 0.0263671875 0.029296875
0 0.125 0.5224609375 0.0078125 0.0078125
0 0.2802734375 0.43359375 0.013671875 0.017578125
0 0.00390625 0.134765625 0.0078125 0.0234375
0 0.0078125 0.1044921875 0.013671875 0.017578125
0 0.15625 0.9931640625 0.017578125 0.013671875
0 0.1240234375 0.9951171875 0.0126953125 0.009765625
0 0.0322265625 0.9423828125 0.0078125 0.0107421875
0 0.486328125 0.9501953125 0.017578125 0.0185546875
0 0.537109375 0.939453125 0.0234375 0.0263671875
0 0.4375 0.7490234375 0.0107421875 0.0126953125
0 0.498046875 0.791015625 0.013671875 0.015625
0 0.3603515625 0.9091796875 0.0078125 0.009765625
0 0.2802734375 0.646484375 0.0078125 0.0078125
0 0.388671875 0.6728515625 0.0185546875 0.0205078125
0 0.4462890625 0.7021484375 0.0185546875 0.021484375
0 0.0390625 0.4169921875 0.0126953125 0.013671875
0 0.2265625 0.1484375 0.005859375 0.0078125
0 0.3623046875 0.4609375 0.029296875 0.0341796875
0 0.189453125 0.9306640625 0.009765625 0.013671875
0 0.7216796875 0.068359375 0.033203125 0.0390625
0 0.8671875 0.0712890625 0.021484375 0.0263671875
0 0.86328125 0.181640625 0.0126953125 0.015625
0 0.9267578125 0.181640625 0.025390625 0.0283203125
0 0.84765625 0.248046875 0.013671875 0.015625
0 0.787109375 0.259765625 0.0283203125 0.03125
0 0.59375 0.30078125 0.009765625 0.0107421875
0 0.9306640625 0.115234375 0.1171875 0.125
0 0.84765625 0.017578125 0.0126953125 0.013671875
0 0.947265625 0.283203125 0.021484375 0.0234375
0 0.9501953125 0.375 0.033203125 0.037109375
0 0.8505859375 0.4560546875 0.0205078125 0.0263671875
0 0.955078125 0.490234375 0.0234375 0.0283203125
0 0.984375 0.49609375 0.0126953125 0.015625
0 0.853515625 0.498046875 0.0185546875 0.0205078125
0 0.861328125 0.4970703125 0.0107421875 0.0126953125
0 0.841796875 0.892578125 0.0439453125 0.048828125
0 0.9072265625 0.73046875 0.025390625 0.0283203125
0 0.865234375 0.654296875 0.029296875 0.033203125
0 0.953125 0.6875 0.017578125 0.0185546875
0 0.974609375 0.7587890625 0.033203125 0.0341796875
0 0.978515625 0.8447265625 0.0205078125 0.0234375
0 0.798828125 0.9794921875 0.013671875 0.013671875
0 0.634765625 0.994140625 0.0126953125 0.0107421875
0 0.630859375 0.8232421875 0.0126953125 0.013671875
0 0.7109375 0.73828125 0.015625 0.0185546875
0 0.701171875 0.7314453125 0.0126953125 0.015625
0 0.951171875 0.61328125 0.0205078125 0.0234375
0 0.89453125 0.5947265625 0.0234375 0.0283203125
0 0.6025390625 0.62109375 0.0107421875 0.0126953125
0 0.46484375 0.0146484375 0.056640625 0.029296875
0 0.3544921875 0.2138671875 0.0341796875 0.0419921875
0 0.3271484375 0.779296875 0.0107421875 0.0126953125
0 0.2451171875 0.783203125 0.0078125 0.0107421875
0 0.029296875 0.9111328125 0.0283203125 0.0341796875
0 0.0380859375 0.8828125 0.0126953125 0.015625
0 0.8251953125 0.9326171875 0.0126953125 0.015625
0 0.9228515625 0.9677734375 0.0107421875 0.0107421875
0 0.939453125 0.7158203125 0.015625 0.0205078125
0 0.603515625 0.197265625 0.0263671875 0.029296875
0 0.529296875 0.390625 0.0283203125 0.0341796875
0 0.7265625 0.56640625 0.017578125 0.0205078125