0 0.423828125 0.2197265625 0.0126953125 0.013671875
0 0.5 0.283203125 0.048828125 0.056640625
0 0.5615234375 0.087890625 0.185546875 0.1748046875
0 0.564453125 0.0078125 0.0263671875 0.015625
0 0.697265625 0.267578125 0.0234375 0.0283203125
0 0.5751953125 0.3046875 0.017578125 0.0205078125
0 0.5751953125 0.357421875 0.0126953125 0.015625
0 0.630859375 0.4716796875 0.015625 0.0185546875
0 0.330078125 0.263671875 0.033203125 0.0390625
0 0.2216796875 0.24609375 0.0234375 0.0283203125
0 0.38671875 0.154296875 0.037109375 0.0439453125
0 0.544921875 0.5029296875 0.033203125 0.0390625
0 0.4375 0.662109375 0.0234375 0.0283203125
0 0.353515625 0.65234375 0.0126953125 0.013671875
0 0.369140625 0.736328125 0.0205078125 0.0234375
0 0.248046875 0.7119140625 0.0283203125 0.03125
0 0.15234375 0.71484375 0.017578125 0.0205078125
0 0.1494140625 0.7890625 0.0185546875 0.021484375
0 0.013671875 0.7080078125 0.02734375 0.044921875
0 0.107421875 0.541015625 0.025390625 0.0283203125
0 0.150390625 0.529296875 0.021484375 0.0263671875
0 0.3974609375 0.9228515625 0.0234375 0.0283203125
0 0.056640625 0.9892578125 0.025390625 0.021484375
0 0.3134765625 0.8974609375 0.0205078125 0.0234375
0 0.275390625 0.927734375 0.0185546875 0.021484375
0 0.53125 0.8271484375 0.025390625 0.029296875
0 0.5703125 0.7822265625 0.0283203125 0.03125
0 0.5927734375 0.853515625 0.0234375 0.029296875
0 0.427734375 0.880859375 0.017578125 0.0205078125
0 0.4716796875 0.876953125 0.021484375 0.0263671875
0 0.537109375 0.6455078125 0.017578125 0.0205078125
0 0.60546875 0.67578125 0.0126953125 0.013671875
0 0.681640625 0.623046875 0.017578125 0.0205078125
0 0.048828125 0.556640625 0.0078125 0.009765625
0 0.798828125 0.146484375 0.0205078125 0.0234375
0 0.873046875 0.1025390625 0.017578125 0.0205078125
0 0.935546875 0.3193359375 0.017578125 0.0205078125
0 0.9443359375 0.572265625 0.0439453125 0.0517578125
0 0.958984375 0.8701171875 0.0107421875 0.0126953125
0 0.849609375 0.671875 0.0107421875 0.0126953125
0 0.984375 0.6640625 0.017578125 0.0205078125
0 0.470703125 0.6064453125 0.0234375 0.0283203125
0 0.9873046875 0.986328125 0.013671875 0.017578125
0 0.9384765625 0.984375 0.013671875 0.015625
0 0.802734375 0.65625 0.0390625 0.046875
0 0.416015625 0.1865234375 0.140625 0.1669921875
0 0.578125 0.724609375 0.0107421875 0.0126953125
0 0.31640625 0.0791015625 0.013671875 0.015625
0 0.2275390625 0.099609375 0.013671875 0.017578125
0 0.02734375 0.1708984375 0.013671875 0.017578125
0 0.275390625 0.84765625 0.0078125 0.0107421875
0 0.2490234375 0.771484375 0.005859375 0.0078125
0 0.66015625 0.974609375 0.033203125 0.037109375
0 0.373046875 0.9599609375 0.0078125 0.0107421875
0 0.90234375 0.4169921875 0.013671875 0.015625
0 0.8662109375 0.5087890625 0.0078125 0.0078125
0 0.720703125 0.2998046875 0.009765625 0.0107421875
0 0.6865234375 0.283203125 0.0078125 0.0078125
0 0.6337890625 0.654296875 0.0234375 0.0283203125
0 0.04296875 0.6123046875 0.0185546875 0.021484375
0 0.1259765625 0.2255859375 0.1376953125 0.166015625
0 0.2666015625 0.279296875 0.0185546875 0.0205078125
0 0.2783203125 0.2705078125 0.0234375 0.0263671875
0 0.041015625 0.4091796875 0.017578125 0.0205078125
0 0.037109375 0.4365234375 0.017578125 0.0205078125
0 0.2060546875 0.4599609375 0.025390625 0.03125
0 0.310546875 0.380859375 0.021484375 0.029296875
0 0.5341796875 0.357421875 0.0498046875 0.0546875
0 0.5107421875 0.43359375 0.033203125 0.041015625
0 0.544921875 0.455078125 0.021484375 0.0263671875
0 0.486328125 0.4287109375 0.0185546875 0.0234375
0 0.6123046875 0.337890625 0.015625 0.0185546875
0 0.705078125 0.2119140625 0.021484375 0.025390625
0 0.021484375 0.072265625 0.0205078125 0.021484375
0 0.482421875 0.5166015625 0.0703125 0.0751953125
0 0.2978515625 0.6162109375 0.0341796875 0.037109375
0 0.205078125 0.55078125 0.0361328125 0.0419921875
0 0.2578125 0.6015625 0.025390625 0.029296875
0 0.158203125 0.580078125 0.0234375 0.0263671875
0 0.0517578125 0.7666015625 0.046875 0.0517578125
0 0.13671875 0.654296875 0.0888671875 0.095703125
0 0.205078125 0.751953125 0.015625 0.0185546875
0 0.146484375 0.837890625 0.0341796875 0.0419921875
0 0.2734375 0.8271484375 0.0234375 0.0283203125
0 0.4716796875 0.626953125 0.0205078125 0.021484375
0 0.380859375 0.578125 0.0234375 0.0263671875
0 0.361328125 0.884765625 0.021484375 0.0263671875
0 0.240234375 0.9013671875 0.021484375 0.0263671875
0 0.1181640625 0.978515625 0.029296875 0.03125
0 0.345703125 0.896484375 0.015625 0.0185546875
0 0.455078125 0.447265625 0.017578125 0.0205078125
0 0.583984375 0.498046875 0.0048828125 0.009765625
0 0.7392578125 0.671875 0.0234375 0.0283203125
0 0.740234375 0.578125 0.0283203125 0.033203125
0 0.7158203125 0.556640625 0.0234375 0.021484375
0 0.6357421875 0.548828125 0.0283203125 0.03125
0 0.458984375 0.685546875 0.013671875 0.0126953125
0 0.548828125 0.8046875 0.009765625 0.0126953125
0 0.509765625 0.849609375 0.0341796875 0.041015625
0 0.685546875 0.8447265625 0.017578125 0.021484375
0 0.298828125 0.8251953125 0.013671875 0.015625
0 0.1435546875 0.923828125 0.0185546875 0.021484375
0 0.25 0.9931640625 0.0107421875 0.013671875
0 0.6845703125 0.9326171875 0.0263671875 0.033203125
0 0.7333984375 0.990234375 0.015625 0.017578125
0 0.861328125 0.263671875 0.0341796875 0.0419921875
0 0.9189453125 0.041015625 0.076171875 0.08203125
0 0.791015625 0.455078125 0.03125 0.033203125
0 0.7666015625 0.427734375 0.0185546875 0.017578125
0 0.923828125 0.52734375 0.033203125 0.0361328125
0 0.85546875 0.39453125 0.021484375 0.0205078125
0 0.833984375 0.849609375 0.013671875 0.017578125
0 0.9404296875 0.8740234375 0.025390625 0.0234375
0 0.974609375 0.923828125 0.0234375 0.021484375
0 0.9736328125 0.7919921875 0.03125 0.0361328125
0 0.0966796875 0.341796875 0.1748046875 0.1689453125