0 0.53125 0.5 0.806640625 1
0 0.728515625 0.1806640625 0.0439453125 0.076171875
0 0.7607421875 0.263671875 0.025390625 0.048828125
0 0.6875 0.29296875 0.041015625 0.076171875
0 0.59375 0.28125 0.0283203125 0.052734375
0 0.537109375 0.3017578125 0.03125 0.0595703125
0 0.515625 0.2900390625 0.0341796875 0.0654296875
0 0.5185546875 0.251953125 0.0283203125 0.048828125
0 0.380859375 0.138671875 0.0439453125 0.0830078125
0 0.583984375 0.3876953125 0.052734375 0.09375
0 0.478515625 0.408203125 0.0341796875 0.0654296875
0 0.3828125 0.3818359375 0.037109375 0.0654296875
0 0.359375 0.423828125 0.021484375 0.0419921875
0 0.1796875 0.333984375 0.0341796875 0.0703125
0 0.341796875 0.626953125 0.03125 0.0595703125
0 0.462890625 0.798828125 0.041015625 0.0830078125
0 0.6591796875 0.7861328125 0.287109375 0.427734375
0 0.623046875 0.6005859375 0.03125 0.0595703125
0 0.681640625 0.541015625 0.0341796875 0.0654296875
0 0.6640625 0.828125 0.203125 0.34375
0 0.724609375 0.662109375 0.03125 0.052734375
0 0.830078125 0.4970703125 0.0498046875 0.0888671875
0 0.9091796875 0.53515625 0.025390625 0.048828125
0 0.8876953125 0.564453125 0.0341796875 0.0654296875
0 0.8701171875 0.521484375 0.046875 0.1064453125
0 0.9091796875 0.677734375 0.0439453125 0.076171875
0 0.896484375 0.748046875 0.041015625 0.0830078125
0 0.9453125 0.8525390625 0.0498046875 0.1015625
0 0.90625 0.955078125 0.041015625 0.0830078125
0 0.890625 0.8935546875 0.03125 0.0654296875
0 0.8486328125 0.890625 0.0439453125 0.0888671875
0 0.791015625 0.833984375 0.0341796875 0.072265625
0 0.8154296875 0.96484375 0.025390625 0.052734375
0 0.478515625 0.947265625 0.0439453125 0.0830078125
0 0.142578125 0.8046875 0.037109375 0.0830078125
0 0.2392578125 0.8994140625 0.0341796875 0.0654296875
0 0.125 0.8818359375 0.056640625 0.0654296875
0 0.0078125 0.712890625 0.015625 0.076171875