0 0.4658203125 0.498046875 0.740234375 0.99609375
0 0.2978515625 0.123046875 0.0390625 0.0673828125
0 0.2578125 0.197265625 0.0234375 0.041015625
0 0.328125 0.2412109375 0.037109375 0.068359375
0 0.4228515625 0.259765625 0.0263671875 0.044921875
0 0.4765625 0.2919921875 0.0283203125 0.052734375
0 0.4990234375 0.2880859375 0.029296875 0.056640625
0 0.5009765625 0.25 0.0263671875 0.0390625
0 0.64453125 0.173828125 0.0390625 0.0751953125
0 0.4267578125 0.3681640625 0.046875 0.083984375
0 0.5302734375 0.4140625 0.029296875 0.0595703125
0 0.625 0.4140625 0.033203125 0.0595703125
0 0.646484375 0.462890625 0.0185546875 0.0390625
0 0.830078125 0.421875 0.029296875 0.0625
0 0.6484375 0.669921875 0.0283203125 0.0517578125
0 0.513671875 0.8056640625 0.0361328125 0.072265625
0 0.3173828125 0.78125 0.259765625 0.4375
0 0.369140625 0.5654296875 0.0263671875 0.0546875
0 0.318359375 0.4951171875 0.03125 0.056640625
0 0.3115234375 0.796875 0.1796875 0.326171875
0 0.263671875 0.6044921875 0.0263671875 0.0498046875
0 0.1748046875 0.4130859375 0.0439453125 0.0810546875
0 0.0927734375 0.427734375 0.0234375 0.041015625
0 0.111328125 0.462890625 0.029296875 0.060546875
0 0.1318359375 0.4267578125 0.0390625 0.0966796875
0 0.08203125 0.5654296875 0.0390625 0.0673828125
0 0.08984375 0.640625 0.037109375 0.0751953125
0 0.0341796875 0.7265625 0.0439453125 0.09375
0 0.064453125 0.841796875 0.0341796875 0.0751953125
0 0.0859375 0.787109375 0.0283203125 0.0595703125
0 0.1259765625 0.7978515625 0.0390625 0.0810546875
0 0.1875 0.75390625 0.03125 0.064453125
0 0.1513671875 0.876953125 0.021484375 0.0498046875
0 0.162109375 0.9853515625 0.037109375 0.029296875
0 0.255859375 0.9677734375 0.0234375 0.0419921875
0 0.48828125 0.9482421875 0.0390625 0.0751953125
0 0.8310546875 0.89453125 0.03125 0.0732421875
0 0.7275390625 0.962890625 0.029296875 0.056640625
0 0.841796875 0.9755859375 0.052734375 0.048828125
0 0.9814453125 0.845703125 0.033203125 0.0703125