0 0.53125 0.5 0.7998046875 1
0 0.724609375 0.171875 0.0439453125 0.076171875
0 0.759765625 0.2548828125 0.025390625 0.0419921875
0 0.685546875 0.287109375 0.041015625 0.076171875
0 0.5908203125 0.2783203125 0.0283203125 0.052734375
0 0.5361328125 0.3017578125 0.03125 0.0595703125
0 0.5126953125 0.2900390625 0.03125 0.0654296875
0 0.515625 0.251953125 0.0283203125 0.041015625
0 0.3779296875 0.1455078125 0.0439453125 0.0830078125
0 0.5830078125 0.384765625 0.0498046875 0.09375
0 0.4765625 0.408203125 0.0341796875 0.0654296875
0 0.380859375 0.384765625 0.0341796875 0.064453125
0 0.357421875 0.42578125 0.0185546875 0.0419921875
0 0.177734375 0.3427734375 0.0341796875 0.0703125
0 0.34375 0.6328125 0.03125 0.0595703125
0 0.4658203125 0.8017578125 0.041015625 0.076171875
0 0.6640625 0.783203125 0.2841796875 0.4326171875
0 0.625 0.5947265625 0.03125 0.0595703125
0 0.681640625 0.53515625 0.0341796875 0.0654296875
0 0.6689453125 0.828125 0.2001953125 0.34375
0 0.7265625 0.6572265625 0.03125 0.052734375
0 0.828125 0.4853515625 0.0498046875 0.0888671875
0 0.9091796875 0.521484375 0.025390625 0.048828125
0 0.888671875 0.5498046875 0.0341796875 0.0654296875
0 0.8701171875 0.5087890625 0.0439453125 0.1064453125
0 0.9111328125 0.666015625 0.0439453125 0.076171875
0 0.8984375 0.736328125 0.041015625 0.0830078125
0 0.9482421875 0.837890625 0.0498046875 0.1015625
0 0.9091796875 0.9404296875 0.037109375 0.0830078125
0 0.8935546875 0.8818359375 0.03125 0.0654296875
0 0.8515625 0.87890625 0.0439453125 0.0888671875
0 0.7939453125 0.822265625 0.0341796875 0.072265625
0 0.8203125 0.9521484375 0.025390625 0.052734375
0 0.482421875 0.947265625 0.0439453125 0.0830078125
0 0.1435546875 0.81640625 0.0341796875 0.0830078125
0 0.244140625 0.908203125 0.0341796875 0.0654296875
0 0.1298828125 0.8935546875 0.056640625 0.0595703125
0 0.009765625 0.73046875 0.0185546875 0.076171875