0 0.53125 0.5 0.806640625 1
0 0.728515625 0.1806640625 0.0439453125 0.076171875
0 0.7626953125 0.2666015625 0.025390625 0.048828125
0 0.689453125 0.29296875 0.041015625 0.076171875
0 0.595703125 0.28125 0.0283203125 0.052734375
0 0.537109375 0.3017578125 0.03125 0.0595703125
0 0.517578125 0.29296875 0.0341796875 0.0654296875
0 0.5205078125 0.2548828125 0.0283203125 0.048828125
0 0.380859375 0.142578125 0.0439453125 0.0830078125
0 0.5859375 0.390625 0.052734375 0.095703125
0 0.4794921875 0.4111328125 0.0341796875 0.0654296875
0 0.384765625 0.3818359375 0.037109375 0.0654296875
0 0.361328125 0.423828125 0.021484375 0.0419921875
0 0.1796875 0.337890625 0.0341796875 0.0703125
0 0.34375 0.626953125 0.03125 0.0595703125
0 0.4638671875 0.798828125 0.041015625 0.0830078125
0 0.6591796875 0.7861328125 0.287109375 0.427734375
0 0.625 0.603515625 0.03125 0.0595703125
0 0.6826171875 0.541015625 0.0341796875 0.0654296875
0 0.6640625 0.828125 0.203125 0.34375
0 0.724609375 0.666015625 0.03125 0.052734375
0 0.8310546875 0.5 0.0498046875 0.0888671875
0 0.9091796875 0.5380859375 0.025390625 0.046875
0 0.888671875 0.564453125 0.0341796875 0.0654296875
0 0.8701171875 0.521484375 0.046875 0.1064453125
0 0.9091796875 0.677734375 0.0439453125 0.076171875
0 0.8984375 0.751953125 0.041015625 0.0830078125
0 0.947265625 0.8544921875 0.0498046875 0.1015625
0 0.9072265625 0.9580078125 0.041015625 0.083984375
0 0.890625 0.896484375 0.03125 0.0654296875
0 0.849609375 0.890625 0.0439453125 0.0888671875
0 0.7919921875 0.833984375 0.0341796875 0.072265625
0 0.8154296875 0.966796875 0.025390625 0.052734375
0 0.478515625 0.947265625 0.0439453125 0.0830078125
0 0.1435546875 0.8046875 0.037109375 0.0830078125
0 0.2392578125 0.90234375 0.0341796875 0.0654296875
0 0.125 0.884765625 0.056640625 0.0654296875
0 0.0078125 0.712890625 0.015625 0.076171875