0 0.4658203125 0.5 0.740234375 1
0 0.298828125 0.12109375 0.041015625 0.0654296875
0 0.2578125 0.1982421875 0.021484375 0.0419921875
0 0.328125 0.2451171875 0.037109375 0.0703125
0 0.423828125 0.2568359375 0.025390625 0.046875
0 0.478515625 0.2958984375 0.0283203125 0.052734375
0 0.5 0.2900390625 0.0283203125 0.0595703125
0 0.5 0.248046875 0.0283203125 0.0361328125
0 0.6435546875 0.173828125 0.037109375 0.076171875
0 0.4248046875 0.3671875 0.046875 0.0830078125
0 0.529296875 0.4140625 0.03125 0.0595703125
0 0.625 0.4140625 0.03125 0.0595703125
0 0.6455078125 0.458984375 0.0185546875 0.0361328125
0 0.830078125 0.419921875 0.03125 0.0595703125
0 0.646484375 0.6689453125 0.0283203125 0.052734375
0 0.513671875 0.8076171875 0.0341796875 0.0703125
0 0.3154296875 0.78125 0.259765625 0.4375
0 0.3701171875 0.564453125 0.0283203125 0.052734375
0 0.318359375 0.494140625 0.03125 0.0595703125
0 0.310546875 0.798828125 0.177734375 0.326171875
0 0.265625 0.603515625 0.0283203125 0.048828125
0 0.1748046875 0.4111328125 0.0439453125 0.0830078125
0 0.091796875 0.42578125 0.021484375 0.0419921875
0 0.111328125 0.4619140625 0.03125 0.0595703125
0 0.1328125 0.423828125 0.041015625 0.09375
0 0.0810546875 0.568359375 0.041015625 0.0654296875
0 0.0888671875 0.642578125 0.037109375 0.076171875
0 0.033203125 0.73046875 0.0439453125 0.095703125
0 0.064453125 0.8427734375 0.0341796875 0.076171875
0 0.083984375 0.787109375 0.0283203125 0.0595703125
0 0.126953125 0.7958984375 0.037109375 0.0830078125
0 0.1875 0.7548828125 0.03125 0.0654296875
0 0.1533203125 0.8759765625 0.021484375 0.048828125
0 0.1640625 0.9853515625 0.037109375 0.029296875
0 0.2548828125 0.970703125 0.025390625 0.0419921875
0 0.4892578125 0.947265625 0.037109375 0.076171875
0 0.8330078125 0.896484375 0.03125 0.072265625
0 0.728515625 0.96484375 0.03125 0.0595703125
0 0.84375 0.9755859375 0.052734375 0.048828125
0 0.9814453125 0.845703125 0.03125 0.072265625