0 0.5380859375 0.2353515625 0.0439453125 0.0830078125
0 0.599609375 0.4404296875 0.0595703125 0.119140625
0 0.544921875 0.517578125 0.0517578125 0.1064453125
0 0.478515625 0.34375 0.080078125 0.154296875
0 0.4384765625 0.2529296875 0.078125 0.158203125
0 0.2939453125 0.2529296875 0.0498046875 0.0986328125
0 0.400390625 0.376953125 0.068359375 0.138671875
0 0.8154296875 0.2626953125 0.03125 0.0673828125
0 0.8212890625 0.4130859375 0.130859375 0.25
0 0.7900390625 0.63671875 0.111328125 0.208984375
0 0.771484375 0.7919921875 0.037109375 0.0673828125
0 0.92578125 0.865234375 0.046875 0.087890625
0 0.2744140625 0.15234375 0.0498046875 0.095703125
0 0.2314453125 0.064453125 0.0498046875 0.103515625
0 0.193359375 0.048828125 0.046875 0.09765625
0 0.1689453125 0.126953125 0.041015625 0.080078125
0 0.1943359375 0.2353515625 0.029296875 0.0595703125
0 0.1494140625 0.228515625 0.048828125 0.0908203125
0 0.052734375 0.115234375 0.03125 0.0595703125
0 0.0966796875 0.142578125 0.0732421875 0.138671875
0 0.19140625 0.4013671875 0.0673828125 0.130859375
0 0.197265625 0.30859375 0.03125 0.064453125
0 0.2275390625 0.4248046875 0.0185546875 0.0361328125
0 0.15234375 0.333984375 0.068359375 0.130859375
0 0.271484375 0.5 0.033203125 0.064453125
0 0.2587890625 0.458984375 0.0341796875 0.064453125
0 0.271484375 0.3759765625 0.087890625 0.166015625
0 0.166015625 0.5986328125 0.0751953125 0.150390625
0 0.068359375 0.486328125 0.0498046875 0.103515625
0 0.244140625 0.64453125 0.037109375 0.080078125
0 0.0087890625 0.4599609375 0.017578125 0.0751953125
0 0.0693359375 0.7587890625 0.0908203125 0.166015625
0 0.046875 0.80859375 0.0234375 0.041015625
0 0.333984375 0.1005859375 0.173828125 0.201171875
0 0.375 0.638671875 0.0625 0.111328125
0 0.265625 0.7431640625 0.0673828125 0.130859375
0 0.2470703125 0.8798828125 0.087890625 0.0986328125
0 0.490234375 0.650390625 0.09375 0.1826171875
0 0.6591796875 0.810546875 0.0654296875 0.119140625
0 0.6123046875 0.9072265625 0.0625 0.115234375
0 0.6669921875 0.9677734375 0.056640625 0.064453125
0 0.73046875 0.9150390625 0.0908203125 0.169921875
0 0.4755859375 0.7412109375 0.015625 0.03125
0 0.9130859375 0.5791015625 0.017578125 0.03125