0 0.1923828125 0.4453125 0.0439453125 0.0595703125
0 0.1318359375 0.580078125 0.076171875 0.107421875
0 0.7705078125 0.6796875 0.0732421875 0.095703125
0 0.7275390625 0.9580078125 0.099609375 0.083984375
0 0.939453125 0.9521484375 0.037109375 0.0517578125
0 0.119140625 0.9423828125 0.091796875 0.115234375
0 0.1533203125 0.263671875 0.083984375 0.107421875
0 0.1904296875 0.2412109375 0.03125 0.0419921875
0 0.029296875 0.224609375 0.0576171875 0.0810546875
0 0.443359375 0.125 0.0859375 0.103515625
0 0.4404296875 0.064453125 0.0908203125 0.0966796875
0 0.759765625 0.060546875 0.0888671875 0.1142578125
0 0.908203125 0.1328125 0.0986328125 0.130859375
0 0.955078125 0.3203125 0.0888671875 0.130859375
0 0.923828125 0.4755859375 0.099609375 0.130859375
0 0.603515625 0.86328125 0.1123046875 0.1357421875
0 0.587890625 0.8037109375 0.0986328125 0.1044921875
0 0.328125 0.654296875 0.064453125 0.103515625
0 0.3603515625 0.587890625 0.095703125 0.1015625
0 0.3896484375 0.6572265625 0.103515625 0.1357421875