0 0.509765625 0.224609375 0.037109375 0.0703125
0 0.5908203125 0.40625 0.0517578125 0.1015625
0 0.544921875 0.5009765625 0.0439453125 0.091796875
0 0.462890625 0.35546875 0.0673828125 0.134765625
0 0.416015625 0.28125 0.0654296875 0.1357421875
0 0.2734375 0.333984375 0.0419921875 0.083984375
0 0.3896484375 0.4150390625 0.0595703125 0.119140625
0 0.7861328125 0.1513671875 0.025390625 0.0576171875
0 0.8056640625 0.2998046875 0.1123046875 0.2138671875
0 0.798828125 0.52734375 0.09375 0.177734375
0 0.794921875 0.6875 0.033203125 0.0546875
0 0.955078125 0.705078125 0.0390625 0.0732421875
0 0.2421875 0.2412109375 0.0419921875 0.078125
0 0.1923828125 0.169921875 0.0419921875 0.087890625
0 0.15625 0.166015625 0.037109375 0.0859375
0 0.13671875 0.251953125 0.0361328125 0.0703125
0 0.1728515625 0.353515625 0.025390625 0.0517578125
0 0.1279296875 0.36328125 0.041015625 0.078125
0 0.021484375 0.2822265625 0.0263671875 0.0517578125
0 0.068359375 0.2958984375 0.0625 0.1171875
0 0.1865234375 0.513671875 0.0576171875 0.111328125
0 0.181640625 0.421875 0.0263671875 0.0546875
0 0.224609375 0.525390625 0.017578125 0.029296875
0 0.142578125 0.462890625 0.0595703125 0.1142578125
0 0.2744140625 0.583984375 0.0283203125 0.0546875
0 0.2587890625 0.5478515625 0.029296875 0.0517578125
0 0.2646484375 0.4609375 0.0751953125 0.140625
0 0.181640625 0.716796875 0.064453125 0.1279296875
0 0.0732421875 0.642578125 0.0419921875 0.0908203125
0 0.263671875 0.7333984375 0.033203125 0.0673828125
0 0.009765625 0.642578125 0.0185546875 0.0673828125
0 0.1025390625 0.912109375 0.076171875 0.140625
0 0.0849609375 0.96484375 0.0205078125 0.033203125
0 0.2919921875 0.123046875 0.1513671875 0.2451171875
0 0.3916015625 0.681640625 0.0546875 0.0908203125
0 0.294921875 0.8232421875 0.0546875 0.1142578125
0 0.2890625 0.9638671875 0.0830078125 0.072265625
0 0.50390625 0.6513671875 0.080078125 0.15625
0 0.6884765625 0.74609375 0.0546875 0.099609375
0 0.6513671875 0.859375 0.0546875 0.0986328125
0 0.712890625 0.921875 0.048828125 0.0888671875
0 0.767578125 0.826171875 0.0751953125 0.1435546875
0 0.7294921875 0.9814453125 0.048828125 0.037109375
0 0.501953125 0.744140625 0.0126953125 0.0263671875
0 0.9130859375 0.4287109375 0.013671875 0.0283203125