0 0.51171875 0.224609375 0.037109375 0.072265625
0 0.5908203125 0.4052734375 0.0517578125 0.103515625
0 0.5458984375 0.501953125 0.0439453125 0.0908203125
0 0.462890625 0.35546875 0.0673828125 0.134765625
0 0.416015625 0.279296875 0.064453125 0.134765625
0 0.2724609375 0.33203125 0.0419921875 0.0830078125
0 0.3896484375 0.4169921875 0.0595703125 0.119140625
0 0.78515625 0.154296875 0.025390625 0.0595703125
0 0.806640625 0.298828125 0.1123046875 0.212890625
0 0.7978515625 0.52734375 0.09375 0.177734375
0 0.7958984375 0.6875 0.0341796875 0.056640625
0 0.9541015625 0.705078125 0.041015625 0.0751953125
0 0.2431640625 0.2412109375 0.0419921875 0.078125
0 0.193359375 0.169921875 0.0419921875 0.087890625
0 0.1552734375 0.16796875 0.037109375 0.087890625
0 0.13671875 0.2529296875 0.0361328125 0.0703125
0 0.173828125 0.3515625 0.025390625 0.0517578125
0 0.12890625 0.361328125 0.041015625 0.080078125
0 0.021484375 0.2841796875 0.0283203125 0.0517578125
0 0.068359375 0.2958984375 0.0625 0.119140625
0 0.1875 0.515625 0.0595703125 0.111328125
0 0.18359375 0.4228515625 0.0283203125 0.0546875
0 0.224609375 0.525390625 0.017578125 0.03125
0 0.1416015625 0.462890625 0.060546875 0.115234375
0 0.275390625 0.5830078125 0.029296875 0.0546875
0 0.2587890625 0.5478515625 0.029296875 0.0517578125
0 0.263671875 0.4599609375 0.0751953125 0.138671875
0 0.181640625 0.716796875 0.0625 0.126953125
0 0.07421875 0.64453125 0.0419921875 0.0908203125
0 0.2646484375 0.732421875 0.03125 0.0673828125
0 0.009765625 0.640625 0.0185546875 0.0673828125
0 0.103515625 0.9091796875 0.0751953125 0.138671875
0 0.0869140625 0.966796875 0.021484375 0.03125
0 0.29296875 0.123046875 0.1533203125 0.2451171875
0 0.390625 0.681640625 0.0546875 0.0908203125
0 0.294921875 0.822265625 0.056640625 0.1142578125
0 0.2900390625 0.9638671875 0.083984375 0.072265625
0 0.50390625 0.65234375 0.080078125 0.158203125
0 0.6875 0.7470703125 0.0546875 0.0986328125
0 0.650390625 0.859375 0.0546875 0.0986328125
0 0.712890625 0.9208984375 0.048828125 0.0908203125
0 0.767578125 0.826171875 0.0751953125 0.142578125
0 0.7275390625 0.9814453125 0.048828125 0.037109375
0 0.5009765625 0.7470703125 0.0126953125 0.0283203125
0 0.9150390625 0.4267578125 0.015625 0.0283203125