0 0.1923828125 0.4453125 0.0419921875 0.0595703125
0 0.1318359375 0.580078125 0.076171875 0.1064453125
0 0.7705078125 0.6787109375 0.072265625 0.095703125
0 0.7275390625 0.9580078125 0.099609375 0.083984375
0 0.939453125 0.953125 0.037109375 0.0517578125
0 0.119140625 0.9423828125 0.091796875 0.115234375
0 0.1533203125 0.263671875 0.083984375 0.107421875
0 0.1904296875 0.240234375 0.03125 0.0419921875
0 0.029296875 0.2255859375 0.0576171875 0.0810546875
0 0.443359375 0.1259765625 0.0859375 0.103515625
0 0.4404296875 0.064453125 0.0908203125 0.0966796875
0 0.759765625 0.060546875 0.0908203125 0.1123046875
0 0.908203125 0.1318359375 0.0986328125 0.130859375
0 0.955078125 0.3203125 0.0888671875 0.130859375
0 0.923828125 0.4765625 0.0986328125 0.1328125
0 0.603515625 0.8642578125 0.1123046875 0.134765625
0 0.587890625 0.802734375 0.0986328125 0.1044921875
0 0.328125 0.654296875 0.064453125 0.1015625
0 0.361328125 0.587890625 0.095703125 0.1015625
0 0.3896484375 0.658203125 0.103515625 0.134765625