0 0.4990234375 0.224609375 0.041015625 0.0751953125
0 0.5869140625 0.3916015625 0.056640625 0.111328125
0 0.5458984375 0.494140625 0.046875 0.0986328125
0 0.4560546875 0.361328125 0.0732421875 0.146484375
0 0.4052734375 0.294921875 0.072265625 0.146484375
0 0.265625 0.3720703125 0.046875 0.0908203125
0 0.38671875 0.435546875 0.0654296875 0.126953125
0 0.7685546875 0.107421875 0.0283203125 0.064453125
0 0.7958984375 0.2490234375 0.1220703125 0.2294921875
0 0.798828125 0.478515625 0.103515625 0.193359375
0 0.802734375 0.638671875 0.0361328125 0.0595703125
0 0.962890625 0.630859375 0.0419921875 0.080078125
0 0.232421875 0.2841796875 0.046875 0.0859375
0 0.177734375 0.2236328125 0.046875 0.095703125
0 0.1416015625 0.224609375 0.0419921875 0.0908203125
0 0.126953125 0.314453125 0.041015625 0.0751953125
0 0.16796875 0.4052734375 0.0283203125 0.056640625
0 0.1240234375 0.4248046875 0.0439453125 0.0830078125
0 0.013671875 0.3623046875 0.0263671875 0.056640625
0 0.060546875 0.3681640625 0.0673828125 0.126953125
0 0.1884765625 0.5673828125 0.0625 0.119140625
0 0.1806640625 0.474609375 0.029296875 0.0595703125
0 0.2275390625 0.5712890625 0.017578125 0.03125
0 0.1416015625 0.521484375 0.0654296875 0.1220703125
0 0.279296875 0.6201171875 0.03125 0.0595703125
0 0.26171875 0.5869140625 0.03125 0.0546875
0 0.2626953125 0.498046875 0.0810546875 0.150390625
0 0.193359375 0.7685546875 0.068359375 0.1376953125
0 0.08203125 0.712890625 0.046875 0.0986328125
0 0.275390625 0.7724609375 0.0361328125 0.0703125
0 0.017578125 0.720703125 0.021484375 0.072265625
0 0.1240234375 0.9482421875 0.0810546875 0.103515625
0 0.27734375 0.158203125 0.162109375 0.2685546875
0 0.400390625 0.697265625 0.0595703125 0.0986328125
0 0.3095703125 0.85546875 0.060546875 0.123046875
0 0.310546875 0.9775390625 0.0859375 0.044921875
0 0.51171875 0.650390625 0.0859375 0.169921875
0 0.697265625 0.7158203125 0.0595703125 0.111328125
0 0.666015625 0.833984375 0.0595703125 0.107421875
0 0.732421875 0.8837890625 0.0517578125 0.095703125
0 0.7822265625 0.7802734375 0.0810546875 0.1533203125
0 0.7509765625 0.9404296875 0.0498046875 0.0439453125
0 0.5126953125 0.7451171875 0.015625 0.0283203125
0 0.9091796875 0.359375 0.015625 0.03125