0 0.1904296875 0.46875 0.044921875 0.0625
0 0.134765625 0.607421875 0.0810546875 0.1142578125
0 0.775390625 0.658203125 0.0751953125 0.099609375
0 0.744140625 0.939453125 0.1015625 0.0908203125
0 0.955078125 0.91796875 0.041015625 0.0546875
0 0.134765625 0.9541015625 0.09765625 0.091796875
0 0.14453125 0.2900390625 0.087890625 0.1142578125
0 0.181640625 0.2646484375 0.033203125 0.044921875
0 0.025390625 0.263671875 0.0498046875 0.0859375
0 0.4296875 0.1298828125 0.0888671875 0.111328125
0 0.4248046875 0.0693359375 0.09375 0.103515625
0 0.744140625 0.0498046875 0.09375 0.099609375
0 0.89453125 0.1015625 0.103515625 0.138671875
0 0.9482421875 0.28515625 0.09375 0.138671875
0 0.921875 0.443359375 0.103515625 0.138671875
0 0.615234375 0.8544921875 0.1171875 0.142578125
0 0.5986328125 0.796875 0.1015625 0.1123046875
0 0.333984375 0.6669921875 0.0673828125 0.1064453125
0 0.3642578125 0.599609375 0.0986328125 0.107421875
0 0.3955078125 0.6650390625 0.107421875 0.142578125