0 0.167708 0.124506 0.027083 0.043478
0 0.243750 0.646245 0.025000 0.043478
0 0.536458 0.235178 0.031250 0.043478
0 0.666667 0.978261 0.037500 0.035573
0 0.150000 0.233202 0.033333 0.055336
0 0.292708 0.252964 0.035417 0.063241
0 0.541667 0.517787 0.033333 0.063241
0 0.376042 0.636364 0.043750 0.071146
0 0.609375 0.909091 0.043750 0.071146
0 0.598958 0.440711 0.043750 0.075099
0 0.657292 0.808300 0.043750 0.083004
0 0.242708 0.893281 0.072917 0.063241
0 0.214583 0.065217 0.070833 0.067194
0 0.266667 0.743083 0.054167 0.086957
0 0.400000 0.375494 0.054167 0.094862
0 0.167708 0.600791 0.056250 0.102767
0 0.068750 0.760870 0.062500 0.106719
0 0.729167 0.916996 0.066667 0.118577
0 0.490625 0.654150 0.072917 0.122530
0 0.171875 0.359684 0.089583 0.150198
0 0.270833 0.411067 0.066667 0.197628
0 0.786458 0.634387 0.077083 0.146245
0 0.458333 0.300395 0.100000 0.197628
0 0.820833 0.411067 0.100000 0.181818
0 0.328125 0.088933 0.147917 0.177866
