0 0.121875 0.422925 0.031250 0.055336
0 0.729167 0.889328 0.033333 0.055336
0 0.264583 0.369565 0.029167 0.067194
0 0.542708 0.492095 0.035417 0.067194
0 0.159375 0.227273 0.068750 0.035573
0 0.397917 0.695652 0.041667 0.071146
0 0.663542 0.833992 0.043750 0.071146
0 0.694792 0.713439 0.043750 0.075099
0 0.584375 0.391304 0.043750 0.079051
0 0.309375 0.855731 0.052083 0.090909
0 0.385417 0.434783 0.050000 0.094862
0 0.121875 0.956522 0.064583 0.079051
0 0.192708 0.768775 0.056250 0.098814
0 0.778125 0.778656 0.064583 0.118577
0 0.509375 0.652174 0.068750 0.126482
0 0.165625 0.541502 0.097917 0.126482
0 0.260417 0.533597 0.066667 0.189723
0 0.794792 0.480237 0.081250 0.154150
0 0.429167 0.328063 0.104167 0.173913
0 0.792708 0.249012 0.097917 0.189723
0 0.272917 0.171937 0.133333 0.272727
