0 0.802734375 0.3974609375 0.046875 0.064453125
0 0.8720703125 0.5224609375 0.0859375 0.119140625
0 0.244140625 0.720703125 0.078125 0.1064453125
0 0.3037109375 0.9697265625 0.103515625 0.060546875
0 0.0947265625 0.9931640625 0.041015625 0.013671875
0 0.9091796875 0.880859375 0.1015625 0.130859375
0 0.828125 0.2109375 0.0908203125 0.1201171875
0 0.7890625 0.1953125 0.0341796875 0.046875
0 0.94921875 0.1552734375 0.064453125 0.0888671875
0 0.529296875 0.119140625 0.0908203125 0.1171875
0 0.5283203125 0.0576171875 0.0966796875 0.111328125
0 0.2099609375 0.1025390625 0.0966796875 0.126953125
0 0.0673828125 0.197265625 0.1064453125 0.1455078125
0 0.041015625 0.388671875 0.08203125 0.14453125
0 0.076171875 0.541015625 0.107421875 0.146484375
0 0.423828125 0.876953125 0.1201171875 0.1513671875
0 0.43359375 0.8154296875 0.1044921875 0.1201171875
0 0.681640625 0.626953125 0.072265625 0.111328125
0 0.6455078125 0.56640625 0.1015625 0.1142578125
0 0.62109375 0.638671875 0.1123046875 0.150390625