0 0.607421875 0.330078125 0.111328125 0.1328125
0 0.92578125 0.3359375 0.09375 0.107421875
0 0.5419921875 0.689453125 0.0625 0.0986328125
0 0.45703125 0.6533203125 0.169921875 0.203125
0 0.5146484375 0.7158203125 0.037109375 0.0517578125
0 0.2802734375 0.005859375 0.052734375 0.0107421875
0 0.55859375 0.0830078125 0.1484375 0.166015625
0 0.599609375 0.1357421875 0.0576171875 0.0751953125
0 0.5986328125 0.068359375 0.0341796875 0.0517578125
0 0.701171875 0.5791015625 0.1328125 0.1611328125
0 0.37109375 0.17578125 0.134765625 0.1611328125
0 0.419921875 0.2255859375 0.0419921875 0.0625
0 0.3876953125 0.1708984375 0.033203125 0.0439453125
0 0.783203125 0.59765625 0.025390625 0.041015625
0 0.220703125 0.8544921875 0.162109375 0.1904296875
0 0.2880859375 0.892578125 0.1748046875 0.1875
0 0.3056640625 0.865234375 0.0703125 0.0751953125
0 0.3193359375 0.876953125 0.0703125 0.115234375
0 0.189453125 0.916015625 0.087890625 0.1044921875
0 0.2041015625 0.9423828125 0.056640625 0.052734375
0 0.5400390625 0.681640625 0.0361328125 0.056640625