0 0.3876953125 0.3408203125 0.1142578125 0.142578125
0 0.0693359375 0.3759765625 0.0966796875 0.1142578125
0 0.4638671875 0.6943359375 0.064453125 0.103515625
0 0.5478515625 0.650390625 0.1748046875 0.216796875
0 0.4921875 0.716796875 0.0390625 0.056640625
0 0.4287109375 0.0888671875 0.1513671875 0.177734375
0 0.390625 0.146484375 0.0576171875 0.078125
0 0.388671875 0.078125 0.0341796875 0.0546875
0 0.302734375 0.5986328125 0.1376953125 0.171875
0 0.619140625 0.1640625 0.1376953125 0.171875
0 0.5712890625 0.2197265625 0.0439453125 0.064453125
0 0.603515625 0.1611328125 0.0341796875 0.046875
0 0.220703125 0.6240234375 0.0263671875 0.0419921875
0 0.7880859375 0.830078125 0.1669921875 0.203125
0 0.72265625 0.873046875 0.1796875 0.2001953125
0 0.705078125 0.8466796875 0.0732421875 0.0810546875
0 0.69140625 0.861328125 0.0751953125 0.1220703125
0 0.8232421875 0.8857421875 0.0908203125 0.1123046875
0 0.8095703125 0.9150390625 0.0576171875 0.0576171875
0 0.466796875 0.6865234375 0.037109375 0.0576171875