0 0.6005859375 0.31640625 0.1064453125 0.1201171875
0 0.9189453125 0.283203125 0.0908203125 0.095703125
0 0.548828125 0.685546875 0.0595703125 0.0908203125
0 0.462890625 0.658203125 0.1640625 0.1826171875
0 0.5224609375 0.712890625 0.0361328125 0.0498046875
0 0.259765625 0.017578125 0.05078125 0.03515625
0 0.1923828125 0.017578125 0.083984375 0.03515625
0 0.54296875 0.076171875 0.142578125 0.1484375
0 0.5849609375 0.1240234375 0.0546875 0.0673828125
0 0.5810546875 0.056640625 0.033203125 0.046875
0 0.703125 0.5546875 0.1279296875 0.146484375
0 0.359375 0.1923828125 0.1279296875 0.1455078125
0 0.4091796875 0.236328125 0.0390625 0.0576171875
0 0.3740234375 0.185546875 0.03125 0.041015625
0 0.7861328125 0.5634765625 0.0234375 0.0361328125
0 0.236328125 0.888671875 0.15625 0.171875
0 0.3037109375 0.9169921875 0.1689453125 0.166015625
0 0.3203125 0.8896484375 0.068359375 0.0673828125
0 0.3349609375 0.8994140625 0.0673828125 0.107421875
0 0.205078125 0.9521484375 0.0830078125 0.095703125
0 0.2216796875 0.9775390625 0.056640625 0.044921875
0 0.546875 0.6767578125 0.0341796875 0.0517578125